{
    "Tworld_goalstart": [
        [
            1.0, 
            -1.741317725643327e-17, 
            0.0, 
            0.0
        ], 
        [
            -1.741317725643327e-17, 
            1.0, 
            0.0, 
            0.0
        ], 
        [
            0.0, 
            0.0, 
            1.0, 
            0.0
        ], 
        [
            0.0, 
            0.0, 
            0.0, 
            1.0
        ]
    ], 
    "Teffectivestart_hoveringstart": [
        [
            1.0, 
            1.741317725643327e-17, 
            0.0, 
            -0.05
        ], 
        [
            1.741317725643327e-17, 
            1.0, 
            0.0, 
            -1.0478063978423929e-17
        ], 
        [
            0.0, 
            0.0, 
            1.0, 
            0.1
        ], 
        [
            0.0, 
            0.0, 
            0.0, 
            1.0
        ]
    ], 
    "hovering_end": [
        [
            -0.6374239897486894, 
            0.7705132427757895, 
            0.0, 
            0.03187119948743447
        ], 
        [
            -0.7705132427757895, 
            -0.6374239897486894, 
            0.0, 
            0.038525662138789475
        ], 
        [
            0.0, 
            0.0, 
            1.0, 
            0.0
        ], 
        [
            0.0, 
            0.0, 
            0.0, 
            1.0
        ]
    ], 
    "sample file path": "learned_samples/ur/simulator/pointcloud/pull/meiying_L_pull_tool/meiying_tool_target/sample/sample_10.txt", 
    "v_start_goal_frame": [
        -0.6374239897486894, 
        -0.7705132427757895, 
        0.0
    ], 
    "Teffectiveend_unhoveringend": [
        [
            1.0, 
            1.741317725643327e-17, 
            0.0, 
            0.0
        ], 
        [
            1.741317725643327e-17, 
            1.0, 
            0.0, 
            -9.416691018658708e-18
        ], 
        [
            0.0, 
            0.0, 
            1.0, 
            0.1
        ], 
        [
            0.0, 
            0.0, 
            0.0, 
            1.0
        ]
    ], 
    "task_type": "pose_change", 
    "goal": "meiying_tool_target", 
    "trajectory": [
        [
            [
                1.0, 
                1.741317725643327e-17, 
                0.0, 
                -1.1022218080216468e-34
            ], 
            [
                1.741317725643327e-17, 
                1.0, 
                0.0, 
                0.0
            ], 
            [
                0.0, 
                0.0, 
                1.0, 
                0.0
            ], 
            [
                0.0, 
                0.0, 
                0.0, 
                1.0
            ]
        ], 
        [
            [
                1.0, 
                1.741317725643327e-17, 
                0.0, 
                0.3
            ], 
            [
                1.741317725643327e-17, 
                1.0, 
                0.0, 
                -1.8833382037317416e-17
            ], 
            [
                0.0, 
                0.0, 
                1.0, 
                0.0
            ], 
            [
                0.0, 
                0.0, 
                0.0, 
                1.0
            ]
        ]
    ], 
    "tool_contact_area_index": [
        328, 
        1125, 
        1158, 
        1183, 
        1184, 
        1187, 
        1193, 
        1195, 
        1196, 
        1201, 
        1203, 
        1204, 
        1206, 
        1207, 
        1549, 
        2817, 
        2818, 
        2820, 
        2821, 
        2826, 
        2828, 
        3836, 
        3837, 
        4178, 
        4180, 
        4185, 
        4186, 
        6217, 
        6219, 
        6220, 
        7122, 
        7123, 
        7124, 
        7129, 
        7132, 
        8116, 
        8117, 
        8158, 
        8163
    ], 
    "v_start_world_frame": [
        -0.6374239897486894, 
        -0.7705132427757895, 
        0.0
    ], 
    "Ttool_goal": [
        [
            -0.6374239897486894, 
            -0.7705132427757895, 
            0.0, 
            0.0
        ], 
        [
            0.7705132427757895, 
            -0.6374239897486894, 
            0.0, 
            -9.416691018658708e-18
        ], 
        [
            0.0, 
            0.0, 
            1.0, 
            0.0
        ], 
        [
            0.0, 
            0.0, 
            0.0, 
            1.0
        ]
    ], 
    "tool_trajectory_world_frame": [
        [
            [
                -0.6374239897486894, 
                0.7705132427757895, 
                0.0, 
                0.03187119948743447
            ], 
            [
                -0.7705132427757895, 
                -0.6374239897486894, 
                0.0, 
                0.038525662138789475
            ], 
            [
                0.0, 
                0.0, 
                1.0, 
                0.1
            ], 
            [
                0.0, 
                0.0, 
                0.0, 
                1.0
            ]
        ], 
        [
            [
                -0.6374239897486894, 
                0.7705132427757895, 
                0.0, 
                0.03187119948743447
            ], 
            [
                -0.7705132427757895, 
                -0.6374239897486894, 
                0.0, 
                0.038525662138789475
            ], 
            [
                0.0, 
                0.0, 
                1.0, 
                0.0
            ], 
            [
                0.0, 
                0.0, 
                0.0, 
                1.0
            ]
        ], 
        [
            [
                -0.6374239897486894, 
                0.7705132427757895, 
                0.0, 
                -0.19122719692460682
            ], 
            [
                -0.7705132427757895, 
                -0.6374239897486894, 
                0.0, 
                -0.23115397283273684
            ], 
            [
                0.0, 
                0.0, 
                1.0, 
                0.0
            ], 
            [
                0.0, 
                0.0, 
                0.0, 
                1.0
            ]
        ], 
        [
            [
                -0.6374239897486894, 
                0.7705132427757895, 
                0.0, 
                -0.19122719692460682
            ], 
            [
                -0.7705132427757895, 
                -0.6374239897486894, 
                0.0, 
                -0.23115397283273684
            ], 
            [
                0.0, 
                0.0, 
                1.0, 
                0.1
            ], 
            [
                0.0, 
                0.0, 
                0.0, 
                1.0
            ]
        ]
    ], 
    "goal_contact_area_index": [
        4355, 
        4371, 
        4514, 
        4517, 
        4519, 
        4521, 
        4522, 
        4690, 
        4692, 
        4695, 
        4696, 
        4700, 
        4706, 
        4710, 
        4714, 
        4715, 
        4716, 
        4717, 
        4719, 
        4721, 
        4723, 
        4728, 
        4733, 
        4735, 
        4737, 
        4899, 
        4901, 
        4902, 
        4904, 
        4905, 
        4907, 
        4909, 
        4910, 
        4912, 
        4913, 
        4914, 
        4917, 
        4931, 
        5545, 
        5770, 
        5772, 
        5773, 
        5774, 
        5776, 
        5777, 
        6021, 
        6023, 
        6027, 
        6029, 
        6032, 
        6033, 
        6036, 
        6037, 
        6040, 
        6044, 
        6046
    ], 
    "changing_point": [
        1, 
        -2
    ], 
    "tool_trajectory_goal_frame": [
        [
            [
                -0.6374239897486894, 
                0.7705132427757895, 
                0.0, 
                0.03187119948743447
            ], 
            [
                -0.7705132427757895, 
                -0.6374239897486894, 
                0.0, 
                0.038525662138789475
            ], 
            [
                0.0, 
                0.0, 
                1.0, 
                0.1
            ], 
            [
                0.0, 
                0.0, 
                0.0, 
                1.0
            ]
        ], 
        [
            [
                -0.6374239897486894, 
                0.7705132427757895, 
                0.0, 
                0.03187119948743447
            ], 
            [
                -0.7705132427757895, 
                -0.6374239897486894, 
                0.0, 
                0.038525662138789475
            ], 
            [
                0.0, 
                0.0, 
                1.0, 
                0.0
            ], 
            [
                0.0, 
                0.0, 
                0.0, 
                1.0
            ]
        ], 
        [
            [
                -0.6374239897486894, 
                0.7705132427757895, 
                0.0, 
                -0.19122719692460682
            ], 
            [
                -0.7705132427757895, 
                -0.6374239897486894, 
                0.0, 
                -0.23115397283273684
            ], 
            [
                0.0, 
                0.0, 
                1.0, 
                0.0
            ], 
            [
                0.0, 
                0.0, 
                0.0, 
                1.0
            ]
        ], 
        [
            [
                -0.6374239897486894, 
                0.7705132427757895, 
                0.0, 
                -0.19122719692460682
            ], 
            [
                -0.7705132427757895, 
                -0.6374239897486894, 
                0.0, 
                -0.23115397283273684
            ], 
            [
                0.0, 
                0.0, 
                1.0, 
                0.1
            ], 
            [
                0.0, 
                0.0, 
                0.0, 
                1.0
            ]
        ]
    ], 
    "Teffectivestart_unhoveringstart": [
        [
            1.0, 
            1.741317725643327e-17, 
            0.0, 
            0.3
        ], 
        [
            1.741317725643327e-17, 
            1.0, 
            0.0, 
            -1.8833382037317416e-17
        ], 
        [
            0.0, 
            0.0, 
            1.0, 
            0.0
        ], 
        [
            0.0, 
            0.0, 
            0.0, 
            1.0
        ]
    ], 
    "raw sample file path": "learned_samples/ur/simulator/pointcloud/pull/meiying_L_pull_tool/meiying_tool_target/raw/raw_sample_10.txt", 
    "trajectory_thetas": [
        0.3
    ], 
    "tool": "meiying_L_pull_tool", 
    "Tworld_goalend": [
        [
            1.0, 
            -1.741317725643327e-17, 
            0.0, 
            -0.19122719692460682
        ], 
        [
            -1.741317725643327e-17, 
            1.0, 
            0.0, 
            -0.23115397283273684
        ], 
        [
            0.0, 
            0.0, 
            1.0, 
            0.0
        ], 
        [
            0.0, 
            0.0, 
            0.0, 
            1.0
        ]
    ], 
    "Tworld_toolend": [
        [
            -0.6374239897486894, 
            0.7705132427757895, 
            0.0, 
            -0.19122719692460682
        ], 
        [
            -0.7705132427757895, 
            -0.6374239897486894, 
            0.0, 
            -0.23115397283273684
        ], 
        [
            0.0, 
            0.0, 
            1.0, 
            0.0
        ], 
        [
            0.0, 
            0.0, 
            0.0, 
            1.0
        ]
    ], 
    "hovering_start": [
        [
            -0.6374239897486894, 
            0.7705132427757895, 
            0.0, 
            0.03187119948743447
        ], 
        [
            -0.7705132427757895, 
            -0.6374239897486894, 
            0.0, 
            0.038525662138789475
        ], 
        [
            0.0, 
            0.0, 
            1.0, 
            0.1
        ], 
        [
            0.0, 
            0.0, 
            0.0, 
            1.0
        ]
    ], 
    "v_start_tool_frame": [
        1.0, 
        -4.5364762867958115e-17, 
        0.0
    ], 
    "task": "pull", 
    "unhovering_start": [
        [
            -0.6374239897486894, 
            0.7705132427757895, 
            0.0, 
            -0.19122719692460682
        ], 
        [
            -0.7705132427757895, 
            -0.6374239897486894, 
            0.0, 
            -0.23115397283273684
        ], 
        [
            0.0, 
            0.0, 
            1.0, 
            0.0
        ], 
        [
            0.0, 
            0.0, 
            0.0, 
            1.0
        ]
    ], 
    "Teffectivestart_hoveringend": [
        [
            1.0, 
            1.741317725643327e-17, 
            0.0, 
            -0.05
        ], 
        [
            1.741317725643327e-17, 
            1.0, 
            0.0, 
            -1.0478063978423929e-17
        ], 
        [
            0.0, 
            0.0, 
            1.0, 
            0.0
        ], 
        [
            0.0, 
            0.0, 
            0.0, 
            1.0
        ]
    ], 
    "Tworld_toolstart": [
        [
            -0.6374239897486894, 
            0.7705132427757895, 
            0.0, 
            7.255685133004374e-18
        ], 
        [
            -0.7705132427757895, 
            -0.6374239897486894, 
            0.0, 
            -6.002424759344084e-18
        ], 
        [
            0.0, 
            0.0, 
            1.0, 
            0.0
        ], 
        [
            0.0, 
            0.0, 
            0.0, 
            1.0
        ]
    ], 
    "unhovering_end": [
        [
            -0.6374239897486894, 
            0.7705132427757895, 
            0.0, 
            -0.19122719692460682
        ], 
        [
            -0.7705132427757895, 
            -0.6374239897486894, 
            0.0, 
            -0.23115397283273684
        ], 
        [
            0.0, 
            0.0, 
            1.0, 
            0.1
        ], 
        [
            0.0, 
            0.0, 
            0.0, 
            1.0
        ]
    ], 
    "trajectory_screw_axes": [
        [
            -0.0, 
            -0.0, 
            -0.0, 
            -1.0, 
            4.5364762867958115e-17, 
            -0.0
        ]
    ]
}