{
    "Tworld_goalstart": [
        [
            0.9999999999999999, 
            -2.1735156603604546e-17, 
            0.0, 
            0.0
        ], 
        [
            -2.1735156603604546e-17, 
            0.9999999999999999, 
            0.0, 
            0.0
        ], 
        [
            0.0, 
            0.0, 
            1.0, 
            0.0
        ], 
        [
            0.0, 
            0.0, 
            0.0, 
            1.0
        ]
    ], 
    "Teffectivestart_hoveringstart": [
        [
            0.9999999999999997, 
            4.293852961930939e-17, 
            0.0, 
            -0.04999999999999999
        ], 
        [
            4.293852961930939e-17, 
            0.9999999999999997, 
            0.0, 
            -6.311625069060485e-19
        ], 
        [
            0.0, 
            0.0, 
            1.0, 
            0.1
        ], 
        [
            0.0, 
            0.0, 
            0.0, 
            1.0
        ]
    ], 
    "hovering_end": [
        [
            0.309016994374948, 
            -0.9510565162951532, 
            0.0, 
            -0.015450849718747401
        ], 
        [
            0.9510565162951532, 
            0.30901699437494806, 
            0.0, 
            -0.047552825814757664
        ], 
        [
            0.0, 
            0.0, 
            1.0, 
            0.0
        ], 
        [
            0.0, 
            0.0, 
            0.0, 
            1.0
        ]
    ], 
    "sample file path": "learned_samples/ur/simulator/pointcloud/pull/meiying_L_pull_tool/meiying_tool_target/sample/sample_21.txt", 
    "v_start_goal_frame": [
        0.3090169943749478, 
        0.951056516295153, 
        0.0
    ], 
    "Teffectiveend_unhoveringend": [
        [
            0.9999999999999997, 
            4.293852961930939e-17, 
            0.0, 
            0.0
        ], 
        [
            4.293852961930939e-17, 
            0.9999999999999997, 
            0.0, 
            -4.096841637976772e-18
        ], 
        [
            0.0, 
            0.0, 
            1.0, 
            0.1
        ], 
        [
            0.0, 
            0.0, 
            0.0, 
            1.0
        ]
    ], 
    "task_type": "pose_change", 
    "goal": "meiying_tool_target", 
    "trajectory": [
        [
            [
                0.9999999999999997, 
                4.293852961930939e-17, 
                0.0, 
                -3.882379627471243e-35
            ], 
            [
                4.293852961930939e-17, 
                0.9999999999999997, 
                0.0, 
                0.0
            ], 
            [
                0.0, 
                0.0, 
                1.0, 
                0.0
            ], 
            [
                0.0, 
                0.0, 
                0.0, 
                1.0
            ]
        ], 
        [
            [
                0.9999999999999997, 
                4.293852961930939e-17, 
                0.0, 
                0.6299999999999998
            ], 
            [
                4.293852961930939e-17, 
                0.9999999999999997, 
                0.0, 
                5.386967055522835e-17
            ], 
            [
                0.0, 
                0.0, 
                1.0, 
                0.0
            ], 
            [
                0.0, 
                0.0, 
                0.0, 
                1.0
            ]
        ]
    ], 
    "tool_contact_area_index": [
        328, 
        1187, 
        1188, 
        1193, 
        1194, 
        1200, 
        1311, 
        1312, 
        1549, 
        2818, 
        2821, 
        2826, 
        4059, 
        4060, 
        5184, 
        6215, 
        6219, 
        6220, 
        7118, 
        7122, 
        7123, 
        7124, 
        7128, 
        7130, 
        7132, 
        8116, 
        8117, 
        8156, 
        8157, 
        8158, 
        8161, 
        8163
    ], 
    "v_start_world_frame": [
        0.30901699437494784, 
        0.9510565162951531, 
        0.0
    ], 
    "Ttool_goal": [
        [
            0.309016994374948, 
            0.9510565162951532, 
            0.0, 
            0.0
        ], 
        [
            -0.9510565162951532, 
            0.30901699437494806, 
            0.0, 
            2.4553609619472965e-18
        ], 
        [
            0.0, 
            0.0, 
            1.0, 
            0.0
        ], 
        [
            0.0, 
            0.0, 
            0.0, 
            1.0
        ]
    ], 
    "tool_trajectory_world_frame": [
        [
            [
                0.30901699437494806, 
                -0.9510565162951533, 
                0.0, 
                -0.015450849718747404
            ], 
            [
                0.9510565162951533, 
                0.30901699437494806, 
                0.0, 
                -0.04755282581475767
            ], 
            [
                0.0, 
                0.0, 
                1.0, 
                0.1
            ], 
            [
                0.0, 
                0.0, 
                0.0, 
                1.0
            ]
        ], 
        [
            [
                0.30901699437494806, 
                -0.9510565162951533, 
                0.0, 
                -0.015450849718747404
            ], 
            [
                0.9510565162951533, 
                0.30901699437494806, 
                0.0, 
                -0.04755282581475767
            ], 
            [
                0.0, 
                0.0, 
                1.0, 
                0.0
            ], 
            [
                0.0, 
                0.0, 
                0.0, 
                1.0
            ]
        ], 
        [
            [
                0.30901699437494806, 
                -0.9510565162951533, 
                0.0, 
                0.19468070645621727
            ], 
            [
                0.9510565162951533, 
                0.30901699437494806, 
                0.0, 
                0.5991656052659466
            ], 
            [
                0.0, 
                0.0, 
                1.0, 
                0.0
            ], 
            [
                0.0, 
                0.0, 
                0.0, 
                1.0
            ]
        ], 
        [
            [
                0.30901699437494806, 
                -0.9510565162951533, 
                0.0, 
                0.19468070645621727
            ], 
            [
                0.9510565162951533, 
                0.30901699437494806, 
                0.0, 
                0.5991656052659466
            ], 
            [
                0.0, 
                0.0, 
                1.0, 
                0.1
            ], 
            [
                0.0, 
                0.0, 
                0.0, 
                1.0
            ]
        ]
    ], 
    "goal_contact_area_index": [
        4850, 
        4852, 
        4855, 
        4860, 
        4862, 
        4864, 
        4865, 
        4866, 
        4868, 
        4869, 
        4873, 
        5179, 
        5180, 
        5185, 
        5193, 
        9748, 
        9749, 
        9751, 
        9752, 
        9756, 
        9760, 
        9765, 
        9812, 
        9823, 
        9824, 
        9826, 
        9829, 
        9830, 
        9831, 
        9833
    ], 
    "changing_point": [
        1, 
        -2
    ], 
    "tool_trajectory_goal_frame": [
        [
            [
                0.309016994374948, 
                -0.9510565162951532, 
                0.0, 
                -0.015450849718747401
            ], 
            [
                0.9510565162951532, 
                0.30901699437494806, 
                0.0, 
                -0.047552825814757664
            ], 
            [
                0.0, 
                0.0, 
                1.0, 
                0.1
            ], 
            [
                0.0, 
                0.0, 
                0.0, 
                1.0
            ]
        ], 
        [
            [
                0.309016994374948, 
                -0.9510565162951532, 
                0.0, 
                -0.015450849718747401
            ], 
            [
                0.9510565162951532, 
                0.30901699437494806, 
                0.0, 
                -0.047552825814757664
            ], 
            [
                0.0, 
                0.0, 
                1.0, 
                0.0
            ], 
            [
                0.0, 
                0.0, 
                0.0, 
                1.0
            ]
        ], 
        [
            [
                0.309016994374948, 
                -0.9510565162951532, 
                0.0, 
                0.19468070645621724
            ], 
            [
                0.9510565162951532, 
                0.30901699437494806, 
                0.0, 
                0.5991656052659465
            ], 
            [
                0.0, 
                0.0, 
                1.0, 
                0.0
            ], 
            [
                0.0, 
                0.0, 
                0.0, 
                1.0
            ]
        ], 
        [
            [
                0.309016994374948, 
                -0.9510565162951532, 
                0.0, 
                0.19468070645621724
            ], 
            [
                0.9510565162951532, 
                0.30901699437494806, 
                0.0, 
                0.5991656052659465
            ], 
            [
                0.0, 
                0.0, 
                1.0, 
                0.1
            ], 
            [
                0.0, 
                0.0, 
                0.0, 
                1.0
            ]
        ]
    ], 
    "Teffectivestart_unhoveringstart": [
        [
            0.9999999999999997, 
            4.293852961930939e-17, 
            0.0, 
            0.6299999999999998
        ], 
        [
            4.293852961930939e-17, 
            0.9999999999999997, 
            0.0, 
            5.386967055522835e-17
        ], 
        [
            0.0, 
            0.0, 
            1.0, 
            0.0
        ], 
        [
            0.0, 
            0.0, 
            0.0, 
            1.0
        ]
    ], 
    "raw sample file path": "learned_samples/ur/simulator/pointcloud/pull/meiying_L_pull_tool/meiying_tool_target/raw/raw_sample_21.txt", 
    "trajectory_thetas": [
        0.6299999999999996
    ], 
    "tool": "meiying_L_pull_tool", 
    "Tworld_goalend": [
        [
            0.9999999999999999, 
            -2.1735156603604546e-17, 
            0.0, 
            0.19468070645621727
        ], 
        [
            -2.1735156603604546e-17, 
            0.9999999999999999, 
            0.0, 
            0.5991656052659466
        ], 
        [
            0.0, 
            0.0, 
            1.0, 
            0.0
        ], 
        [
            0.0, 
            0.0, 
            0.0, 
            1.0
        ]
    ], 
    "Tworld_toolend": [
        [
            0.30901699437494806, 
            -0.9510565162951533, 
            0.0, 
            0.19468070645621727
        ], 
        [
            0.9510565162951533, 
            0.30901699437494806, 
            0.0, 
            0.5991656052659466
        ], 
        [
            0.0, 
            0.0, 
            1.0, 
            0.0
        ], 
        [
            0.0, 
            0.0, 
            0.0, 
            1.0
        ]
    ], 
    "hovering_start": [
        [
            0.309016994374948, 
            -0.9510565162951532, 
            0.0, 
            -0.015450849718747401
        ], 
        [
            0.9510565162951532, 
            0.30901699437494806, 
            0.0, 
            -0.047552825814757664
        ], 
        [
            0.0, 
            0.0, 
            1.0, 
            0.1
        ], 
        [
            0.0, 
            0.0, 
            0.0, 
            1.0
        ]
    ], 
    "v_start_tool_frame": [
        1.0, 
        1.2844594319903697e-16, 
        0.0
    ], 
    "task": "pull", 
    "unhovering_start": [
        [
            0.309016994374948, 
            -0.9510565162951532, 
            0.0, 
            0.19468070645621724
        ], 
        [
            0.9510565162951532, 
            0.30901699437494806, 
            0.0, 
            0.5991656052659465
        ], 
        [
            0.0, 
            0.0, 
            1.0, 
            0.0
        ], 
        [
            0.0, 
            0.0, 
            0.0, 
            1.0
        ]
    ], 
    "Teffectivestart_hoveringend": [
        [
            0.9999999999999997, 
            4.293852961930939e-17, 
            0.0, 
            -0.04999999999999999
        ], 
        [
            4.293852961930939e-17, 
            0.9999999999999997, 
            0.0, 
            -6.311625069060485e-19
        ], 
        [
            0.0, 
            0.0, 
            1.0, 
            0.0
        ], 
        [
            0.0, 
            0.0, 
            0.0, 
            1.0
        ]
    ], 
    "Tworld_toolstart": [
        [
            0.30901699437494795, 
            -0.9510565162951531, 
            0.0, 
            2.3351870427167116e-18
        ], 
        [
            0.9510565162951531, 
            0.30901699437494806, 
            0.0, 
            -7.587482645665348e-19
        ], 
        [
            0.0, 
            0.0, 
            1.0, 
            0.0
        ], 
        [
            0.0, 
            0.0, 
            0.0, 
            1.0
        ]
    ], 
    "unhovering_end": [
        [
            0.309016994374948, 
            -0.9510565162951532, 
            0.0, 
            0.19468070645621724
        ], 
        [
            0.9510565162951532, 
            0.30901699437494806, 
            0.0, 
            0.5991656052659465
        ], 
        [
            0.0, 
            0.0, 
            1.0, 
            0.1
        ], 
        [
            0.0, 
            0.0, 
            0.0, 
            1.0
        ]
    ], 
    "trajectory_screw_axes": [
        [
            -0.0, 
            -0.0, 
            -0.0, 
            -1.0, 
            -1.2844594319903697e-16, 
            -0.0
        ]
    ]
}