{
    "Tworld_goalstart": [
        [
            0.9999999999999999, 
            -2.4936262275483086e-17, 
            0.0, 
            0.0
        ], 
        [
            -2.4936262275483086e-17, 
            0.9999999999999999, 
            0.0, 
            0.0
        ], 
        [
            0.0, 
            0.0, 
            1.0, 
            0.0
        ], 
        [
            0.0, 
            0.0, 
            0.0, 
            1.0
        ]
    ], 
    "Teffectivestart_hoveringstart": [
        [
            0.9999999999999996, 
            -2.0973206545520682e-17, 
            0.0, 
            -0.04999999999999998
        ], 
        [
            -2.0973206545520682e-17, 
            0.9999999999999996, 
            0.0, 
            8.374342920971755e-18
        ], 
        [
            0.0, 
            0.0, 
            1.0, 
            0.1
        ], 
        [
            0.0, 
            0.0, 
            0.0, 
            1.0
        ]
    ], 
    "hovering_end": [
        [
            0.7289686274214123, 
            -0.6845471059286875, 
            0.0, 
            -0.036448431371070615
        ], 
        [
            0.6845471059286875, 
            0.7289686274214123, 
            0.0, 
            -0.03422735529643438
        ], 
        [
            0.0, 
            0.0, 
            1.0, 
            0.0
        ], 
        [
            0.0, 
            0.0, 
            0.0, 
            1.0
        ]
    ], 
    "sample file path": "learned_samples/ur/simulator/pointcloud/pull/meiying_L_pull_tool/meiying_tool_target/sample/sample_23.txt", 
    "v_start_goal_frame": [
        0.7289686274214121, 
        0.6845471059286873, 
        0.0
    ], 
    "Teffectiveend_unhoveringend": [
        [
            0.9999999999999996, 
            -2.0973206545520682e-17, 
            0.0, 
            -1.1102230246251565e-16
        ], 
        [
            -2.0973206545520682e-17, 
            0.9999999999999996, 
            0.0, 
            -2.6657977860451445e-17
        ], 
        [
            0.0, 
            0.0, 
            1.0, 
            0.1
        ], 
        [
            0.0, 
            0.0, 
            0.0, 
            1.0
        ]
    ], 
    "task_type": "pose_change", 
    "goal": "meiying_tool_target", 
    "trajectory": [
        [
            [
                0.9999999999999996, 
                -2.0973206545520682e-17, 
                0.0, 
                -3.233268788794083e-34
            ], 
            [
                -2.0973206545520682e-17, 
                0.9999999999999996, 
                0.0, 
                -1.5407439555097887e-33
            ], 
            [
                0.0, 
                0.0, 
                1.0, 
                0.0
            ], 
            [
                0.0, 
                0.0, 
                0.0, 
                1.0
            ]
        ], 
        [
            [
                0.9999999999999996, 
                -2.0973206545520682e-17, 
                0.0, 
                0.6899999999999996
            ], 
            [
                -2.0973206545520682e-17, 
                0.9999999999999996, 
                0.0, 
                3.9589929131265165e-17
            ], 
            [
                0.0, 
                0.0, 
                1.0, 
                0.0
            ], 
            [
                0.0, 
                0.0, 
                0.0, 
                1.0
            ]
        ]
    ], 
    "tool_contact_area_index": [
        328, 
        454, 
        1195, 
        1196, 
        1200, 
        1201, 
        1202, 
        1203, 
        1204, 
        1549, 
        1979, 
        2691, 
        2818, 
        3836, 
        3837, 
        4178, 
        4185, 
        6215, 
        6220, 
        6326, 
        6329, 
        7115, 
        7116, 
        7117, 
        7118, 
        7122, 
        7123, 
        7124, 
        7128, 
        7131, 
        7132, 
        8116, 
        8117, 
        8155, 
        8156, 
        8157, 
        8158, 
        8161, 
        8163, 
        8819
    ], 
    "v_start_world_frame": [
        0.7289686274214122, 
        0.6845471059286874, 
        0.0
    ], 
    "Ttool_goal": [
        [
            0.7289686274214123, 
            0.6845471059286875, 
            0.0, 
            0.0
        ], 
        [
            -0.6845471059286875, 
            0.7289686274214123, 
            0.0, 
            1.073675576045879e-17
        ], 
        [
            0.0, 
            0.0, 
            1.0, 
            0.0
        ], 
        [
            0.0, 
            0.0, 
            0.0, 
            1.0
        ]
    ], 
    "tool_trajectory_world_frame": [
        [
            [
                0.7289686274214124, 
                -0.6845471059286876, 
                0.0, 
                -0.03644843137107062
            ], 
            [
                0.6845471059286876, 
                0.7289686274214124, 
                0.0, 
                -0.034227355296434385
            ], 
            [
                0.0, 
                0.0, 
                1.0, 
                0.1
            ], 
            [
                0.0, 
                0.0, 
                0.0, 
                1.0
            ]
        ], 
        [
            [
                0.7289686274214124, 
                -0.6845471059286876, 
                0.0, 
                -0.03644843137107062
            ], 
            [
                0.6845471059286876, 
                0.7289686274214124, 
                0.0, 
                -0.034227355296434385
            ], 
            [
                0.0, 
                0.0, 
                1.0, 
                0.0
            ], 
            [
                0.0, 
                0.0, 
                0.0, 
                1.0
            ]
        ], 
        [
            [
                0.7289686274214124, 
                -0.6845471059286876, 
                0.0, 
                0.5029883529207746
            ], 
            [
                0.6845471059286876, 
                0.7289686274214124, 
                0.0, 
                0.4723375030907944
            ], 
            [
                0.0, 
                0.0, 
                1.0, 
                0.0
            ], 
            [
                0.0, 
                0.0, 
                0.0, 
                1.0
            ]
        ], 
        [
            [
                0.7289686274214124, 
                -0.6845471059286876, 
                0.0, 
                0.5029883529207746
            ], 
            [
                0.6845471059286876, 
                0.7289686274214124, 
                0.0, 
                0.4723375030907944
            ], 
            [
                0.0, 
                0.0, 
                1.0, 
                0.1
            ], 
            [
                0.0, 
                0.0, 
                0.0, 
                1.0
            ]
        ]
    ], 
    "goal_contact_area_index": [
        9489, 
        9491, 
        9492, 
        9494, 
        9505, 
        9506, 
        9508, 
        9511, 
        9514, 
        9515, 
        9516, 
        9517, 
        9521, 
        9525, 
        9537, 
        9539, 
        9541, 
        9546, 
        9548, 
        9550, 
        9551, 
        9555, 
        9556, 
        9563, 
        9567, 
        9568, 
        9569, 
        9571, 
        9572, 
        9573, 
        9575, 
        9577, 
        9578, 
        9579, 
        9580, 
        9581, 
        9585, 
        9587, 
        9588, 
        9589, 
        9591, 
        9592, 
        9593, 
        9594, 
        9637, 
        9640, 
        9641, 
        9645, 
        9647, 
        9648, 
        9654, 
        9655, 
        9657, 
        9659, 
        9660, 
        9661, 
        9662, 
        9669, 
        9671, 
        9672, 
        9673, 
        9674, 
        9675, 
        9676, 
        9678, 
        9679, 
        9680, 
        9681, 
        9682, 
        9684, 
        9689, 
        9700, 
        9701, 
        9709, 
        9710, 
        9711, 
        9712, 
        9713, 
        9715, 
        9717, 
        9721, 
        9725, 
        9728, 
        9732, 
        9740, 
        9742, 
        9751, 
        9753, 
        9795, 
        9807, 
        9809, 
        9816, 
        9817
    ], 
    "changing_point": [
        1, 
        -2
    ], 
    "tool_trajectory_goal_frame": [
        [
            [
                0.7289686274214123, 
                -0.6845471059286875, 
                0.0, 
                -0.036448431371070615
            ], 
            [
                0.6845471059286875, 
                0.7289686274214123, 
                0.0, 
                -0.03422735529643438
            ], 
            [
                0.0, 
                0.0, 
                1.0, 
                0.1
            ], 
            [
                0.0, 
                0.0, 
                0.0, 
                1.0
            ]
        ], 
        [
            [
                0.7289686274214123, 
                -0.6845471059286875, 
                0.0, 
                -0.036448431371070615
            ], 
            [
                0.6845471059286875, 
                0.7289686274214123, 
                0.0, 
                -0.03422735529643438
            ], 
            [
                0.0, 
                0.0, 
                1.0, 
                0.0
            ], 
            [
                0.0, 
                0.0, 
                0.0, 
                1.0
            ]
        ], 
        [
            [
                0.7289686274214123, 
                -0.6845471059286875, 
                0.0, 
                0.5029883529207745
            ], 
            [
                0.6845471059286875, 
                0.7289686274214123, 
                0.0, 
                0.47233750309079436
            ], 
            [
                0.0, 
                0.0, 
                1.0, 
                0.0
            ], 
            [
                0.0, 
                0.0, 
                0.0, 
                1.0
            ]
        ], 
        [
            [
                0.7289686274214123, 
                -0.6845471059286875, 
                0.0, 
                0.5029883529207745
            ], 
            [
                0.6845471059286875, 
                0.7289686274214123, 
                0.0, 
                0.47233750309079436
            ], 
            [
                0.0, 
                0.0, 
                1.0, 
                0.1
            ], 
            [
                0.0, 
                0.0, 
                0.0, 
                1.0
            ]
        ]
    ], 
    "Teffectivestart_unhoveringstart": [
        [
            0.9999999999999996, 
            -2.0973206545520682e-17, 
            0.0, 
            0.6899999999999996
        ], 
        [
            -2.0973206545520682e-17, 
            0.9999999999999996, 
            0.0, 
            3.958992913126517e-17
        ], 
        [
            0.0, 
            0.0, 
            1.0, 
            0.0
        ], 
        [
            0.0, 
            0.0, 
            0.0, 
            1.0
        ]
    ], 
    "raw sample file path": "learned_samples/ur/simulator/pointcloud/pull/meiying_L_pull_tool/meiying_tool_target/raw/raw_sample_23.txt", 
    "trajectory_thetas": [
        0.6899999999999993
    ], 
    "tool": "meiying_L_pull_tool", 
    "Tworld_goalend": [
        [
            0.9999999999999999, 
            -2.4936262275483086e-17, 
            0.0, 
            0.5029883529207746
        ], 
        [
            -2.4936262275483086e-17, 
            0.9999999999999999, 
            0.0, 
            0.4723375030907944
        ], 
        [
            0.0, 
            0.0, 
            1.0, 
            0.0
        ], 
        [
            0.0, 
            0.0, 
            0.0, 
            1.0
        ]
    ], 
    "Tworld_toolend": [
        [
            0.7289686274214124, 
            -0.6845471059286876, 
            0.0, 
            0.5029883529207746
        ], 
        [
            0.6845471059286876, 
            0.7289686274214124, 
            0.0, 
            0.4723375030907944
        ], 
        [
            0.0, 
            0.0, 
            1.0, 
            0.0
        ], 
        [
            0.0, 
            0.0, 
            0.0, 
            1.0
        ]
    ], 
    "hovering_start": [
        [
            0.7289686274214123, 
            -0.6845471059286875, 
            0.0, 
            -0.036448431371070615
        ], 
        [
            0.6845471059286875, 
            0.7289686274214123, 
            0.0, 
            -0.03422735529643438
        ], 
        [
            0.0, 
            0.0, 
            1.0, 
            0.1
        ], 
        [
            0.0, 
            0.0, 
            0.0, 
            1.0
        ]
    ], 
    "v_start_tool_frame": [
        1.0, 
        3.6403502340370885e-17, 
        0.0
    ], 
    "task": "pull", 
    "unhovering_start": [
        [
            0.7289686274214123, 
            -0.6845471059286875, 
            0.0, 
            0.5029883529207745
        ], 
        [
            0.6845471059286875, 
            0.7289686274214123, 
            0.0, 
            0.47233750309079436
        ], 
        [
            0.0, 
            0.0, 
            1.0, 
            0.0
        ], 
        [
            0.0, 
            0.0, 
            0.0, 
            1.0
        ]
    ], 
    "Teffectivestart_hoveringend": [
        [
            0.9999999999999996, 
            -2.0973206545520682e-17, 
            0.0, 
            -0.04999999999999998
        ], 
        [
            -2.0973206545520682e-17, 
            0.9999999999999996, 
            0.0, 
            8.374342920971755e-18
        ], 
        [
            0.0, 
            0.0, 
            1.0, 
            0.0
        ], 
        [
            0.0, 
            0.0, 
            0.0, 
            1.0
        ]
    ], 
    "Tworld_toolstart": [
        [
            0.7289686274214122, 
            -0.6845471059286874, 
            0.0, 
            7.349815082885227e-18
        ], 
        [
            0.6845471059286874, 
            0.7289686274214122, 
            0.0, 
            -7.826758109660586e-18
        ], 
        [
            0.0, 
            0.0, 
            1.0, 
            0.0
        ], 
        [
            0.0, 
            0.0, 
            0.0, 
            1.0
        ]
    ], 
    "unhovering_end": [
        [
            0.7289686274214123, 
            -0.6845471059286875, 
            0.0, 
            0.5029883529207745
        ], 
        [
            0.6845471059286875, 
            0.7289686274214123, 
            0.0, 
            0.47233750309079436
        ], 
        [
            0.0, 
            0.0, 
            1.0, 
            0.1
        ], 
        [
            0.0, 
            0.0, 
            0.0, 
            1.0
        ]
    ], 
    "trajectory_screw_axes": [
        [
            -0.0, 
            -0.0, 
            -0.0, 
            -1.0, 
            -3.6403502340370885e-17, 
            -0.0
        ]
    ]
}