{
    "Tworld_goalstart": [
        [
            0.9999999999999999, 
            -6.531288339341493e-18, 
            0.0, 
            0.0
        ], 
        [
            -6.531288339341493e-18, 
            1.0, 
            0.0, 
            0.0
        ], 
        [
            0.0, 
            0.0, 
            1.0, 
            0.0
        ], 
        [
            0.0, 
            0.0, 
            0.0, 
            1.0
        ]
    ], 
    "Teffectivestart_hoveringstart": [
        [
            0.9999999999999998, 
            6.204243957059932e-17, 
            0.0, 
            -0.04999999999999999
        ], 
        [
            6.204243957059932e-17, 
            1.0, 
            0.0, 
            -1.2960631317194914e-17
        ], 
        [
            0.0, 
            0.0, 
            1.0, 
            0.1
        ], 
        [
            0.0, 
            0.0, 
            0.0, 
            1.0
        ]
    ], 
    "hovering_end": [
        [
            0.9685831611286315, 
            -0.24868988716485274, 
            0.0, 
            -0.048429158056431575
        ], 
        [
            0.24868988716485277, 
            0.9685831611286316, 
            0.0, 
            -0.01243449435824264
        ], 
        [
            0.0, 
            0.0, 
            1.0, 
            0.0
        ], 
        [
            0.0, 
            0.0, 
            0.0, 
            1.0
        ]
    ], 
    "sample file path": "learned_samples/ur/simulator/pointcloud/pull/meiying_L_pull_tool/meiying_tool_target/sample/sample_25.txt", 
    "v_start_goal_frame": [
        0.9685831611286313, 
        0.24868988716485288, 
        0.0
    ], 
    "Teffectiveend_unhoveringend": [
        [
            0.9999999999999998, 
            6.204243957059932e-17, 
            0.0, 
            0.0
        ], 
        [
            6.204243957059932e-17, 
            1.0, 
            0.0, 
            -9.197319665032911e-18
        ], 
        [
            0.0, 
            0.0, 
            1.0, 
            0.1
        ], 
        [
            0.0, 
            0.0, 
            0.0, 
            1.0
        ]
    ], 
    "task_type": "pose_change", 
    "goal": "meiying_tool_target", 
    "trajectory": [
        [
            [
                0.9999999999999998, 
                6.204243957059932e-17, 
                0.0, 
                -1.7758797839684313e-34
            ], 
            [
                6.204243957059932e-17, 
                1.0, 
                0.0, 
                0.0
            ], 
            [
                0.0, 
                0.0, 
                1.0, 
                0.0
            ], 
            [
                0.0, 
                0.0, 
                0.0, 
                1.0
            ]
        ], 
        [
            [
                0.9999999999999998, 
                6.204243957059932e-17, 
                0.0, 
                0.7499999999999999
            ], 
            [
                6.204243957059932e-17, 
                1.0, 
                0.0, 
                3.7116511901192005e-17
            ], 
            [
                0.0, 
                0.0, 
                1.0, 
                0.0
            ], 
            [
                0.0, 
                0.0, 
                0.0, 
                1.0
            ]
        ]
    ], 
    "tool_contact_area_index": [
        454, 
        2691, 
        2818, 
        2819, 
        2825, 
        2827, 
        3837, 
        4064, 
        6217, 
        6218, 
        6220, 
        7115, 
        7117, 
        7118, 
        7122, 
        7123, 
        7124, 
        8819, 
        8824
    ], 
    "v_start_world_frame": [
        0.9685831611286314, 
        0.24868988716485288, 
        0.0
    ], 
    "Ttool_goal": [
        [
            0.9685831611286315, 
            0.24868988716485277, 
            0.0, 
            0.0
        ], 
        [
            -0.24868988716485274, 
            0.9685831611286316, 
            0.0, 
            -9.197319665032911e-18
        ], 
        [
            0.0, 
            0.0, 
            1.0, 
            0.0
        ], 
        [
            0.0, 
            0.0, 
            0.0, 
            1.0
        ]
    ], 
    "tool_trajectory_world_frame": [
        [
            [
                0.9685831611286316, 
                -0.24868988716485277, 
                0.0, 
                -0.04842915805643158
            ], 
            [
                0.24868988716485277, 
                0.9685831611286316, 
                0.0, 
                -0.01243449435824264
            ], 
            [
                0.0, 
                0.0, 
                1.0, 
                0.1
            ], 
            [
                0.0, 
                0.0, 
                0.0, 
                1.0
            ]
        ], 
        [
            [
                0.9685831611286316, 
                -0.24868988716485277, 
                0.0, 
                -0.04842915805643158
            ], 
            [
                0.24868988716485277, 
                0.9685831611286316, 
                0.0, 
                -0.01243449435824264
            ], 
            [
                0.0, 
                0.0, 
                1.0, 
                0.0
            ], 
            [
                0.0, 
                0.0, 
                0.0, 
                1.0
            ]
        ], 
        [
            [
                0.9685831611286316, 
                -0.24868988716485277, 
                0.0, 
                0.7264373708464738
            ], 
            [
                0.24868988716485277, 
                0.9685831611286316, 
                0.0, 
                0.18651741537363958
            ], 
            [
                0.0, 
                0.0, 
                1.0, 
                0.0
            ], 
            [
                0.0, 
                0.0, 
                0.0, 
                1.0
            ]
        ], 
        [
            [
                0.9685831611286316, 
                -0.24868988716485277, 
                0.0, 
                0.7264373708464738
            ], 
            [
                0.24868988716485277, 
                0.9685831611286316, 
                0.0, 
                0.18651741537363958
            ], 
            [
                0.0, 
                0.0, 
                1.0, 
                0.1
            ], 
            [
                0.0, 
                0.0, 
                0.0, 
                1.0
            ]
        ]
    ], 
    "goal_contact_area_index": [
        9598, 
        9602, 
        9605, 
        9606, 
        9609, 
        9614, 
        9627, 
        9628, 
        9629, 
        9631, 
        9633, 
        9634, 
        9636, 
        9664, 
        9665, 
        9666, 
        9667, 
        9694, 
        9801, 
        9805
    ], 
    "changing_point": [
        1, 
        -2
    ], 
    "tool_trajectory_goal_frame": [
        [
            [
                0.9685831611286315, 
                -0.24868988716485274, 
                0.0, 
                -0.048429158056431575
            ], 
            [
                0.24868988716485277, 
                0.9685831611286316, 
                0.0, 
                -0.01243449435824264
            ], 
            [
                0.0, 
                0.0, 
                1.0, 
                0.1
            ], 
            [
                0.0, 
                0.0, 
                0.0, 
                1.0
            ]
        ], 
        [
            [
                0.9685831611286315, 
                -0.24868988716485274, 
                0.0, 
                -0.048429158056431575
            ], 
            [
                0.24868988716485277, 
                0.9685831611286316, 
                0.0, 
                -0.01243449435824264
            ], 
            [
                0.0, 
                0.0, 
                1.0, 
                0.0
            ], 
            [
                0.0, 
                0.0, 
                0.0, 
                1.0
            ]
        ], 
        [
            [
                0.9685831611286315, 
                -0.24868988716485274, 
                0.0, 
                0.7264373708464736
            ], 
            [
                0.24868988716485277, 
                0.9685831611286316, 
                0.0, 
                0.18651741537363958
            ], 
            [
                0.0, 
                0.0, 
                1.0, 
                0.0
            ], 
            [
                0.0, 
                0.0, 
                0.0, 
                1.0
            ]
        ], 
        [
            [
                0.9685831611286315, 
                -0.24868988716485274, 
                0.0, 
                0.7264373708464736
            ], 
            [
                0.24868988716485277, 
                0.9685831611286316, 
                0.0, 
                0.18651741537363958
            ], 
            [
                0.0, 
                0.0, 
                1.0, 
                0.1
            ], 
            [
                0.0, 
                0.0, 
                0.0, 
                1.0
            ]
        ]
    ], 
    "Teffectivestart_unhoveringstart": [
        [
            0.9999999999999998, 
            6.204243957059932e-17, 
            0.0, 
            0.7499999999999999
        ], 
        [
            6.204243957059932e-17, 
            1.0, 
            0.0, 
            3.7116511901192005e-17
        ], 
        [
            0.0, 
            0.0, 
            1.0, 
            0.0
        ], 
        [
            0.0, 
            0.0, 
            0.0, 
            1.0
        ]
    ], 
    "raw sample file path": "learned_samples/ur/simulator/pointcloud/pull/meiying_L_pull_tool/meiying_tool_target/raw/raw_sample_25.txt", 
    "trajectory_thetas": [
        0.7499999999999998
    ], 
    "tool": "meiying_L_pull_tool", 
    "Tworld_goalend": [
        [
            0.9999999999999999, 
            -6.531288339341493e-18, 
            0.0, 
            0.7264373708464738
        ], 
        [
            -6.531288339341493e-18, 
            1.0, 
            0.0, 
            0.18651741537363958
        ], 
        [
            0.0, 
            0.0, 
            1.0, 
            0.0
        ], 
        [
            0.0, 
            0.0, 
            0.0, 
            1.0
        ]
    ], 
    "Tworld_toolend": [
        [
            0.9685831611286316, 
            -0.24868988716485277, 
            0.0, 
            0.7264373708464738
        ], 
        [
            0.24868988716485277, 
            0.9685831611286316, 
            0.0, 
            0.18651741537363958
        ], 
        [
            0.0, 
            0.0, 
            1.0, 
            0.0
        ], 
        [
            0.0, 
            0.0, 
            0.0, 
            1.0
        ]
    ], 
    "hovering_start": [
        [
            0.9685831611286315, 
            -0.24868988716485274, 
            0.0, 
            -0.048429158056431575
        ], 
        [
            0.24868988716485277, 
            0.9685831611286316, 
            0.0, 
            -0.01243449435824264
        ], 
        [
            0.0, 
            0.0, 
            1.0, 
            0.1
        ], 
        [
            0.0, 
            0.0, 
            0.0, 
            1.0
        ]
    ], 
    "v_start_tool_frame": [
        1.0, 
        1.11531122105522e-16, 
        0.0
    ], 
    "task": "pull", 
    "unhovering_start": [
        [
            0.9685831611286315, 
            -0.24868988716485274, 
            0.0, 
            0.7264373708464736
        ], 
        [
            0.24868988716485277, 
            0.9685831611286316, 
            0.0, 
            0.18651741537363958
        ], 
        [
            0.0, 
            0.0, 
            1.0, 
            0.0
        ], 
        [
            0.0, 
            0.0, 
            0.0, 
            1.0
        ]
    ], 
    "Teffectivestart_hoveringend": [
        [
            0.9999999999999998, 
            6.204243957059932e-17, 
            0.0, 
            -0.04999999999999999
        ], 
        [
            6.204243957059932e-17, 
            1.0, 
            0.0, 
            -1.2960631317194914e-17
        ], 
        [
            0.0, 
            0.0, 
            1.0, 
            0.0
        ], 
        [
            0.0, 
            0.0, 
            0.0, 
            1.0
        ]
    ], 
    "Tworld_toolstart": [
        [
            0.9685831611286314, 
            -0.2486898871648527, 
            0.0, 
            -2.2872803897161154e-18
        ], 
        [
            0.24868988716485277, 
            0.9685831611286316, 
            0.0, 
            8.908368955068104e-18
        ], 
        [
            0.0, 
            0.0, 
            1.0, 
            0.0
        ], 
        [
            0.0, 
            0.0, 
            0.0, 
            1.0
        ]
    ], 
    "unhovering_end": [
        [
            0.9685831611286315, 
            -0.24868988716485274, 
            0.0, 
            0.7264373708464736
        ], 
        [
            0.24868988716485277, 
            0.9685831611286316, 
            0.0, 
            0.18651741537363958
        ], 
        [
            0.0, 
            0.0, 
            1.0, 
            0.1
        ], 
        [
            0.0, 
            0.0, 
            0.0, 
            1.0
        ]
    ], 
    "trajectory_screw_axes": [
        [
            -0.0, 
            -0.0, 
            -0.0, 
            -1.0, 
            -1.11531122105522e-16, 
            -0.0
        ]
    ]
}