{
    "Tworld_goalstart": [
        [
            1.0, 
            3.525493841940718e-18, 
            0.0, 
            0.0
        ], 
        [
            3.525493841940718e-18, 
            1.0, 
            0.0, 
            0.0
        ], 
        [
            0.0, 
            0.0, 
            1.0, 
            0.0
        ], 
        [
            0.0, 
            0.0, 
            0.0, 
            1.0
        ]
    ], 
    "Teffectivestart_hoveringstart": [
        [
            1.0, 
            -3.525493841940718e-18, 
            0.0, 
            -0.0499999999999999
        ], 
        [
            -3.525493841940718e-18, 
            1.0, 
            0.0, 
            9.186462680526076e-18
        ], 
        [
            0.0, 
            0.0, 
            1.0, 
            0.1
        ], 
        [
            0.0, 
            0.0, 
            0.0, 
            1.0
        ]
    ], 
    "hovering_end": [
        [
            0.8763066800438645, 
            -0.48175367410171377, 
            0.0, 
            -0.04381533400219323
        ], 
        [
            0.48175367410171377, 
            0.8763066800438645, 
            0.0, 
            -0.02408768370508569
        ], 
        [
            0.0, 
            0.0, 
            1.0, 
            0.0
        ], 
        [
            0.0, 
            0.0, 
            0.0, 
            1.0
        ]
    ], 
    "sample file path": "learned_samples/ur/simulator/pointcloud/pull/meiying_L_pull_tool/meiying_tool_target/sample/sample_24.txt", 
    "v_start_goal_frame": [
        0.8763066800438645, 
        0.48175367410171377, 
        0.0
    ], 
    "Teffectiveend_unhoveringend": [
        [
            1.0, 
            -3.525493841940718e-18, 
            0.0, 
            1.1102230246251565e-16
        ], 
        [
            -3.525493841940718e-18, 
            1.0, 
            0.0, 
            8.838529023669504e-18
        ], 
        [
            0.0, 
            0.0, 
            1.0, 
            0.1
        ], 
        [
            0.0, 
            0.0, 
            0.0, 
            1.0
        ]
    ], 
    "task_type": "pose_change", 
    "goal": "meiying_tool_target", 
    "trajectory": [
        [
            [
                1.0, 
                -3.525493841940718e-18, 
                0.0, 
                -2.465190328815662e-32
            ], 
            [
                -3.525493841940718e-18, 
                1.0, 
                0.0, 
                -3.0814879110195774e-33
            ], 
            [
                0.0, 
                0.0, 
                1.0, 
                0.0
            ], 
            [
                0.0, 
                0.0, 
                0.0, 
                1.0
            ]
        ], 
        [
            [
                1.0, 
                -3.525493841940718e-18, 
                0.0, 
                0.7200000000000002
            ], 
            [
                -3.525493841940718e-18, 
                1.0, 
                0.0, 
                1.767705804733901e-17
            ], 
            [
                0.0, 
                0.0, 
                1.0, 
                0.0
            ], 
            [
                0.0, 
                0.0, 
                0.0, 
                1.0
            ]
        ]
    ], 
    "tool_contact_area_index": [
        328, 
        454, 
        1187, 
        1188, 
        1193, 
        1200, 
        1202, 
        1549, 
        2691, 
        2817, 
        2818, 
        2829, 
        2834, 
        3836, 
        3837, 
        5182, 
        6218, 
        6219, 
        7115, 
        7116, 
        7117, 
        7118, 
        7122, 
        7123, 
        7124, 
        7128, 
        7130, 
        7131, 
        8116, 
        8117, 
        8155, 
        8158, 
        8161, 
        8163
    ], 
    "v_start_world_frame": [
        0.8763066800438645, 
        0.48175367410171377, 
        0.0
    ], 
    "Ttool_goal": [
        [
            0.8763066800438645, 
            0.48175367410171377, 
            0.0, 
            1.1102230246251565e-16
        ], 
        [
            -0.48175367410171377, 
            0.8763066800438645, 
            0.0, 
            8.838529023669504e-18
        ], 
        [
            0.0, 
            0.0, 
            1.0, 
            0.0
        ], 
        [
            0.0, 
            0.0, 
            0.0, 
            1.0
        ]
    ], 
    "tool_trajectory_world_frame": [
        [
            [
                0.8763066800438645, 
                -0.48175367410171377, 
                0.0, 
                -0.04381533400219323
            ], 
            [
                0.48175367410171377, 
                0.8763066800438645, 
                0.0, 
                -0.02408768370508569
            ], 
            [
                0.0, 
                0.0, 
                1.0, 
                0.1
            ], 
            [
                0.0, 
                0.0, 
                0.0, 
                1.0
            ]
        ], 
        [
            [
                0.8763066800438645, 
                -0.48175367410171377, 
                0.0, 
                -0.04381533400219323
            ], 
            [
                0.48175367410171377, 
                0.8763066800438645, 
                0.0, 
                -0.02408768370508569
            ], 
            [
                0.0, 
                0.0, 
                1.0, 
                0.0
            ], 
            [
                0.0, 
                0.0, 
                0.0, 
                1.0
            ]
        ], 
        [
            [
                0.8763066800438645, 
                -0.48175367410171377, 
                0.0, 
                0.6309408096315824
            ], 
            [
                0.48175367410171377, 
                0.8763066800438645, 
                0.0, 
                0.3468626453532339
            ], 
            [
                0.0, 
                0.0, 
                1.0, 
                0.0
            ], 
            [
                0.0, 
                0.0, 
                0.0, 
                1.0
            ]
        ], 
        [
            [
                0.8763066800438645, 
                -0.48175367410171377, 
                0.0, 
                0.6309408096315824
            ], 
            [
                0.48175367410171377, 
                0.8763066800438645, 
                0.0, 
                0.3468626453532339
            ], 
            [
                0.0, 
                0.0, 
                1.0, 
                0.1
            ], 
            [
                0.0, 
                0.0, 
                0.0, 
                1.0
            ]
        ]
    ], 
    "goal_contact_area_index": [
        9490, 
        9513, 
        9514, 
        9515, 
        9516, 
        9517, 
        9534, 
        9535, 
        9537, 
        9540, 
        9541, 
        9543, 
        9545, 
        9546, 
        9547, 
        9548, 
        9549, 
        9550, 
        9551, 
        9555, 
        9557, 
        9563, 
        9565, 
        9566, 
        9567, 
        9568, 
        9572, 
        9575, 
        9588, 
        9590, 
        9592, 
        9595, 
        9596, 
        9597, 
        9598, 
        9599, 
        9600, 
        9602, 
        9603, 
        9604, 
        9606, 
        9611, 
        9612, 
        9613, 
        9615, 
        9616, 
        9617, 
        9618, 
        9620, 
        9621, 
        9622, 
        9623, 
        9632, 
        9640, 
        9642, 
        9643, 
        9645, 
        9646, 
        9649, 
        9651, 
        9653, 
        9654, 
        9656, 
        9657, 
        9658, 
        9659, 
        9660, 
        9661, 
        9662, 
        9663, 
        9667, 
        9687, 
        9689, 
        9692, 
        9693, 
        9694, 
        9699, 
        9701, 
        9703, 
        9705, 
        9800, 
        9801, 
        9803, 
        9804
    ], 
    "changing_point": [
        1, 
        -2
    ], 
    "tool_trajectory_goal_frame": [
        [
            [
                0.8763066800438645, 
                -0.48175367410171377, 
                0.0, 
                -0.04381533400219323
            ], 
            [
                0.48175367410171377, 
                0.8763066800438645, 
                0.0, 
                -0.02408768370508569
            ], 
            [
                0.0, 
                0.0, 
                1.0, 
                0.1
            ], 
            [
                0.0, 
                0.0, 
                0.0, 
                1.0
            ]
        ], 
        [
            [
                0.8763066800438645, 
                -0.48175367410171377, 
                0.0, 
                -0.04381533400219323
            ], 
            [
                0.48175367410171377, 
                0.8763066800438645, 
                0.0, 
                -0.02408768370508569
            ], 
            [
                0.0, 
                0.0, 
                1.0, 
                0.0
            ], 
            [
                0.0, 
                0.0, 
                0.0, 
                1.0
            ]
        ], 
        [
            [
                0.8763066800438645, 
                -0.48175367410171377, 
                0.0, 
                0.6309408096315824
            ], 
            [
                0.48175367410171377, 
                0.8763066800438645, 
                0.0, 
                0.3468626453532339
            ], 
            [
                0.0, 
                0.0, 
                1.0, 
                0.0
            ], 
            [
                0.0, 
                0.0, 
                0.0, 
                1.0
            ]
        ], 
        [
            [
                0.8763066800438645, 
                -0.48175367410171377, 
                0.0, 
                0.6309408096315824
            ], 
            [
                0.48175367410171377, 
                0.8763066800438645, 
                0.0, 
                0.3468626453532339
            ], 
            [
                0.0, 
                0.0, 
                1.0, 
                0.1
            ], 
            [
                0.0, 
                0.0, 
                0.0, 
                1.0
            ]
        ]
    ], 
    "Teffectivestart_unhoveringstart": [
        [
            1.0, 
            -3.525493841940718e-18, 
            0.0, 
            0.7200000000000002
        ], 
        [
            -3.525493841940718e-18, 
            1.0, 
            0.0, 
            1.767705804733901e-17
        ], 
        [
            0.0, 
            0.0, 
            1.0, 
            0.0
        ], 
        [
            0.0, 
            0.0, 
            0.0, 
            1.0
        ]
    ], 
    "raw sample file path": "learned_samples/ur/simulator/pointcloud/pull/meiying_L_pull_tool/meiying_tool_target/raw/raw_sample_24.txt", 
    "trajectory_thetas": [
        0.7200000000000002
    ], 
    "tool": "meiying_L_pull_tool", 
    "Tworld_goalend": [
        [
            1.0, 
            3.525493841940718e-18, 
            0.0, 
            0.6309408096315824
        ], 
        [
            3.525493841940718e-18, 
            1.0, 
            0.0, 
            0.3468626453532339
        ], 
        [
            0.0, 
            0.0, 
            1.0, 
            0.0
        ], 
        [
            0.0, 
            0.0, 
            0.0, 
            1.0
        ]
    ], 
    "Tworld_toolend": [
        [
            0.8763066800438645, 
            -0.48175367410171377, 
            0.0, 
            0.6309408096315824
        ], 
        [
            0.48175367410171377, 
            0.8763066800438645, 
            0.0, 
            0.3468626453532339
        ], 
        [
            0.0, 
            0.0, 
            1.0, 
            0.0
        ], 
        [
            0.0, 
            0.0, 
            0.0, 
            1.0
        ]
    ], 
    "hovering_start": [
        [
            0.8763066800438645, 
            -0.48175367410171377, 
            0.0, 
            -0.04381533400219323
        ], 
        [
            0.48175367410171377, 
            0.8763066800438645, 
            0.0, 
            -0.02408768370508569
        ], 
        [
            0.0, 
            0.0, 
            1.0, 
            0.1
        ], 
        [
            0.0, 
            0.0, 
            0.0, 
            1.0
        ]
    ], 
    "v_start_tool_frame": [
        1.0, 
        2.102597566825235e-17, 
        0.0
    ], 
    "task": "pull", 
    "unhovering_start": [
        [
            0.8763066800438645, 
            -0.48175367410171377, 
            0.0, 
            0.6309408096315824
        ], 
        [
            0.48175367410171377, 
            0.8763066800438645, 
            0.0, 
            0.3468626453532339
        ], 
        [
            0.0, 
            0.0, 
            1.0, 
            0.0
        ], 
        [
            0.0, 
            0.0, 
            0.0, 
            1.0
        ]
    ], 
    "Teffectivestart_hoveringend": [
        [
            1.0, 
            -3.525493841940718e-18, 
            0.0, 
            -0.0499999999999999
        ], 
        [
            -3.525493841940718e-18, 
            1.0, 
            0.0, 
            9.186462680526076e-18
        ], 
        [
            0.0, 
            0.0, 
            1.0, 
            0.0
        ], 
        [
            0.0, 
            0.0, 
            0.0, 
            1.0
        ]
    ], 
    "Tworld_toolstart": [
        [
            0.8763066800438645, 
            -0.48175367410171377, 
            0.0, 
            -9.303159145094543e-17
        ], 
        [
            0.48175367410171377, 
            0.8763066800438645, 
            0.0, 
            -6.123066414375182e-17
        ], 
        [
            0.0, 
            0.0, 
            1.0, 
            0.0
        ], 
        [
            0.0, 
            0.0, 
            0.0, 
            1.0
        ]
    ], 
    "unhovering_end": [
        [
            0.8763066800438645, 
            -0.48175367410171377, 
            0.0, 
            0.6309408096315824
        ], 
        [
            0.48175367410171377, 
            0.8763066800438645, 
            0.0, 
            0.3468626453532339
        ], 
        [
            0.0, 
            0.0, 
            1.0, 
            0.1
        ], 
        [
            0.0, 
            0.0, 
            0.0, 
            1.0
        ]
    ], 
    "trajectory_screw_axes": [
        [
            -0.0, 
            -0.0, 
            -0.0, 
            -1.0, 
            -2.102597566825235e-17, 
            -0.0
        ]
    ]
}