{
    "Tworld_goalstart": [
        [
            1.0, 
            2.6868082853089192e-17, 
            0.0, 
            0.0
        ], 
        [
            2.6868082853089192e-17, 
            1.0, 
            0.0, 
            0.0
        ], 
        [
            0.0, 
            0.0, 
            1.0, 
            0.0
        ], 
        [
            0.0, 
            0.0, 
            0.0, 
            1.0
        ]
    ], 
    "Teffectivestart_hoveringstart": [
        [
            1.0, 
            -2.6868082853089192e-17, 
            0.0, 
            -0.05
        ], 
        [
            -2.6868082853089192e-17, 
            1.0, 
            0.0, 
            5.066040783556663e-18
        ], 
        [
            0.0, 
            0.0, 
            1.0, 
            0.1
        ], 
        [
            0.0, 
            0.0, 
            0.0, 
            1.0
        ]
    ], 
    "hovering_end": [
        [
            -0.9297764858882518, 
            -0.3681245526846771, 
            0.0, 
            0.04648882429441259
        ], 
        [
            0.3681245526846771, 
            -0.9297764858882518, 
            0.0, 
            -0.018406227634233854
        ], 
        [
            0.0, 
            0.0, 
            1.0, 
            0.0
        ], 
        [
            0.0, 
            0.0, 
            0.0, 
            1.0
        ]
    ], 
    "sample file path": "learned_samples/ur/simulator/pointcloud/pull/meiying_L_pull_tool/meiying_tool_target/sample/sample_15.txt", 
    "v_start_goal_frame": [
        -0.9297764858882518, 
        0.36812455268467714, 
        0.0
    ], 
    "Teffectiveend_unhoveringend": [
        [
            1.0, 
            -2.6868082853089192e-17, 
            0.0, 
            0.0
        ], 
        [
            -2.6868082853089192e-17, 
            1.0, 
            0.0, 
            4.3677986798948306e-18
        ], 
        [
            0.0, 
            0.0, 
            1.0, 
            0.1
        ], 
        [
            0.0, 
            0.0, 
            0.0, 
            1.0
        ]
    ], 
    "task_type": "pose_change", 
    "goal": "meiying_tool_target", 
    "trajectory": [
        [
            [
                1.0, 
                -2.6868082853089192e-17, 
                0.0, 
                7.903544974745387e-36
            ], 
            [
                -2.6868082853089192e-17, 
                1.0, 
                0.0, 
                -7.703719777548943e-34
            ], 
            [
                0.0, 
                0.0, 
                1.0, 
                0.0
            ], 
            [
                0.0, 
                0.0, 
                0.0, 
                1.0
            ]
        ], 
        [
            [
                1.0, 
                -2.6868082853089192e-17, 
                0.0, 
                0.44999999999999996
            ], 
            [
                -2.6868082853089192e-17, 
                1.0, 
                0.0, 
                -1.9019978255839252e-17
            ], 
            [
                0.0, 
                0.0, 
                1.0, 
                0.0
            ], 
            [
                0.0, 
                0.0, 
                0.0, 
                1.0
            ]
        ]
    ], 
    "tool_contact_area_index": [
        328, 
        454, 
        1148, 
        1183, 
        1187, 
        1198, 
        1200, 
        1201, 
        1202, 
        1205, 
        1549, 
        2691, 
        2817, 
        2818, 
        2820, 
        2825, 
        2827, 
        3836, 
        3837, 
        4178, 
        4179, 
        4185, 
        4186, 
        4992, 
        6215, 
        6217, 
        6219, 
        6220, 
        6325, 
        7111, 
        7113, 
        7118, 
        7128, 
        7129, 
        7130, 
        7131, 
        7132, 
        8117, 
        8156, 
        8157, 
        8161
    ], 
    "v_start_world_frame": [
        -0.9297764858882518, 
        0.36812455268467714, 
        0.0
    ], 
    "Ttool_goal": [
        [
            -0.9297764858882518, 
            0.3681245526846771, 
            0.0, 
            0.0
        ], 
        [
            -0.3681245526846771, 
            -0.9297764858882518, 
            0.0, 
            4.3677986798948306e-18
        ], 
        [
            0.0, 
            0.0, 
            1.0, 
            0.0
        ], 
        [
            0.0, 
            0.0, 
            0.0, 
            1.0
        ]
    ], 
    "tool_trajectory_world_frame": [
        [
            [
                -0.9297764858882518, 
                -0.3681245526846771, 
                0.0, 
                0.04648882429441259
            ], 
            [
                0.3681245526846771, 
                -0.9297764858882518, 
                0.0, 
                -0.018406227634233854
            ], 
            [
                0.0, 
                0.0, 
                1.0, 
                0.1
            ], 
            [
                0.0, 
                0.0, 
                0.0, 
                1.0
            ]
        ], 
        [
            [
                -0.9297764858882518, 
                -0.3681245526846771, 
                0.0, 
                0.04648882429441259
            ], 
            [
                0.3681245526846771, 
                -0.9297764858882518, 
                0.0, 
                -0.018406227634233854
            ], 
            [
                0.0, 
                0.0, 
                1.0, 
                0.0
            ], 
            [
                0.0, 
                0.0, 
                0.0, 
                1.0
            ]
        ], 
        [
            [
                -0.9297764858882518, 
                -0.3681245526846771, 
                0.0, 
                -0.41839941864971325
            ], 
            [
                0.3681245526846771, 
                -0.9297764858882518, 
                0.0, 
                0.1656560487081047
            ], 
            [
                0.0, 
                0.0, 
                1.0, 
                0.0
            ], 
            [
                0.0, 
                0.0, 
                0.0, 
                1.0
            ]
        ], 
        [
            [
                -0.9297764858882518, 
                -0.3681245526846771, 
                0.0, 
                -0.41839941864971325
            ], 
            [
                0.3681245526846771, 
                -0.9297764858882518, 
                0.0, 
                0.1656560487081047
            ], 
            [
                0.0, 
                0.0, 
                1.0, 
                0.1
            ], 
            [
                0.0, 
                0.0, 
                0.0, 
                1.0
            ]
        ]
    ], 
    "goal_contact_area_index": [
        4027, 
        4028, 
        4030, 
        4033, 
        4034, 
        4035, 
        4037, 
        4041, 
        4221, 
        4224, 
        4225, 
        4226, 
        4227, 
        4228, 
        4230, 
        4231, 
        4232, 
        4233, 
        4234, 
        4235, 
        4236, 
        4237, 
        4238, 
        4239, 
        4240, 
        4241, 
        4243, 
        4247, 
        4248, 
        4253, 
        4267, 
        4287, 
        4294, 
        4302, 
        4404, 
        4405, 
        4406, 
        4407, 
        4408, 
        5238, 
        5372, 
        5377, 
        5378, 
        5379, 
        5382, 
        5389, 
        5575, 
        5577, 
        5583, 
        5584, 
        5585, 
        5586, 
        5592, 
        5593, 
        5594, 
        6052, 
        6053, 
        6055, 
        6057, 
        6058, 
        6059, 
        6060, 
        6061, 
        6062, 
        6063, 
        6064, 
        6066
    ], 
    "changing_point": [
        1, 
        -2
    ], 
    "tool_trajectory_goal_frame": [
        [
            [
                -0.9297764858882518, 
                -0.3681245526846771, 
                0.0, 
                0.04648882429441259
            ], 
            [
                0.3681245526846771, 
                -0.9297764858882518, 
                0.0, 
                -0.018406227634233854
            ], 
            [
                0.0, 
                0.0, 
                1.0, 
                0.1
            ], 
            [
                0.0, 
                0.0, 
                0.0, 
                1.0
            ]
        ], 
        [
            [
                -0.9297764858882518, 
                -0.3681245526846771, 
                0.0, 
                0.04648882429441259
            ], 
            [
                0.3681245526846771, 
                -0.9297764858882518, 
                0.0, 
                -0.018406227634233854
            ], 
            [
                0.0, 
                0.0, 
                1.0, 
                0.0
            ], 
            [
                0.0, 
                0.0, 
                0.0, 
                1.0
            ]
        ], 
        [
            [
                -0.9297764858882518, 
                -0.3681245526846771, 
                0.0, 
                -0.41839941864971325
            ], 
            [
                0.3681245526846771, 
                -0.9297764858882518, 
                0.0, 
                0.1656560487081047
            ], 
            [
                0.0, 
                0.0, 
                1.0, 
                0.0
            ], 
            [
                0.0, 
                0.0, 
                0.0, 
                1.0
            ]
        ], 
        [
            [
                -0.9297764858882518, 
                -0.3681245526846771, 
                0.0, 
                -0.41839941864971325
            ], 
            [
                0.3681245526846771, 
                -0.9297764858882518, 
                0.0, 
                0.1656560487081047
            ], 
            [
                0.0, 
                0.0, 
                1.0, 
                0.1
            ], 
            [
                0.0, 
                0.0, 
                0.0, 
                1.0
            ]
        ]
    ], 
    "Teffectivestart_unhoveringstart": [
        [
            1.0, 
            -2.6868082853089192e-17, 
            0.0, 
            0.44999999999999996
        ], 
        [
            -2.6868082853089192e-17, 
            1.0, 
            0.0, 
            -1.9019978255839252e-17
        ], 
        [
            0.0, 
            0.0, 
            1.0, 
            0.0
        ], 
        [
            0.0, 
            0.0, 
            0.0, 
            1.0
        ]
    ], 
    "raw sample file path": "learned_samples/ur/simulator/pointcloud/pull/meiying_L_pull_tool/meiying_tool_target/raw/raw_sample_15.txt", 
    "trajectory_thetas": [
        0.44999999999999996
    ], 
    "tool": "meiying_L_pull_tool", 
    "Tworld_goalend": [
        [
            1.0, 
            2.6868082853089192e-17, 
            0.0, 
            -0.41839941864971325
        ], 
        [
            2.6868082853089192e-17, 
            1.0, 
            0.0, 
            0.1656560487081047
        ], 
        [
            0.0, 
            0.0, 
            1.0, 
            0.0
        ], 
        [
            0.0, 
            0.0, 
            0.0, 
            1.0
        ]
    ], 
    "Tworld_toolend": [
        [
            -0.9297764858882518, 
            -0.3681245526846771, 
            0.0, 
            -0.41839941864971325
        ], 
        [
            0.3681245526846771, 
            -0.9297764858882518, 
            0.0, 
            0.1656560487081047
        ], 
        [
            0.0, 
            0.0, 
            1.0, 
            0.0
        ], 
        [
            0.0, 
            0.0, 
            0.0, 
            1.0
        ]
    ], 
    "hovering_start": [
        [
            -0.9297764858882518, 
            -0.3681245526846771, 
            0.0, 
            0.04648882429441259
        ], 
        [
            0.3681245526846771, 
            -0.9297764858882518, 
            0.0, 
            -0.018406227634233854
        ], 
        [
            0.0, 
            0.0, 
            1.0, 
            0.1
        ], 
        [
            0.0, 
            0.0, 
            0.0, 
            1.0
        ]
    ], 
    "v_start_tool_frame": [
        1.0, 
        -6.913470119939865e-17, 
        0.0
    ], 
    "task": "pull", 
    "unhovering_start": [
        [
            -0.9297764858882518, 
            -0.3681245526846771, 
            0.0, 
            -0.41839941864971325
        ], 
        [
            0.3681245526846771, 
            -0.9297764858882518, 
            0.0, 
            0.1656560487081047
        ], 
        [
            0.0, 
            0.0, 
            1.0, 
            0.0
        ], 
        [
            0.0, 
            0.0, 
            0.0, 
            1.0
        ]
    ], 
    "Teffectivestart_hoveringend": [
        [
            1.0, 
            -2.6868082853089192e-17, 
            0.0, 
            -0.05
        ], 
        [
            -2.6868082853089192e-17, 
            1.0, 
            0.0, 
            5.066040783556663e-18
        ], 
        [
            0.0, 
            0.0, 
            1.0, 
            0.0
        ], 
        [
            0.0, 
            0.0, 
            0.0, 
            1.0
        ]
    ], 
    "Tworld_toolstart": [
        [
            -0.9297764858882518, 
            -0.3681245526846771, 
            0.0, 
            1.6078939352530078e-18
        ], 
        [
            0.3681245526846771, 
            -0.9297764858882518, 
            0.0, 
            4.061076507659961e-18
        ], 
        [
            0.0, 
            0.0, 
            1.0, 
            0.0
        ], 
        [
            0.0, 
            0.0, 
            0.0, 
            1.0
        ]
    ], 
    "unhovering_end": [
        [
            -0.9297764858882518, 
            -0.3681245526846771, 
            0.0, 
            -0.41839941864971325
        ], 
        [
            0.3681245526846771, 
            -0.9297764858882518, 
            0.0, 
            0.1656560487081047
        ], 
        [
            0.0, 
            0.0, 
            1.0, 
            0.1
        ], 
        [
            0.0, 
            0.0, 
            0.0, 
            1.0
        ]
    ], 
    "trajectory_screw_axes": [
        [
            -0.0, 
            -0.0, 
            -0.0, 
            -1.0, 
            6.913470119939865e-17, 
            -0.0
        ]
    ]
}