{
    "Tworld_goalstart": [
        [
            1.0, 
            -5.9838275342127266e-18, 
            0.0, 
            0.0
        ], 
        [
            -5.9838275342127266e-18, 
            1.0, 
            0.0, 
            0.0
        ], 
        [
            0.0, 
            0.0, 
            1.0, 
            0.0
        ], 
        [
            0.0, 
            0.0, 
            0.0, 
            1.0
        ]
    ], 
    "Teffectivestart_hoveringstart": [
        [
            1.0, 
            5.9838275342127266e-18, 
            0.0, 
            -0.05000000000000001
        ], 
        [
            5.9838275342127266e-18, 
            1.0, 
            0.0, 
            2.6541012412167874e-18
        ], 
        [
            0.0, 
            0.0, 
            1.0, 
            0.1
        ], 
        [
            0.0, 
            0.0, 
            0.0, 
            1.0
        ]
    ], 
    "hovering_end": [
        [
            -0.992114701314478, 
            -0.12533323356430343, 
            0.0, 
            0.049605735065723904
        ], 
        [
            0.12533323356430343, 
            -0.992114701314478, 
            0.0, 
            -0.006266661678215171
        ], 
        [
            0.0, 
            0.0, 
            1.0, 
            0.0
        ], 
        [
            0.0, 
            0.0, 
            0.0, 
            1.0
        ]
    ], 
    "sample file path": "learned_samples/ur/simulator/pointcloud/pull/meiying_L_pull_tool/meiying_tool_target/sample/sample_14.txt", 
    "v_start_goal_frame": [
        -0.992114701314478, 
        0.12533323356430343, 
        0.0
    ], 
    "Teffectiveend_unhoveringend": [
        [
            1.0, 
            5.9838275342127266e-18, 
            0.0, 
            0.0
        ], 
        [
            5.9838275342127266e-18, 
            1.0, 
            0.0, 
            2.779820270329743e-18
        ], 
        [
            0.0, 
            0.0, 
            1.0, 
            0.1
        ], 
        [
            0.0, 
            0.0, 
            0.0, 
            1.0
        ]
    ], 
    "task_type": "pose_change", 
    "goal": "meiying_tool_target", 
    "trajectory": [
        [
            [
                1.0, 
                5.9838275342127266e-18, 
                0.0, 
                -3.109844004725386e-36
            ], 
            [
                5.9838275342127266e-18, 
                1.0, 
                0.0, 
                3.851859888774472e-34
            ], 
            [
                0.0, 
                0.0, 
                1.0, 
                0.0
            ], 
            [
                0.0, 
                0.0, 
                0.0, 
                1.0
            ]
        ], 
        [
            [
                1.0, 
                5.9838275342127266e-18, 
                0.0, 
                0.42
            ], 
            [
                5.9838275342127266e-18, 
                1.0, 
                0.0, 
                -1.379253363247742e-18
            ], 
            [
                0.0, 
                0.0, 
                1.0, 
                0.0
            ], 
            [
                0.0, 
                0.0, 
                0.0, 
                1.0
            ]
        ]
    ], 
    "tool_contact_area_index": [
        325, 
        327, 
        328, 
        454, 
        1155, 
        1156, 
        1186, 
        1187, 
        1192, 
        1193, 
        1194, 
        1197, 
        1198, 
        1199, 
        1201, 
        1203, 
        1204, 
        1205, 
        1206, 
        1549, 
        2691, 
        2818, 
        2819, 
        2820, 
        2821, 
        2825, 
        3836, 
        3837, 
        4179, 
        4186, 
        6215, 
        6217, 
        6219, 
        6220, 
        6329, 
        7103, 
        7114, 
        7115, 
        7116, 
        7117, 
        7118, 
        7122, 
        7123, 
        7124, 
        7128, 
        7131, 
        8081, 
        8117
    ], 
    "v_start_world_frame": [
        -0.992114701314478, 
        0.12533323356430343, 
        0.0
    ], 
    "Ttool_goal": [
        [
            -0.992114701314478, 
            0.12533323356430343, 
            0.0, 
            0.0
        ], 
        [
            -0.12533323356430343, 
            -0.992114701314478, 
            0.0, 
            2.779820270329743e-18
        ], 
        [
            0.0, 
            0.0, 
            1.0, 
            0.0
        ], 
        [
            0.0, 
            0.0, 
            0.0, 
            1.0
        ]
    ], 
    "tool_trajectory_world_frame": [
        [
            [
                -0.992114701314478, 
                -0.12533323356430343, 
                0.0, 
                0.049605735065723904
            ], 
            [
                0.12533323356430343, 
                -0.992114701314478, 
                0.0, 
                -0.006266661678215171
            ], 
            [
                0.0, 
                0.0, 
                1.0, 
                0.1
            ], 
            [
                0.0, 
                0.0, 
                0.0, 
                1.0
            ]
        ], 
        [
            [
                -0.992114701314478, 
                -0.12533323356430343, 
                0.0, 
                0.049605735065723904
            ], 
            [
                0.12533323356430343, 
                -0.992114701314478, 
                0.0, 
                -0.006266661678215171
            ], 
            [
                0.0, 
                0.0, 
                1.0, 
                0.0
            ], 
            [
                0.0, 
                0.0, 
                0.0, 
                1.0
            ]
        ], 
        [
            [
                -0.992114701314478, 
                -0.12533323356430343, 
                0.0, 
                -0.41668817455208074
            ], 
            [
                0.12533323356430343, 
                -0.992114701314478, 
                0.0, 
                0.05263995809700744
            ], 
            [
                0.0, 
                0.0, 
                1.0, 
                0.0
            ], 
            [
                0.0, 
                0.0, 
                0.0, 
                1.0
            ]
        ], 
        [
            [
                -0.992114701314478, 
                -0.12533323356430343, 
                0.0, 
                -0.41668817455208074
            ], 
            [
                0.12533323356430343, 
                -0.992114701314478, 
                0.0, 
                0.05263995809700744
            ], 
            [
                0.0, 
                0.0, 
                1.0, 
                0.1
            ], 
            [
                0.0, 
                0.0, 
                0.0, 
                1.0
            ]
        ]
    ], 
    "goal_contact_area_index": [
        3553, 
        3835, 
        3836, 
        3838, 
        3840, 
        3841, 
        3842, 
        3843, 
        3845, 
        3846, 
        3847, 
        3848, 
        3849, 
        3850, 
        4021, 
        4022, 
        4023, 
        4025, 
        4208, 
        4209, 
        4212, 
        4215, 
        4217, 
        4218, 
        4220, 
        4228, 
        4231, 
        4401, 
        4402, 
        4403, 
        4548, 
        4550, 
        4551, 
        4554, 
        4557, 
        4558, 
        4571, 
        4573, 
        4958, 
        4959, 
        4960, 
        4963, 
        4964, 
        4965, 
        4966, 
        4967, 
        4968, 
        4969, 
        4970, 
        4971, 
        4973, 
        4974, 
        4975, 
        4976, 
        4977, 
        4978, 
        5122, 
        5126, 
        5235, 
        5355, 
        5356, 
        5358, 
        5359, 
        5363, 
        5365, 
        5369, 
        5570, 
        5574, 
        5575, 
        5576, 
        5577, 
        5579, 
        5580, 
        5582, 
        5584, 
        5585, 
        5586, 
        5590, 
        5592, 
        5800, 
        6066
    ], 
    "changing_point": [
        1, 
        -2
    ], 
    "tool_trajectory_goal_frame": [
        [
            [
                -0.992114701314478, 
                -0.12533323356430343, 
                0.0, 
                0.049605735065723904
            ], 
            [
                0.12533323356430343, 
                -0.992114701314478, 
                0.0, 
                -0.006266661678215171
            ], 
            [
                0.0, 
                0.0, 
                1.0, 
                0.1
            ], 
            [
                0.0, 
                0.0, 
                0.0, 
                1.0
            ]
        ], 
        [
            [
                -0.992114701314478, 
                -0.12533323356430343, 
                0.0, 
                0.049605735065723904
            ], 
            [
                0.12533323356430343, 
                -0.992114701314478, 
                0.0, 
                -0.006266661678215171
            ], 
            [
                0.0, 
                0.0, 
                1.0, 
                0.0
            ], 
            [
                0.0, 
                0.0, 
                0.0, 
                1.0
            ]
        ], 
        [
            [
                -0.992114701314478, 
                -0.12533323356430343, 
                0.0, 
                -0.41668817455208074
            ], 
            [
                0.12533323356430343, 
                -0.992114701314478, 
                0.0, 
                0.05263995809700744
            ], 
            [
                0.0, 
                0.0, 
                1.0, 
                0.0
            ], 
            [
                0.0, 
                0.0, 
                0.0, 
                1.0
            ]
        ], 
        [
            [
                -0.992114701314478, 
                -0.12533323356430343, 
                0.0, 
                -0.41668817455208074
            ], 
            [
                0.12533323356430343, 
                -0.992114701314478, 
                0.0, 
                0.05263995809700744
            ], 
            [
                0.0, 
                0.0, 
                1.0, 
                0.1
            ], 
            [
                0.0, 
                0.0, 
                0.0, 
                1.0
            ]
        ]
    ], 
    "Teffectivestart_unhoveringstart": [
        [
            1.0, 
            5.9838275342127266e-18, 
            0.0, 
            0.42
        ], 
        [
            5.9838275342127266e-18, 
            1.0, 
            0.0, 
            -1.3792533632477423e-18
        ], 
        [
            0.0, 
            0.0, 
            1.0, 
            0.0
        ], 
        [
            0.0, 
            0.0, 
            0.0, 
            1.0
        ]
    ], 
    "raw sample file path": "learned_samples/ur/simulator/pointcloud/pull/meiying_L_pull_tool/meiying_tool_target/raw/raw_sample_14.txt", 
    "trajectory_thetas": [
        0.42
    ], 
    "tool": "meiying_L_pull_tool", 
    "Tworld_goalend": [
        [
            1.0, 
            -5.9838275342127266e-18, 
            0.0, 
            -0.41668817455208074
        ], 
        [
            -5.9838275342127266e-18, 
            1.0, 
            0.0, 
            0.05263995809700744
        ], 
        [
            0.0, 
            0.0, 
            1.0, 
            0.0
        ], 
        [
            0.0, 
            0.0, 
            0.0, 
            1.0
        ]
    ], 
    "Tworld_toolend": [
        [
            -0.992114701314478, 
            -0.12533323356430343, 
            0.0, 
            -0.41668817455208074
        ], 
        [
            0.12533323356430343, 
            -0.992114701314478, 
            0.0, 
            0.05263995809700744
        ], 
        [
            0.0, 
            0.0, 
            1.0, 
            0.0
        ], 
        [
            0.0, 
            0.0, 
            0.0, 
            1.0
        ]
    ], 
    "hovering_start": [
        [
            -0.992114701314478, 
            -0.12533323356430343, 
            0.0, 
            0.049605735065723904
        ], 
        [
            0.12533323356430343, 
            -0.992114701314478, 
            0.0, 
            -0.006266661678215171
        ], 
        [
            0.0, 
            0.0, 
            1.0, 
            0.1
        ], 
        [
            0.0, 
            0.0, 
            0.0, 
            1.0
        ]
    ], 
    "v_start_tool_frame": [
        1.0, 
        2.699890955051435e-18, 
        0.0
    ], 
    "task": "pull", 
    "unhovering_start": [
        [
            -0.992114701314478, 
            -0.12533323356430343, 
            0.0, 
            -0.41668817455208074
        ], 
        [
            0.12533323356430343, 
            -0.992114701314478, 
            0.0, 
            0.05263995809700744
        ], 
        [
            0.0, 
            0.0, 
            1.0, 
            0.0
        ], 
        [
            0.0, 
            0.0, 
            0.0, 
            1.0
        ]
    ], 
    "Teffectivestart_hoveringend": [
        [
            1.0, 
            5.9838275342127266e-18, 
            0.0, 
            -0.05000000000000001
        ], 
        [
            5.9838275342127266e-18, 
            1.0, 
            0.0, 
            2.6541012412167874e-18
        ], 
        [
            0.0, 
            0.0, 
            1.0, 
            0.0
        ], 
        [
            0.0, 
            0.0, 
            0.0, 
            1.0
        ]
    ], 
    "Tworld_toolstart": [
        [
            -0.992114701314478, 
            -0.12533323356430343, 
            0.0, 
            3.484038632080228e-19
        ], 
        [
            0.12533323356430343, 
            -0.992114701314478, 
            0.0, 
            2.7579005572061243e-18
        ], 
        [
            0.0, 
            0.0, 
            1.0, 
            0.0
        ], 
        [
            0.0, 
            0.0, 
            0.0, 
            1.0
        ]
    ], 
    "unhovering_end": [
        [
            -0.992114701314478, 
            -0.12533323356430343, 
            0.0, 
            -0.41668817455208074
        ], 
        [
            0.12533323356430343, 
            -0.992114701314478, 
            0.0, 
            0.05263995809700744
        ], 
        [
            0.0, 
            0.0, 
            1.0, 
            0.1
        ], 
        [
            0.0, 
            0.0, 
            0.0, 
            1.0
        ]
    ], 
    "trajectory_screw_axes": [
        [
            -0.0, 
            -0.0, 
            -0.0, 
            -1.0, 
            -2.699890955051435e-18, 
            -0.0
        ]
    ]
}