{
    "Tworld_goalstart": [
        [
            1.0, 
            -1.3044087777174515e-17, 
            0.0, 
            0.0
        ], 
        [
            -1.3044087777174515e-17, 
            1.0, 
            0.0, 
            0.0
        ], 
        [
            0.0, 
            0.0, 
            1.0, 
            0.0
        ], 
        [
            0.0, 
            0.0, 
            0.0, 
            1.0
        ]
    ], 
    "Teffectivestart_hoveringstart": [
        [
            1.0, 
            1.3044087777174515e-17, 
            0.0, 
            -0.05
        ], 
        [
            1.3044087777174515e-17, 
            1.0, 
            0.0, 
            -8.988963563758568e-19
        ], 
        [
            0.0, 
            0.0, 
            1.0, 
            0.1
        ], 
        [
            0.0, 
            0.0, 
            0.0, 
            1.0
        ]
    ], 
    "hovering_end": [
        [
            0.8763066800438636, 
            0.4817536741017153, 
            0.0, 
            -0.04381533400219318
        ], 
        [
            -0.4817536741017153, 
            0.8763066800438636, 
            0.0, 
            0.024087683705085766
        ], 
        [
            0.0, 
            0.0, 
            1.0, 
            0.0
        ], 
        [
            0.0, 
            0.0, 
            0.0, 
            1.0
        ]
    ], 
    "sample file path": "learned_samples/ur/simulator/pointcloud/pull/meiying_L_pull_tool/meiying_tool_target/sample/sample_3.txt", 
    "v_start_goal_frame": [
        0.8763066800438636, 
        -0.4817536741017153, 
        0.0
    ], 
    "Teffectiveend_unhoveringend": [
        [
            1.0, 
            1.3044087777174515e-17, 
            0.0, 
            0.0
        ], 
        [
            1.3044087777174515e-17, 
            1.0, 
            0.0, 
            -9.405813579078539e-19
        ], 
        [
            0.0, 
            0.0, 
            1.0, 
            0.1
        ], 
        [
            0.0, 
            0.0, 
            0.0, 
            1.0
        ]
    ], 
    "task_type": "pose_change", 
    "goal": "meiying_tool_target", 
    "trajectory": [
        [
            [
                1.0, 
                1.3044087777174515e-17, 
                0.0, 
                6.806051621294129e-36
            ], 
            [
                1.3044087777174515e-17, 
                1.0, 
                0.0, 
                0.0
            ], 
            [
                0.0, 
                0.0, 
                1.0, 
                0.0
            ], 
            [
                0.0, 
                0.0, 
                0.0, 
                1.0
            ]
        ], 
        [
            [
                1.0, 
                1.3044087777174515e-17, 
                0.0, 
                0.09
            ], 
            [
                1.3044087777174515e-17, 
                1.0, 
                0.0, 
                -1.8811627158157077e-18
            ], 
            [
                0.0, 
                0.0, 
                1.0, 
                0.0
            ], 
            [
                0.0, 
                0.0, 
                0.0, 
                1.0
            ]
        ]
    ], 
    "tool_contact_area_index": [
        328, 
        1187, 
        1193, 
        1195, 
        1198, 
        1200, 
        1202, 
        1203, 
        1204, 
        1206, 
        1549, 
        2825, 
        4059, 
        4178, 
        4180, 
        4185, 
        4186, 
        6215, 
        8155, 
        8156, 
        8157, 
        8158, 
        8161, 
        8162, 
        8163, 
        8166
    ], 
    "v_start_world_frame": [
        0.8763066800438636, 
        -0.4817536741017153, 
        0.0
    ], 
    "Ttool_goal": [
        [
            0.8763066800438636, 
            -0.4817536741017153, 
            0.0, 
            0.0
        ], 
        [
            0.4817536741017153, 
            0.8763066800438636, 
            0.0, 
            -9.405813579078539e-19
        ], 
        [
            0.0, 
            0.0, 
            1.0, 
            0.0
        ], 
        [
            0.0, 
            0.0, 
            0.0, 
            1.0
        ]
    ], 
    "tool_trajectory_world_frame": [
        [
            [
                0.8763066800438636, 
                0.4817536741017153, 
                0.0, 
                -0.04381533400219318
            ], 
            [
                -0.4817536741017153, 
                0.8763066800438636, 
                0.0, 
                0.024087683705085766
            ], 
            [
                0.0, 
                0.0, 
                1.0, 
                0.1
            ], 
            [
                0.0, 
                0.0, 
                0.0, 
                1.0
            ]
        ], 
        [
            [
                0.8763066800438636, 
                0.4817536741017153, 
                0.0, 
                -0.04381533400219318
            ], 
            [
                -0.4817536741017153, 
                0.8763066800438636, 
                0.0, 
                0.024087683705085766
            ], 
            [
                0.0, 
                0.0, 
                1.0, 
                0.0
            ], 
            [
                0.0, 
                0.0, 
                0.0, 
                1.0
            ]
        ], 
        [
            [
                0.8763066800438636, 
                0.4817536741017153, 
                0.0, 
                0.07886760120394772
            ], 
            [
                -0.4817536741017153, 
                0.8763066800438636, 
                0.0, 
                -0.04335783066915438
            ], 
            [
                0.0, 
                0.0, 
                1.0, 
                0.0
            ], 
            [
                0.0, 
                0.0, 
                0.0, 
                1.0
            ]
        ], 
        [
            [
                0.8763066800438636, 
                0.4817536741017153, 
                0.0, 
                0.07886760120394772
            ], 
            [
                -0.4817536741017153, 
                0.8763066800438636, 
                0.0, 
                -0.04335783066915438
            ], 
            [
                0.0, 
                0.0, 
                1.0, 
                0.1
            ], 
            [
                0.0, 
                0.0, 
                0.0, 
                1.0
            ]
        ]
    ], 
    "goal_contact_area_index": [
        1937, 
        2238, 
        2240, 
        2242, 
        2246, 
        2797, 
        2798, 
        2800, 
        2801, 
        2802, 
        2803, 
        2804, 
        2807, 
        2808, 
        2811, 
        2814, 
        2817, 
        2818, 
        2819, 
        2820, 
        2822, 
        2829, 
        3038, 
        3040, 
        3044, 
        3046, 
        3048, 
        3049, 
        3050, 
        3051, 
        3054, 
        3418, 
        3419, 
        3420, 
        3421, 
        3422, 
        3426, 
        3692, 
        3693, 
        3697, 
        3698, 
        3978
    ], 
    "changing_point": [
        1, 
        -2
    ], 
    "tool_trajectory_goal_frame": [
        [
            [
                0.8763066800438636, 
                0.4817536741017153, 
                0.0, 
                -0.04381533400219318
            ], 
            [
                -0.4817536741017153, 
                0.8763066800438636, 
                0.0, 
                0.024087683705085766
            ], 
            [
                0.0, 
                0.0, 
                1.0, 
                0.1
            ], 
            [
                0.0, 
                0.0, 
                0.0, 
                1.0
            ]
        ], 
        [
            [
                0.8763066800438636, 
                0.4817536741017153, 
                0.0, 
                -0.04381533400219318
            ], 
            [
                -0.4817536741017153, 
                0.8763066800438636, 
                0.0, 
                0.024087683705085766
            ], 
            [
                0.0, 
                0.0, 
                1.0, 
                0.0
            ], 
            [
                0.0, 
                0.0, 
                0.0, 
                1.0
            ]
        ], 
        [
            [
                0.8763066800438636, 
                0.4817536741017153, 
                0.0, 
                0.07886760120394772
            ], 
            [
                -0.4817536741017153, 
                0.8763066800438636, 
                0.0, 
                -0.04335783066915438
            ], 
            [
                0.0, 
                0.0, 
                1.0, 
                0.0
            ], 
            [
                0.0, 
                0.0, 
                0.0, 
                1.0
            ]
        ], 
        [
            [
                0.8763066800438636, 
                0.4817536741017153, 
                0.0, 
                0.07886760120394772
            ], 
            [
                -0.4817536741017153, 
                0.8763066800438636, 
                0.0, 
                -0.04335783066915438
            ], 
            [
                0.0, 
                0.0, 
                1.0, 
                0.1
            ], 
            [
                0.0, 
                0.0, 
                0.0, 
                1.0
            ]
        ]
    ], 
    "Teffectivestart_unhoveringstart": [
        [
            1.0, 
            1.3044087777174515e-17, 
            0.0, 
            0.09
        ], 
        [
            1.3044087777174515e-17, 
            1.0, 
            0.0, 
            -1.8811627158157077e-18
        ], 
        [
            0.0, 
            0.0, 
            1.0, 
            0.0
        ], 
        [
            0.0, 
            0.0, 
            0.0, 
            1.0
        ]
    ], 
    "raw sample file path": "learned_samples/ur/simulator/pointcloud/pull/meiying_L_pull_tool/meiying_tool_target/raw/raw_sample_3.txt", 
    "trajectory_thetas": [
        0.09
    ], 
    "tool": "meiying_L_pull_tool", 
    "Tworld_goalend": [
        [
            1.0, 
            -1.3044087777174515e-17, 
            0.0, 
            0.07886760120394772
        ], 
        [
            -1.3044087777174515e-17, 
            1.0, 
            0.0, 
            -0.04335783066915438
        ], 
        [
            0.0, 
            0.0, 
            1.0, 
            0.0
        ], 
        [
            0.0, 
            0.0, 
            0.0, 
            1.0
        ]
    ], 
    "Tworld_toolend": [
        [
            0.8763066800438636, 
            0.4817536741017153, 
            0.0, 
            0.07886760120394772
        ], 
        [
            -0.4817536741017153, 
            0.8763066800438636, 
            0.0, 
            -0.04335783066915438
        ], 
        [
            0.0, 
            0.0, 
            1.0, 
            0.0
        ], 
        [
            0.0, 
            0.0, 
            0.0, 
            1.0
        ]
    ], 
    "hovering_start": [
        [
            0.8763066800438636, 
            0.4817536741017153, 
            0.0, 
            -0.04381533400219318
        ], 
        [
            -0.4817536741017153, 
            0.8763066800438636, 
            0.0, 
            0.024087683705085766
        ], 
        [
            0.0, 
            0.0, 
            1.0, 
            0.1
        ], 
        [
            0.0, 
            0.0, 
            0.0, 
            1.0
        ]
    ], 
    "v_start_tool_frame": [
        1.0, 
        -7.857720176333348e-18, 
        0.0
    ], 
    "task": "pull", 
    "unhovering_start": [
        [
            0.8763066800438636, 
            0.4817536741017153, 
            0.0, 
            0.07886760120394772
        ], 
        [
            -0.4817536741017153, 
            0.8763066800438636, 
            0.0, 
            -0.04335783066915438
        ], 
        [
            0.0, 
            0.0, 
            1.0, 
            0.0
        ], 
        [
            0.0, 
            0.0, 
            0.0, 
            1.0
        ]
    ], 
    "Teffectivestart_hoveringend": [
        [
            1.0, 
            1.3044087777174515e-17, 
            0.0, 
            -0.05
        ], 
        [
            1.3044087777174515e-17, 
            1.0, 
            0.0, 
            -8.988963563758568e-19
        ], 
        [
            0.0, 
            0.0, 
            1.0, 
            0.0
        ], 
        [
            0.0, 
            0.0, 
            0.0, 
            1.0
        ]
    ], 
    "Tworld_toolstart": [
        [
            0.8763066800438636, 
            0.4817536741017153, 
            0.0, 
            4.531285249636891e-19
        ], 
        [
            -0.4817536741017153, 
            0.8763066800438636, 
            0.0, 
            8.242377270593804e-19
        ], 
        [
            0.0, 
            0.0, 
            1.0, 
            0.0
        ], 
        [
            0.0, 
            0.0, 
            0.0, 
            1.0
        ]
    ], 
    "unhovering_end": [
        [
            0.8763066800438636, 
            0.4817536741017153, 
            0.0, 
            0.07886760120394772
        ], 
        [
            -0.4817536741017153, 
            0.8763066800438636, 
            0.0, 
            -0.04335783066915438
        ], 
        [
            0.0, 
            0.0, 
            1.0, 
            0.1
        ], 
        [
            0.0, 
            0.0, 
            0.0, 
            1.0
        ]
    ], 
    "trajectory_screw_axes": [
        [
            -0.0, 
            -0.0, 
            -0.0, 
            -1.0, 
            7.857720176333348e-18, 
            -0.0
        ]
    ]
}