{
    "Tworld_goalstart": [
        [
            1.0, 
            4.72344151588652e-18, 
            0.0, 
            0.0
        ], 
        [
            4.72344151588652e-18, 
            1.0, 
            0.0, 
            0.0
        ], 
        [
            0.0, 
            0.0, 
            1.0, 
            0.0
        ], 
        [
            0.0, 
            0.0, 
            0.0, 
            1.0
        ]
    ], 
    "Teffectivestart_hoveringstart": [
        [
            1.0, 
            -4.72344151588652e-18, 
            0.0, 
            -0.05
        ], 
        [
            -4.72344151588652e-18, 
            1.0, 
            0.0, 
            7.556359364841722e-19
        ], 
        [
            0.0, 
            0.0, 
            1.0, 
            0.1
        ], 
        [
            0.0, 
            0.0, 
            0.0, 
            1.0
        ]
    ], 
    "hovering_end": [
        [
            0.06279051952931353, 
            0.9980267284282716, 
            0.0, 
            -0.003139525976465676
        ], 
        [
            -0.9980267284282716, 
            0.06279051952931353, 
            0.0, 
            0.04990133642141358
        ], 
        [
            0.0, 
            0.0, 
            1.0, 
            0.0
        ], 
        [
            0.0, 
            0.0, 
            0.0, 
            1.0
        ]
    ], 
    "sample file path": "learned_samples/ur/simulator/pointcloud/pull/meiying_L_pull_tool/meiying_tool_target/sample/sample_7.txt", 
    "v_start_goal_frame": [
        0.06279051952931351, 
        -0.9980267284282716, 
        0.0
    ], 
    "Teffectiveend_unhoveringend": [
        [
            1.0, 
            -4.72344151588652e-18, 
            0.0, 
            0.0
        ], 
        [
            -4.72344151588652e-18, 
            1.0, 
            0.0, 
            2.580458087787734e-19
        ], 
        [
            0.0, 
            0.0, 
            1.0, 
            0.1
        ], 
        [
            0.0, 
            0.0, 
            0.0, 
            1.0
        ]
    ], 
    "task_type": "pose_change", 
    "goal": "meiying_tool_target", 
    "trajectory": [
        [
            [
                1.0, 
                -4.72344151588652e-18, 
                0.0, 
                -1.3769927579900574e-36
            ], 
            [
                -4.72344151588652e-18, 
                1.0, 
                0.0, 
                0.0
            ], 
            [
                0.0, 
                0.0, 
                1.0, 
                0.0
            ], 
            [
                0.0, 
                0.0, 
                0.0, 
                1.0
            ]
        ], 
        [
            [
                1.0, 
                -4.72344151588652e-18, 
                0.0, 
                0.21
            ], 
            [
                -4.72344151588652e-18, 
                1.0, 
                0.0, 
                -1.2186318584192603e-18
            ], 
            [
                0.0, 
                0.0, 
                1.0, 
                0.0
            ], 
            [
                0.0, 
                0.0, 
                0.0, 
                1.0
            ]
        ]
    ], 
    "tool_contact_area_index": [
        454, 
        1186, 
        1187, 
        1188, 
        1195, 
        1198, 
        1200, 
        1203, 
        1549, 
        2691, 
        2779, 
        2828, 
        3836, 
        3837, 
        4178, 
        6216, 
        6217, 
        6219, 
        6220, 
        7109, 
        7113, 
        7115, 
        7116, 
        7117, 
        7118, 
        7122, 
        7123, 
        7124, 
        7128, 
        7130, 
        8074, 
        8155, 
        8158, 
        8163, 
        8165
    ], 
    "v_start_world_frame": [
        0.06279051952931351, 
        -0.9980267284282716, 
        0.0
    ], 
    "Ttool_goal": [
        [
            0.06279051952931353, 
            -0.9980267284282716, 
            0.0, 
            0.0
        ], 
        [
            0.9980267284282716, 
            0.06279051952931353, 
            0.0, 
            2.580458087787734e-19
        ], 
        [
            0.0, 
            0.0, 
            1.0, 
            0.0
        ], 
        [
            0.0, 
            0.0, 
            0.0, 
            1.0
        ]
    ], 
    "tool_trajectory_world_frame": [
        [
            [
                0.06279051952931353, 
                0.9980267284282716, 
                0.0, 
                -0.0031395259764656763
            ], 
            [
                -0.9980267284282716, 
                0.06279051952931353, 
                0.0, 
                0.04990133642141358
            ], 
            [
                0.0, 
                0.0, 
                1.0, 
                0.1
            ], 
            [
                0.0, 
                0.0, 
                0.0, 
                1.0
            ]
        ], 
        [
            [
                0.06279051952931353, 
                0.9980267284282716, 
                0.0, 
                -0.0031395259764656763
            ], 
            [
                -0.9980267284282716, 
                0.06279051952931353, 
                0.0, 
                0.04990133642141358
            ], 
            [
                0.0, 
                0.0, 
                1.0, 
                0.0
            ], 
            [
                0.0, 
                0.0, 
                0.0, 
                1.0
            ]
        ], 
        [
            [
                0.06279051952931353, 
                0.9980267284282716, 
                0.0, 
                0.013186009101155841
            ], 
            [
                -0.9980267284282716, 
                0.06279051952931353, 
                0.0, 
                -0.20958561296993702
            ], 
            [
                0.0, 
                0.0, 
                1.0, 
                0.0
            ], 
            [
                0.0, 
                0.0, 
                0.0, 
                1.0
            ]
        ], 
        [
            [
                0.06279051952931353, 
                0.9980267284282716, 
                0.0, 
                0.013186009101155841
            ], 
            [
                -0.9980267284282716, 
                0.06279051952931353, 
                0.0, 
                -0.20958561296993702
            ], 
            [
                0.0, 
                0.0, 
                1.0, 
                0.1
            ], 
            [
                0.0, 
                0.0, 
                0.0, 
                1.0
            ]
        ]
    ], 
    "goal_contact_area_index": [
        2567, 
        2568, 
        2574, 
        3769, 
        3770, 
        3771, 
        3772, 
        3773, 
        3774, 
        3775, 
        3779, 
        3781, 
        3783, 
        3786, 
        3787, 
        3788, 
        3789, 
        3790, 
        3793, 
        3798, 
        3800, 
        3802, 
        3980, 
        3983, 
        3984, 
        3988, 
        3989, 
        3990, 
        3993, 
        3995, 
        3996, 
        3997, 
        3998, 
        4001, 
        4002, 
        4003, 
        4004, 
        4005, 
        4006, 
        4007, 
        4150, 
        4153, 
        4157, 
        4158, 
        4159, 
        4160, 
        4161, 
        4162, 
        4163, 
        4164, 
        4167, 
        4168, 
        4169, 
        4170, 
        4172, 
        4173, 
        4175, 
        4177, 
        4181, 
        4182, 
        4332
    ], 
    "changing_point": [
        1, 
        -2
    ], 
    "tool_trajectory_goal_frame": [
        [
            [
                0.06279051952931353, 
                0.9980267284282716, 
                0.0, 
                -0.003139525976465676
            ], 
            [
                -0.9980267284282716, 
                0.06279051952931353, 
                0.0, 
                0.04990133642141358
            ], 
            [
                0.0, 
                0.0, 
                1.0, 
                0.1
            ], 
            [
                0.0, 
                0.0, 
                0.0, 
                1.0
            ]
        ], 
        [
            [
                0.06279051952931353, 
                0.9980267284282716, 
                0.0, 
                -0.003139525976465676
            ], 
            [
                -0.9980267284282716, 
                0.06279051952931353, 
                0.0, 
                0.04990133642141358
            ], 
            [
                0.0, 
                0.0, 
                1.0, 
                0.0
            ], 
            [
                0.0, 
                0.0, 
                0.0, 
                1.0
            ]
        ], 
        [
            [
                0.06279051952931353, 
                0.9980267284282716, 
                0.0, 
                0.01318600910115584
            ], 
            [
                -0.9980267284282716, 
                0.06279051952931353, 
                0.0, 
                -0.20958561296993702
            ], 
            [
                0.0, 
                0.0, 
                1.0, 
                0.0
            ], 
            [
                0.0, 
                0.0, 
                0.0, 
                1.0
            ]
        ], 
        [
            [
                0.06279051952931353, 
                0.9980267284282716, 
                0.0, 
                0.01318600910115584
            ], 
            [
                -0.9980267284282716, 
                0.06279051952931353, 
                0.0, 
                -0.20958561296993702
            ], 
            [
                0.0, 
                0.0, 
                1.0, 
                0.1
            ], 
            [
                0.0, 
                0.0, 
                0.0, 
                1.0
            ]
        ]
    ], 
    "Teffectivestart_unhoveringstart": [
        [
            1.0, 
            -4.72344151588652e-18, 
            0.0, 
            0.21
        ], 
        [
            -4.72344151588652e-18, 
            1.0, 
            0.0, 
            -1.2186318584192603e-18
        ], 
        [
            0.0, 
            0.0, 
            1.0, 
            0.0
        ], 
        [
            0.0, 
            0.0, 
            0.0, 
            1.0
        ]
    ], 
    "raw sample file path": "learned_samples/ur/simulator/pointcloud/pull/meiying_L_pull_tool/meiying_tool_target/raw/raw_sample_7.txt", 
    "trajectory_thetas": [
        0.21
    ], 
    "tool": "meiying_L_pull_tool", 
    "Tworld_goalend": [
        [
            1.0, 
            4.72344151588652e-18, 
            0.0, 
            0.013186009101155841
        ], 
        [
            4.72344151588652e-18, 
            1.0, 
            0.0, 
            -0.20958561296993702
        ], 
        [
            0.0, 
            0.0, 
            1.0, 
            0.0
        ], 
        [
            0.0, 
            0.0, 
            0.0, 
            1.0
        ]
    ], 
    "Tworld_toolend": [
        [
            0.06279051952931353, 
            0.9980267284282716, 
            0.0, 
            0.013186009101155841
        ], 
        [
            -0.9980267284282716, 
            0.06279051952931353, 
            0.0, 
            -0.20958561296993702
        ], 
        [
            0.0, 
            0.0, 
            1.0, 
            0.0
        ], 
        [
            0.0, 
            0.0, 
            0.0, 
            1.0
        ]
    ], 
    "hovering_start": [
        [
            0.06279051952931353, 
            0.9980267284282716, 
            0.0, 
            -0.003139525976465676
        ], 
        [
            -0.9980267284282716, 
            0.06279051952931353, 
            0.0, 
            0.04990133642141358
        ], 
        [
            0.0, 
            0.0, 
            1.0, 
            0.1
        ], 
        [
            0.0, 
            0.0, 
            0.0, 
            1.0
        ]
    ], 
    "v_start_tool_frame": [
        1.0, 
        -1.0526450365502043e-17, 
        0.0
    ], 
    "task": "pull", 
    "unhovering_start": [
        [
            0.06279051952931353, 
            0.9980267284282716, 
            0.0, 
            0.01318600910115584
        ], 
        [
            -0.9980267284282716, 
            0.06279051952931353, 
            0.0, 
            -0.20958561296993702
        ], 
        [
            0.0, 
            0.0, 
            1.0, 
            0.0
        ], 
        [
            0.0, 
            0.0, 
            0.0, 
            1.0
        ]
    ], 
    "Teffectivestart_hoveringend": [
        [
            1.0, 
            -4.72344151588652e-18, 
            0.0, 
            -0.05
        ], 
        [
            -4.72344151588652e-18, 
            1.0, 
            0.0, 
            7.556359364841722e-19
        ], 
        [
            0.0, 
            0.0, 
            1.0, 
            0.0
        ], 
        [
            0.0, 
            0.0, 
            0.0, 
            1.0
        ]
    ], 
    "Tworld_toolstart": [
        [
            0.06279051952931353, 
            0.9980267284282716, 
            0.0, 
            -2.575366143201066e-19
        ], 
        [
            -0.9980267284282716, 
            0.06279051952931353, 
            0.0, 
            -1.6202830395581075e-20
        ], 
        [
            0.0, 
            0.0, 
            1.0, 
            0.0
        ], 
        [
            0.0, 
            0.0, 
            0.0, 
            1.0
        ]
    ], 
    "unhovering_end": [
        [
            0.06279051952931353, 
            0.9980267284282716, 
            0.0, 
            0.01318600910115584
        ], 
        [
            -0.9980267284282716, 
            0.06279051952931353, 
            0.0, 
            -0.20958561296993702
        ], 
        [
            0.0, 
            0.0, 
            1.0, 
            0.1
        ], 
        [
            0.0, 
            0.0, 
            0.0, 
            1.0
        ]
    ], 
    "trajectory_screw_axes": [
        [
            -0.0, 
            -0.0, 
            -0.0, 
            -1.0, 
            1.0526450365502043e-17, 
            -0.0
        ]
    ]
}