{
    "Tworld_goalstart": [
        [
            1.0, 
            1.568951857518983e-17, 
            0.0, 
            0.0
        ], 
        [
            1.568951857518983e-17, 
            1.0, 
            0.0, 
            0.0
        ], 
        [
            0.0, 
            0.0, 
            1.0, 
            0.0
        ], 
        [
            0.0, 
            0.0, 
            0.0, 
            1.0
        ]
    ], 
    "Teffectivestart_hoveringstart": [
        [
            1.0, 
            -1.568951857518983e-17, 
            0.0, 
            -0.05
        ], 
        [
            -1.568951857518983e-17, 
            1.0, 
            0.0, 
            -2.977653853983681e-18
        ], 
        [
            0.0, 
            0.0, 
            1.0, 
            0.1
        ], 
        [
            0.0, 
            0.0, 
            0.0, 
            1.0
        ]
    ], 
    "hovering_end": [
        [
            -0.8090169943749471, 
            0.5877852522924736, 
            0.0, 
            0.04045084971874736
        ], 
        [
            -0.5877852522924736, 
            -0.8090169943749471, 
            0.0, 
            0.02938926261462368
        ], 
        [
            0.0, 
            0.0, 
            1.0, 
            0.0
        ], 
        [
            0.0, 
            0.0, 
            0.0, 
            1.0
        ]
    ], 
    "sample file path": "learned_samples/ur/simulator/pointcloud/pull/meiying_L_pull_tool/meiying_tool_target/sample/sample_11.txt", 
    "v_start_goal_frame": [
        -0.8090169943749471, 
        -0.5877852522924736, 
        0.0
    ], 
    "Teffectiveend_unhoveringend": [
        [
            1.0, 
            -1.568951857518983e-17, 
            0.0, 
            0.0
        ], 
        [
            -1.568951857518983e-17, 
            1.0, 
            0.0, 
            -2.078024855615472e-18
        ], 
        [
            0.0, 
            0.0, 
            1.0, 
            0.1
        ], 
        [
            0.0, 
            0.0, 
            0.0, 
            1.0
        ]
    ], 
    "task_type": "pose_change", 
    "goal": "meiying_tool_target", 
    "trajectory": [
        [
            [
                1.0, 
                -1.568951857518983e-17, 
                0.0, 
                -2.999422283447856e-35
            ], 
            [
                -1.568951857518983e-17, 
                1.0, 
                0.0, 
                0.0
            ], 
            [
                0.0, 
                0.0, 
                1.0, 
                0.0
            ], 
            [
                0.0, 
                0.0, 
                0.0, 
                1.0
            ]
        ], 
        [
            [
                1.0, 
                -1.568951857518983e-17, 
                0.0, 
                0.32999999999999996
            ], 
            [
                -1.568951857518983e-17, 
                1.0, 
                0.0, 
                2.359952590439797e-17
            ], 
            [
                0.0, 
                0.0, 
                1.0, 
                0.0
            ], 
            [
                0.0, 
                0.0, 
                0.0, 
                1.0
            ]
        ]
    ], 
    "tool_contact_area_index": [
        328, 
        329, 
        454, 
        1146, 
        1187, 
        1188, 
        1192, 
        1200, 
        1202, 
        1204, 
        1205, 
        1549, 
        1996, 
        2691, 
        2817, 
        2818, 
        2819, 
        2823, 
        2824, 
        3836, 
        3837, 
        4178, 
        4179, 
        4180, 
        4185, 
        4186, 
        6218, 
        6219, 
        7114, 
        7118, 
        7122, 
        7123, 
        7128, 
        7131, 
        7132, 
        8155, 
        8156, 
        8157, 
        8165
    ], 
    "v_start_world_frame": [
        -0.8090169943749471, 
        -0.5877852522924736, 
        0.0
    ], 
    "Ttool_goal": [
        [
            -0.8090169943749471, 
            -0.5877852522924736, 
            0.0, 
            0.0
        ], 
        [
            0.5877852522924736, 
            -0.8090169943749471, 
            0.0, 
            -2.078024855615472e-18
        ], 
        [
            0.0, 
            0.0, 
            1.0, 
            0.0
        ], 
        [
            0.0, 
            0.0, 
            0.0, 
            1.0
        ]
    ], 
    "tool_trajectory_world_frame": [
        [
            [
                -0.8090169943749471, 
                0.5877852522924736, 
                0.0, 
                0.04045084971874736
            ], 
            [
                -0.5877852522924736, 
                -0.8090169943749471, 
                0.0, 
                0.02938926261462368
            ], 
            [
                0.0, 
                0.0, 
                1.0, 
                0.1
            ], 
            [
                0.0, 
                0.0, 
                0.0, 
                1.0
            ]
        ], 
        [
            [
                -0.8090169943749471, 
                0.5877852522924736, 
                0.0, 
                0.04045084971874736
            ], 
            [
                -0.5877852522924736, 
                -0.8090169943749471, 
                0.0, 
                0.02938926261462368
            ], 
            [
                0.0, 
                0.0, 
                1.0, 
                0.0
            ], 
            [
                0.0, 
                0.0, 
                0.0, 
                1.0
            ]
        ], 
        [
            [
                -0.8090169943749471, 
                0.5877852522924736, 
                0.0, 
                -0.2669756081437325
            ], 
            [
                -0.5877852522924736, 
                -0.8090169943749471, 
                0.0, 
                -0.19396913325651627
            ], 
            [
                0.0, 
                0.0, 
                1.0, 
                0.0
            ], 
            [
                0.0, 
                0.0, 
                0.0, 
                1.0
            ]
        ], 
        [
            [
                -0.8090169943749471, 
                0.5877852522924736, 
                0.0, 
                -0.2669756081437325
            ], 
            [
                -0.5877852522924736, 
                -0.8090169943749471, 
                0.0, 
                -0.19396913325651627
            ], 
            [
                0.0, 
                0.0, 
                1.0, 
                0.1
            ], 
            [
                0.0, 
                0.0, 
                0.0, 
                1.0
            ]
        ]
    ], 
    "goal_contact_area_index": [
        4184, 
        4348, 
        4355, 
        4356, 
        4357, 
        4358, 
        4363, 
        4367, 
        4370, 
        4371, 
        4516, 
        4518, 
        4524, 
        4714, 
        4716, 
        4718, 
        4719, 
        4720, 
        4721, 
        4722, 
        4723, 
        4734, 
        4738, 
        4740, 
        4741, 
        4746, 
        4755, 
        4758, 
        4795, 
        4942, 
        4945, 
        5550, 
        5768, 
        5769, 
        5770, 
        5773, 
        5776, 
        5777, 
        5778, 
        6023, 
        6024, 
        6025, 
        6026, 
        6028, 
        6029, 
        6034, 
        6035, 
        6038, 
        6039, 
        6042, 
        6043, 
        6045
    ], 
    "changing_point": [
        1, 
        -2
    ], 
    "tool_trajectory_goal_frame": [
        [
            [
                -0.8090169943749471, 
                0.5877852522924736, 
                0.0, 
                0.04045084971874736
            ], 
            [
                -0.5877852522924736, 
                -0.8090169943749471, 
                0.0, 
                0.02938926261462368
            ], 
            [
                0.0, 
                0.0, 
                1.0, 
                0.1
            ], 
            [
                0.0, 
                0.0, 
                0.0, 
                1.0
            ]
        ], 
        [
            [
                -0.8090169943749471, 
                0.5877852522924736, 
                0.0, 
                0.04045084971874736
            ], 
            [
                -0.5877852522924736, 
                -0.8090169943749471, 
                0.0, 
                0.02938926261462368
            ], 
            [
                0.0, 
                0.0, 
                1.0, 
                0.0
            ], 
            [
                0.0, 
                0.0, 
                0.0, 
                1.0
            ]
        ], 
        [
            [
                -0.8090169943749471, 
                0.5877852522924736, 
                0.0, 
                -0.2669756081437325
            ], 
            [
                -0.5877852522924736, 
                -0.8090169943749471, 
                0.0, 
                -0.19396913325651627
            ], 
            [
                0.0, 
                0.0, 
                1.0, 
                0.0
            ], 
            [
                0.0, 
                0.0, 
                0.0, 
                1.0
            ]
        ], 
        [
            [
                -0.8090169943749471, 
                0.5877852522924736, 
                0.0, 
                -0.2669756081437325
            ], 
            [
                -0.5877852522924736, 
                -0.8090169943749471, 
                0.0, 
                -0.19396913325651627
            ], 
            [
                0.0, 
                0.0, 
                1.0, 
                0.1
            ], 
            [
                0.0, 
                0.0, 
                0.0, 
                1.0
            ]
        ]
    ], 
    "Teffectivestart_unhoveringstart": [
        [
            1.0, 
            -1.568951857518983e-17, 
            0.0, 
            0.32999999999999996
        ], 
        [
            -1.568951857518983e-17, 
            1.0, 
            0.0, 
            2.359952590439797e-17
        ], 
        [
            0.0, 
            0.0, 
            1.0, 
            0.0
        ], 
        [
            0.0, 
            0.0, 
            0.0, 
            1.0
        ]
    ], 
    "raw sample file path": "learned_samples/ur/simulator/pointcloud/pull/meiying_L_pull_tool/meiying_tool_target/raw/raw_sample_11.txt", 
    "trajectory_thetas": [
        0.32999999999999996
    ], 
    "tool": "meiying_L_pull_tool", 
    "Tworld_goalend": [
        [
            1.0, 
            1.568951857518983e-17, 
            0.0, 
            -0.2669756081437325
        ], 
        [
            1.568951857518983e-17, 
            1.0, 
            0.0, 
            -0.19396913325651627
        ], 
        [
            0.0, 
            0.0, 
            1.0, 
            0.0
        ], 
        [
            0.0, 
            0.0, 
            0.0, 
            1.0
        ]
    ], 
    "Tworld_toolend": [
        [
            -0.8090169943749471, 
            0.5877852522924736, 
            0.0, 
            -0.2669756081437325
        ], 
        [
            -0.5877852522924736, 
            -0.8090169943749471, 
            0.0, 
            -0.19396913325651627
        ], 
        [
            0.0, 
            0.0, 
            1.0, 
            0.0
        ], 
        [
            0.0, 
            0.0, 
            0.0, 
            1.0
        ]
    ], 
    "hovering_start": [
        [
            -0.8090169943749471, 
            0.5877852522924736, 
            0.0, 
            0.04045084971874736
        ], 
        [
            -0.5877852522924736, 
            -0.8090169943749471, 
            0.0, 
            0.02938926261462368
        ], 
        [
            0.0, 
            0.0, 
            1.0, 
            0.1
        ], 
        [
            0.0, 
            0.0, 
            0.0, 
            1.0
        ]
    ], 
    "v_start_tool_frame": [
        1.0, 
        5.58241962866222e-17, 
        0.0
    ], 
    "task": "pull", 
    "unhovering_start": [
        [
            -0.8090169943749471, 
            0.5877852522924736, 
            0.0, 
            -0.2669756081437325
        ], 
        [
            -0.5877852522924736, 
            -0.8090169943749471, 
            0.0, 
            -0.19396913325651627
        ], 
        [
            0.0, 
            0.0, 
            1.0, 
            0.0
        ], 
        [
            0.0, 
            0.0, 
            0.0, 
            1.0
        ]
    ], 
    "Teffectivestart_hoveringend": [
        [
            1.0, 
            -1.568951857518983e-17, 
            0.0, 
            -0.05
        ], 
        [
            -1.568951857518983e-17, 
            1.0, 
            0.0, 
            -2.977653853983681e-18
        ], 
        [
            0.0, 
            0.0, 
            1.0, 
            0.0
        ], 
        [
            0.0, 
            0.0, 
            0.0, 
            1.0
        ]
    ], 
    "Tworld_toolstart": [
        [
            -0.8090169943749471, 
            0.5877852522924736, 
            0.0, 
            1.2214323640279712e-18
        ], 
        [
            -0.5877852522924736, 
            -0.8090169943749471, 
            0.0, 
            -1.6811574229264625e-18
        ], 
        [
            0.0, 
            0.0, 
            1.0, 
            0.0
        ], 
        [
            0.0, 
            0.0, 
            0.0, 
            1.0
        ]
    ], 
    "unhovering_end": [
        [
            -0.8090169943749471, 
            0.5877852522924736, 
            0.0, 
            -0.2669756081437325
        ], 
        [
            -0.5877852522924736, 
            -0.8090169943749471, 
            0.0, 
            -0.19396913325651627
        ], 
        [
            0.0, 
            0.0, 
            1.0, 
            0.1
        ], 
        [
            0.0, 
            0.0, 
            0.0, 
            1.0
        ]
    ], 
    "trajectory_screw_axes": [
        [
            -0.0, 
            -0.0, 
            -0.0, 
            -1.0, 
            -5.58241962866222e-17, 
            -0.0
        ]
    ]
}