{
    "Tworld_goalstart": [
        [
            0.9999999999999999, 
            9.214410955162547e-18, 
            0.0, 
            0.0
        ], 
        [
            9.214410955162547e-18, 
            0.9999999999999999, 
            0.0, 
            0.0
        ], 
        [
            0.0, 
            0.0, 
            1.0, 
            0.0
        ], 
        [
            0.0, 
            0.0, 
            0.0, 
            1.0
        ]
    ], 
    "Teffectivestart_hoveringstart": [
        [
            0.9999999999999997, 
            -3.041778397086746e-17, 
            0.0, 
            -0.04999999999999998
        ], 
        [
            -3.041778397086746e-17, 
            0.9999999999999997, 
            0.0, 
            -2.9248630740682736e-18
        ], 
        [
            0.0, 
            0.0, 
            1.0, 
            0.1
        ], 
        [
            0.0, 
            0.0, 
            0.0, 
            1.0
        ]
    ], 
    "hovering_end": [
        [
            0.3090169943749474, 
            0.9510565162951534, 
            0.0, 
            -0.015450849718747372
        ], 
        [
            -0.9510565162951534, 
            0.30901699437494745, 
            0.0, 
            0.04755282581475767
        ], 
        [
            0.0, 
            0.0, 
            1.0, 
            0.0
        ], 
        [
            0.0, 
            0.0, 
            0.0, 
            1.0
        ]
    ], 
    "sample file path": "learned_samples/ur/simulator/pointcloud/pull/meiying_L_pull_tool/meiying_tool_target/sample/sample_6.txt", 
    "v_start_goal_frame": [
        0.3090169943749472, 
        -0.9510565162951532, 
        0.0
    ], 
    "Teffectiveend_unhoveringend": [
        [
            0.9999999999999997, 
            -3.041778397086746e-17, 
            0.0, 
            0.0
        ], 
        [
            -3.041778397086746e-17, 
            0.9999999999999997, 
            0.0, 
            -1.766867537044562e-18
        ], 
        [
            0.0, 
            0.0, 
            1.0, 
            0.1
        ], 
        [
            0.0, 
            0.0, 
            0.0, 
            1.0
        ]
    ], 
    "task_type": "pose_change", 
    "goal": "meiying_tool_target", 
    "trajectory": [
        [
            [
                0.9999999999999997, 
                -3.041778397086746e-17, 
                0.0, 
                -8.355812881751223e-36
            ], 
            [
                -3.041778397086746e-17, 
                0.9999999999999997, 
                0.0, 
                0.0
            ], 
            [
                0.0, 
                0.0, 
                1.0, 
                0.0
            ], 
            [
                0.0, 
                0.0, 
                0.0, 
                1.0
            ]
        ], 
        [
            [
                0.9999999999999997, 
                -3.041778397086746e-17, 
                0.0, 
                0.17999999999999994
            ], 
            [
                -3.041778397086746e-17, 
                0.9999999999999997, 
                0.0, 
                -1.2110679627977351e-17
            ], 
            [
                0.0, 
                0.0, 
                1.0, 
                0.0
            ], 
            [
                0.0, 
                0.0, 
                0.0, 
                1.0
            ]
        ]
    ], 
    "tool_contact_area_index": [
        328, 
        454, 
        1183, 
        1187, 
        1194, 
        1200, 
        1203, 
        1204, 
        1996, 
        2691, 
        2827, 
        3836, 
        3837, 
        4058, 
        4059, 
        4178, 
        4186, 
        6215, 
        6218, 
        6220, 
        6330, 
        7115, 
        7116, 
        7117, 
        7118, 
        7122, 
        7123, 
        7124, 
        7128, 
        7129, 
        7130, 
        7131, 
        8092, 
        8117, 
        8155, 
        8156, 
        8157, 
        8158, 
        8161, 
        8165, 
        8818
    ], 
    "v_start_world_frame": [
        0.30901699437494723, 
        -0.9510565162951533, 
        0.0
    ], 
    "Ttool_goal": [
        [
            0.3090169943749474, 
            -0.9510565162951534, 
            0.0, 
            0.0
        ], 
        [
            0.9510565162951534, 
            0.30901699437494745, 
            0.0, 
            -3.4049181870255623e-18
        ], 
        [
            0.0, 
            0.0, 
            1.0, 
            0.0
        ], 
        [
            0.0, 
            0.0, 
            0.0, 
            1.0
        ]
    ], 
    "tool_trajectory_world_frame": [
        [
            [
                0.30901699437494745, 
                0.9510565162951535, 
                0.0, 
                -0.015450849718747373
            ], 
            [
                -0.9510565162951535, 
                0.30901699437494745, 
                0.0, 
                0.04755282581475768
            ], 
            [
                0.0, 
                0.0, 
                1.0, 
                0.1
            ], 
            [
                0.0, 
                0.0, 
                0.0, 
                1.0
            ]
        ], 
        [
            [
                0.30901699437494745, 
                0.9510565162951535, 
                0.0, 
                -0.015450849718747373
            ], 
            [
                -0.9510565162951535, 
                0.30901699437494745, 
                0.0, 
                0.04755282581475768
            ], 
            [
                0.0, 
                0.0, 
                1.0, 
                0.0
            ], 
            [
                0.0, 
                0.0, 
                0.0, 
                1.0
            ]
        ], 
        [
            [
                0.30901699437494745, 
                0.9510565162951535, 
                0.0, 
                0.05562305898749054
            ], 
            [
                -0.9510565162951535, 
                0.30901699437494745, 
                0.0, 
                -0.17119017293312763
            ], 
            [
                0.0, 
                0.0, 
                1.0, 
                0.0
            ], 
            [
                0.0, 
                0.0, 
                0.0, 
                1.0
            ]
        ], 
        [
            [
                0.30901699437494745, 
                0.9510565162951535, 
                0.0, 
                0.05562305898749054
            ], 
            [
                -0.9510565162951535, 
                0.30901699437494745, 
                0.0, 
                -0.17119017293312763
            ], 
            [
                0.0, 
                0.0, 
                1.0, 
                0.1
            ], 
            [
                0.0, 
                0.0, 
                0.0, 
                1.0
            ]
        ]
    ], 
    "goal_contact_area_index": [
        2540, 
        2846, 
        2849, 
        2850, 
        2851, 
        2852, 
        3082, 
        3089, 
        3090, 
        3091, 
        3092, 
        3094, 
        3097, 
        3098, 
        3099, 
        3100, 
        3101, 
        3106, 
        3444, 
        3445, 
        3446, 
        3452, 
        3722, 
        3727, 
        3738, 
        3743, 
        3748, 
        3749, 
        3751, 
        3752, 
        3753, 
        3755, 
        3756, 
        3757, 
        3759, 
        3760, 
        3761, 
        3762, 
        3763, 
        3764, 
        3765, 
        3766, 
        3767, 
        3770, 
        3773, 
        3774, 
        3776, 
        3794, 
        3798, 
        3801, 
        3802, 
        3980, 
        3985, 
        3988, 
        3989, 
        3992, 
        3993, 
        3996, 
        3997, 
        3999, 
        4150, 
        4151, 
        4152, 
        4153, 
        4154, 
        4155, 
        4156, 
        4159, 
        4160, 
        4161, 
        4162, 
        4330, 
        4331, 
        4332, 
        4333, 
        4335
    ], 
    "changing_point": [
        1, 
        -2
    ], 
    "tool_trajectory_goal_frame": [
        [
            [
                0.3090169943749474, 
                0.9510565162951534, 
                0.0, 
                -0.015450849718747372
            ], 
            [
                -0.9510565162951534, 
                0.30901699437494745, 
                0.0, 
                0.04755282581475767
            ], 
            [
                0.0, 
                0.0, 
                1.0, 
                0.1
            ], 
            [
                0.0, 
                0.0, 
                0.0, 
                1.0
            ]
        ], 
        [
            [
                0.3090169943749474, 
                0.9510565162951534, 
                0.0, 
                -0.015450849718747372
            ], 
            [
                -0.9510565162951534, 
                0.30901699437494745, 
                0.0, 
                0.04755282581475767
            ], 
            [
                0.0, 
                0.0, 
                1.0, 
                0.0
            ], 
            [
                0.0, 
                0.0, 
                0.0, 
                1.0
            ]
        ], 
        [
            [
                0.3090169943749474, 
                0.9510565162951534, 
                0.0, 
                0.05562305898749053
            ], 
            [
                -0.9510565162951534, 
                0.30901699437494745, 
                0.0, 
                -0.1711901729331276
            ], 
            [
                0.0, 
                0.0, 
                1.0, 
                0.0
            ], 
            [
                0.0, 
                0.0, 
                0.0, 
                1.0
            ]
        ], 
        [
            [
                0.3090169943749474, 
                0.9510565162951534, 
                0.0, 
                0.05562305898749053
            ], 
            [
                -0.9510565162951534, 
                0.30901699437494745, 
                0.0, 
                -0.1711901729331276
            ], 
            [
                0.0, 
                0.0, 
                1.0, 
                0.1
            ], 
            [
                0.0, 
                0.0, 
                0.0, 
                1.0
            ]
        ]
    ], 
    "Teffectivestart_unhoveringstart": [
        [
            0.9999999999999997, 
            -3.041778397086746e-17, 
            0.0, 
            0.17999999999999994
        ], 
        [
            -3.041778397086746e-17, 
            0.9999999999999997, 
            0.0, 
            -1.2110679627977353e-17
        ], 
        [
            0.0, 
            0.0, 
            1.0, 
            0.0
        ], 
        [
            0.0, 
            0.0, 
            0.0, 
            1.0
        ]
    ], 
    "raw sample file path": "learned_samples/ur/simulator/pointcloud/pull/meiying_L_pull_tool/meiying_tool_target/raw/raw_sample_6.txt", 
    "trajectory_thetas": [
        0.17999999999999988
    ], 
    "tool": "meiying_L_pull_tool", 
    "Tworld_goalend": [
        [
            0.9999999999999999, 
            9.214410955162547e-18, 
            0.0, 
            0.05562305898749054
        ], 
        [
            9.214410955162547e-18, 
            0.9999999999999999, 
            0.0, 
            -0.17119017293312763
        ], 
        [
            0.0, 
            0.0, 
            1.0, 
            0.0
        ], 
        [
            0.0, 
            0.0, 
            0.0, 
            1.0
        ]
    ], 
    "Tworld_toolend": [
        [
            0.30901699437494745, 
            0.9510565162951535, 
            0.0, 
            0.05562305898749054
        ], 
        [
            -0.9510565162951535, 
            0.30901699437494745, 
            0.0, 
            -0.17119017293312763
        ], 
        [
            0.0, 
            0.0, 
            1.0, 
            0.0
        ], 
        [
            0.0, 
            0.0, 
            0.0, 
            1.0
        ]
    ], 
    "hovering_start": [
        [
            0.3090169943749474, 
            0.9510565162951534, 
            0.0, 
            -0.015450849718747372
        ], 
        [
            -0.9510565162951534, 
            0.30901699437494745, 
            0.0, 
            0.04755282581475767
        ], 
        [
            0.0, 
            0.0, 
            1.0, 
            0.1
        ], 
        [
            0.0, 
            0.0, 
            0.0, 
            1.0
        ]
    ], 
    "v_start_tool_frame": [
        1.0, 
        -9.769933745963056e-17, 
        0.0
    ], 
    "task": "pull", 
    "unhovering_start": [
        [
            0.3090169943749474, 
            0.9510565162951534, 
            0.0, 
            0.05562305898749053
        ], 
        [
            -0.9510565162951534, 
            0.30901699437494745, 
            0.0, 
            -0.1711901729331276
        ], 
        [
            0.0, 
            0.0, 
            1.0, 
            0.0
        ], 
        [
            0.0, 
            0.0, 
            0.0, 
            1.0
        ]
    ], 
    "Teffectivestart_hoveringend": [
        [
            0.9999999999999997, 
            -3.041778397086746e-17, 
            0.0, 
            -0.04999999999999998
        ], 
        [
            -3.041778397086746e-17, 
            0.9999999999999997, 
            0.0, 
            -2.9248630740682736e-18
        ], 
        [
            0.0, 
            0.0, 
            1.0, 
            0.0
        ], 
        [
            0.0, 
            0.0, 
            0.0, 
            1.0
        ]
    ], 
    "Tworld_toolstart": [
        [
            0.30901699437494734, 
            0.9510565162951533, 
            0.0, 
            3.2382696292225405e-18
        ], 
        [
            -0.9510565162951533, 
            0.30901699437494745, 
            0.0, 
            1.0521775842472344e-18
        ], 
        [
            0.0, 
            0.0, 
            1.0, 
            0.0
        ], 
        [
            0.0, 
            0.0, 
            0.0, 
            1.0
        ]
    ], 
    "unhovering_end": [
        [
            0.3090169943749474, 
            0.9510565162951534, 
            0.0, 
            0.05562305898749053
        ], 
        [
            -0.9510565162951534, 
            0.30901699437494745, 
            0.0, 
            -0.1711901729331276
        ], 
        [
            0.0, 
            0.0, 
            1.0, 
            0.1
        ], 
        [
            0.0, 
            0.0, 
            0.0, 
            1.0
        ]
    ], 
    "trajectory_screw_axes": [
        [
            -0.0, 
            -0.0, 
            -0.0, 
            -1.0, 
            9.769933745963056e-17, 
            -0.0
        ]
    ]
}