{
    "Tworld_goalstart": [
        [
            0.8090169943749475, 
            -0.5877852522924731, 
            0.0, 
            -0.5
        ], 
        [
            0.5877852522924731, 
            0.8090169943749475, 
            0.0, 
            0.0
        ], 
        [
            0.0, 
            0.0, 
            1.0, 
            0.0445
        ], 
        [
            0.0, 
            0.0, 
            0.0, 
            1.0
        ]
    ], 
    "Teffectivestart_hoveringstart": [
        [
            0.9999996606897796, 
            0.0005781049045626009, 
            0.0005847925848181169, 
            0.11365442734151399
        ], 
        [
            -0.0005776358485328691, 
            0.9999995028008167, 
            -0.0008088995064265959, 
            -0.008977262024165527
        ], 
        [
            -0.0005852515672346584, 
            0.000808562621040711, 
            0.9999995015848734, 
            -0.1943192822933573
        ], 
        [
            0.0, 
            0.0, 
            0.0, 
            1.0
        ]
    ], 
    "hovering_end": [
        [
            0.5843685081210557, 
            0.8106032868967296, 
            -0.03789128820353843, 
            0.14937954696327344
        ], 
        [
            0.8114807273356567, 
            -0.5835222878877029, 
            0.03163504669784745, 
            0.21696987395978573
        ], 
        [
            0.00353306, 
            -0.04923457, 
            -0.99878099, 
            0.010460700000000003
        ], 
        [
            0.0, 
            0.0, 
            0.0, 
            1.0
        ]
    ], 
    "sample file path": "learned_samples/ur/simulator/pointcloud/push/plunger/blue_puck/sample/sample_3.txt", 
    "v_start_goal_frame": [
        -0.5879266230282666, 
        -0.8089142220643004, 
        -0.0002445144859318589
    ], 
    "Teffectiveend_unhoveringend": [
        [
            0.9999988974473782, 
            0.0014843317581024773, 
            -2.541975011790371e-05, 
            0.05071631595714085
        ], 
        [
            -0.001484329911994534, 
            0.9999988863013298, 
            0.00017180786928659464, 
            -0.00925443698311761
        ], 
        [
            2.567924529829841e-05, 
            -0.00017176930532420998, 
            0.999999976521504, 
            -0.19453222541991222
        ], 
        [
            0.0, 
            0.0, 
            0.0, 
            1.0
        ]
    ], 
    "task_type": "pose_change", 
    "goal": "blue_puck", 
    "trajectory": [
        [
            [
                0.9999999925421806, 
                -5.037587758052687e-09, 
                1.782561844768899e-09, 
                0.0
            ], 
            [
                -5.037587758052687e-09, 
                1.0000000015939081, 
                -2.183448320141237e-09, 
                -2.6020852139652106e-18
            ], 
            [
                1.782561844768899e-09, 
                -2.183448320141237e-09, 
                0.9999999927410214, 
                0.0
            ], 
            [
                0.0, 
                0.0, 
                0.0, 
                1.0
            ]
        ], 
        [
            [
                0.9999999359186881, 
                -0.00012787268701686805, 
                -0.00030978659178168734, 
                -0.19997906081937422
            ], 
            [
                0.00012812524068766648, 
                0.9999996340103464, 
                0.0008479088334904578, 
                -0.0008516461895119931
            ], 
            [
                0.0003096816183787996, 
                -0.0008479528506971204, 
                0.9999995853363989, 
                -0.0006319107848433633
            ], 
            [
                0.0, 
                0.0, 
                0.0, 
                1.0
            ]
        ]
    ], 
    "tool_contact_area_index": [
        1115, 
        1117, 
        1119, 
        1124, 
        1126, 
        1369, 
        1370, 
        1371, 
        1372, 
        1373, 
        1374, 
        1375, 
        1376, 
        1377, 
        1378, 
        1379, 
        1380, 
        1381, 
        1622, 
        1623, 
        1625, 
        1626, 
        1627, 
        1628, 
        1629, 
        1630, 
        1631, 
        1632, 
        1633, 
        1634, 
        1636, 
        1639, 
        1641, 
        1642, 
        1643, 
        1644, 
        1942, 
        1943, 
        1944, 
        1945, 
        1946, 
        1947, 
        1950, 
        1951, 
        1952, 
        1953, 
        1954, 
        1955, 
        1956, 
        2307, 
        2310, 
        2661, 
        2671, 
        2672, 
        2673, 
        2674
    ], 
    "v_start_world_frame": [
        -0.0001747793763065544, 
        -0.9999999510877405, 
        -0.0002445144859318589
    ], 
    "Ttool_goal": [
        [
            0.5846014661141159, 
            0.8113125797334166, 
            0.003607814534503161, 
            -0.22036373422052769
        ], 
        [
            0.8104598770632228, 
            -0.5837707187443404, 
            -0.04864706775634255, 
            0.00628215972371482
        ], 
        [
            -0.037361842255409235, 
            0.03136313875558212, 
            -0.9988095108736708, 
            0.0094521416152844
        ], 
        [
            0.0, 
            0.0, 
            0.0, 
            1.0
        ]
    ], 
    "tool_trajectory_world_frame": [
        [
            [
                -0.00447351, 
                0.99876552, 
                -0.04947136, 
                -0.50663651
            ], 
            [
                0.99998109, 
                0.00467679, 
                0.00399404, 
                0.33325553
            ], 
            [
                0.00422047, 
                -0.04945256, 
                -0.99876756, 
                0.24997624
            ], 
            [
                0.0, 
                0.0, 
                0.0, 
                1.0
            ]
        ], 
        [
            [
                -0.00421235, 
                0.99877763, 
                -0.04924931, 
                -0.5066811
            ], 
            [
                0.99998489, 
                0.00438121, 
                0.00332135, 
                0.26333541
            ], 
            [
                0.00353306, 
                -0.04923457, 
                -0.99878099, 
                0.0549607
            ], 
            [
                0.0, 
                0.0, 
                0.0, 
                1.0
            ]
        ], 
        [
            [
                -0.00381214, 
                0.99884903, 
                -0.04781302, 
                -0.50671461
            ], 
            [
                0.99998731, 
                0.00396517, 
                0.00310626, 
                0.02032075
            ], 
            [
                0.00329227, 
                -0.04780057, 
                -0.99885147, 
                0.05499263
            ], 
            [
                0.0, 
                0.0, 
                0.0, 
                1.0
            ]
        ], 
        [
            [
                -0.00529598, 
                0.99885047, 
                -0.04764131, 
                -0.50685056
            ], 
            [
                0.99998041, 
                0.00544895, 
                0.00308152, 
                0.07039546
            ], 
            [
                0.00333757, 
                -0.04762406, 
                -0.99885975, 
                0.24991077
            ], 
            [
                0.0, 
                0.0, 
                0.0, 
                1.0
            ]
        ]
    ], 
    "goal_contact_area_index": [
        2840, 
        2878, 
        2900, 
        2912, 
        2959, 
        3071, 
        3116, 
        3141, 
        3146, 
        3173, 
        3184, 
        3203, 
        3209, 
        3231, 
        3261, 
        3271, 
        3277, 
        3309, 
        3315
    ], 
    "changing_point": [
        1, 
        -2
    ], 
    "tool_trajectory_goal_frame": [
        [
            [
                0.584154991658846, 
                0.8107672272658003, 
                -0.037675533165774766, 
                0.1905136364055726
            ], 
            [
                0.8116311590675668, 
                -0.5832760405651003, 
                0.03230978205506508, 
                0.27351022994412166
            ], 
            [
                0.00422047, 
                -0.04945256, 
                -0.99876756, 
                0.20547623999999998
            ], 
            [
                0.0, 
                0.0, 
                0.0, 
                1.0
            ]
        ], 
        [
            [
                0.5843685081210557, 
                0.8106032868967296, 
                -0.03789128820353843, 
                0.14937954696327344
            ], 
            [
                0.8114807273356567, 
                -0.5835222878877029, 
                0.03163504669784745, 
                0.21696987395978573
            ], 
            [
                0.00353306, 
                -0.04923457, 
                -0.99878099, 
                0.010460700000000003
            ], 
            [
                0.0, 
                0.0, 
                0.0, 
                1.0
            ]
        ], 
        [
            [
                0.584693707252685, 
                0.8104165085337643, 
                -0.036855731914603236, 
                0.006512003564922375
            ], 
            [
                0.811247447620963, 
                -0.5839008391850563, 
                0.030616805152512187, 
                0.02038658082134026
            ], 
            [
                0.00329227, 
                -0.04780057, 
                -0.99885147, 
                0.010492630000000003
            ], 
            [
                0.0, 
                0.0, 
                0.0, 
                1.0
            ]
        ], 
        [
            [
                0.5834891997575109, 
                0.8112898175198827, 
                -0.03673135741364083, 
                0.035835193755359485
            ], 
            [
                0.8121140446724636, 
                -0.582701282359906, 
                0.03049586146640021, 
                0.06097778160478651
            ], 
            [
                0.00333757, 
                -0.04762406, 
                -0.99885975, 
                0.20541077000000002
            ], 
            [
                0.0, 
                0.0, 
                0.0, 
                1.0
            ]
        ]
    ], 
    "Teffectivestart_unhoveringstart": [
        [
            0.9999999359186881, 
            -0.00012787268701686805, 
            -0.00030978659178168734, 
            -0.1999790624480092
        ], 
        [
            0.00012812524068766648, 
            0.9999996340103464, 
            0.0008479088334904578, 
            -0.0008516472889885463
        ], 
        [
            0.0003096816183787996, 
            -0.0008479528506971204, 
            0.9999995853363989, 
            -0.0006319103097017151
        ], 
        [
            0.0, 
            0.0, 
            0.0, 
            1.0
        ]
    ], 
    "raw sample file path": "learned_samples/ur/simulator/pointcloud/push/plunger/blue_puck/raw/raw_sample_3.txt", 
    "trajectory_thetas": [
        0.19998187112743868
    ], 
    "tool": "plunger", 
    "Tworld_goalend": [
        [
            0.8090848632870213, 
            -0.5876912143712394, 
            -0.000848732552, 
            -0.50005156
        ], 
        [
            0.5876916121780571, 
            0.8090849599166592, 
            0.000312314357, 
            -0.199985919
        ], 
        [
            0.0005031523381687825, 
            -0.0007514818208507488, 
            0.999999591, 
            0.0445255563
        ], 
        [
            0.0, 
            0.0, 
            0.0, 
            1.0
        ]
    ], 
    "Tworld_toolend": [
        [
            -0.00381214, 
            0.99884903, 
            -0.04781302, 
            -0.50671461
        ], 
        [
            0.99998731, 
            0.00396517, 
            0.00310626, 
            0.02032075
        ], 
        [
            0.00329227, 
            -0.04780057, 
            -0.99885147, 
            0.05499263
        ], 
        [
            0.0, 
            0.0, 
            0.0, 
            1.0
        ]
    ], 
    "hovering_start": [
        [
            0.584154991658846, 
            0.8107672272658003, 
            -0.037675533165774766, 
            0.1905136364055726
        ], 
        [
            0.8116311590675668, 
            -0.5832760405651003, 
            0.03230978205506508, 
            0.27351022994412166
        ], 
        [
            0.00422047, 
            -0.04945256, 
            -0.99876756, 
            0.20547623999999998
        ], 
        [
            0.0, 
            0.0, 
            0.0, 
            1.0
        ]
    ], 
    "v_start_tool_frame": [
        -0.9999859397123344, 
        -0.004258611929552911, 
        -0.003159842096232656
    ], 
    "task": "push", 
    "unhovering_start": [
        [
            0.584693707252685, 
            0.8104165085337643, 
            -0.036855731914603236, 
            0.006512003564922375
        ], 
        [
            0.811247447620963, 
            -0.5839008391850563, 
            0.030616805152512187, 
            0.02038658082134026
        ], 
        [
            0.00329227, 
            -0.04780057, 
            -0.99885147, 
            0.010492630000000003
        ], 
        [
            0.0, 
            0.0, 
            0.0, 
            1.0
        ]
    ], 
    "Teffectivestart_hoveringend": [
        [
            0.9999999555223479, 
            0.00028326804138575337, 
            -8.8807862830806e-05, 
            0.04303189637391347
        ], 
        [
            -0.0002833312017139427, 
            0.9999997831116583, 
            -0.0005892162332431867, 
            0.00017874734227748233
        ], 
        [
            8.864469897385904e-05, 
            0.0005892341610268957, 
            0.9999998147836594, 
            0.00022765615784379675
        ], 
        [
            0.0, 
            0.0, 
            0.0, 
            1.0
        ]
    ], 
    "Tworld_toolstart": [
        [
            -0.003925048343833774, 
            0.9988076330012784, 
            -0.04866115575191577, 
            -0.5066796552584923
        ], 
        [
            0.999985785004949, 
            0.004095931029884077, 
            0.003412572373998178, 
            0.2203026143408378
        ], 
        [
            0.003607814534503161, 
            -0.04864706775634255, 
            -0.9988095108736708, 
            0.05504152907640481
        ], 
        [
            0.0, 
            0.0, 
            0.0, 
            1.0
        ]
    ], 
    "unhovering_end": [
        [
            0.5834891997575109, 
            0.8112898175198827, 
            -0.03673135741364083, 
            0.035835193755359485
        ], 
        [
            0.8121140446724636, 
            -0.582701282359906, 
            0.03049586146640021, 
            0.06097778160478651
        ], 
        [
            0.00333757, 
            -0.04762406, 
            -0.99885975, 
            0.20541077000000002
        ], 
        [
            0.0, 
            0.0, 
            0.0, 
            1.0
        ]
    ], 
    "trajectory_screw_axes": [
        [
            -0.0, 
            -0.0, 
            -0.0, 
            0.9999859397123344, 
            0.004258611929552911, 
            0.003159842096232656
        ]
    ]
}