{
    "Tworld_goalstart": [
        [
            -0.8090169943749473, 
            -0.5877852522924732, 
            0.0, 
            -0.5
        ], 
        [
            0.5877852522924732, 
            -0.8090169943749473, 
            0.0, 
            0.0
        ], 
        [
            0.0, 
            0.0, 
            1.0, 
            0.0445
        ], 
        [
            0.0, 
            0.0, 
            0.0, 
            1.0
        ]
    ], 
    "Teffectivestart_hoveringstart": [
        [
            0.9999996606897795, 
            0.0005781049045626287, 
            0.00058479258481811, 
            0.11365442734151404
        ], 
        [
            -0.0005776358485330413, 
            0.9999995028008166, 
            -0.0008088995064265959, 
            -0.008977262024165567
        ], 
        [
            -0.0005852515672346575, 
            0.000808562621040711, 
            0.9999995015848734, 
            -0.1943192822933573
        ], 
        [
            0.0, 
            0.0, 
            0.0, 
            1.0
        ]
    ], 
    "hovering_end": [
        [
            0.5911842335935664, 
            -0.8054528656463369, 
            0.041795769298941646, 
            0.1601897938455103
        ], 
        [
            -0.8065288129206681, 
            -0.5906112345795539, 
            0.026260989509312993, 
            -0.20911576986160324
        ], 
        [
            0.00353306, 
            -0.04923457, 
            -0.99878099, 
            0.010460700000000003
        ], 
        [
            0.0, 
            0.0, 
            0.0, 
            1.0
        ]
    ], 
    "sample file path": "learned_samples/ur/simulator/pointcloud/push/plunger/blue_puck/sample/sample_9.txt", 
    "v_start_goal_frame": [
        -0.5876438240568704, 
        0.8091196875438958, 
        -0.00024451448593186976
    ], 
    "Teffectiveend_unhoveringend": [
        [
            0.9999988974473781, 
            0.0014843317581024575, 
            -2.5419750117899807e-05, 
            0.050716315957140934
        ], 
        [
            -0.00148432991199463, 
            0.9999988863013299, 
            0.00017180786928660158, 
            -0.009254436983117575
        ], 
        [
            2.5679245298298844e-05, 
            -0.00017176930532420304, 
            0.999999976521504, 
            -0.19453222541991222
        ], 
        [
            0.0, 
            0.0, 
            0.0, 
            1.0
        ]
    ], 
    "task_type": "pose_change", 
    "goal": "blue_puck", 
    "trajectory": [
        [
            [
                0.9999999925421806, 
                -5.03758788666617e-09, 
                1.7825618469373033e-09, 
                -2.7755575615628914e-17
            ], 
            [
                -5.03758788666617e-09, 
                1.000000001593908, 
                -2.183448306263449e-09, 
                8.673617379884035e-19
            ], 
            [
                1.7825618469373033e-09, 
                -2.183448306263449e-09, 
                0.9999999927410214, 
                1.734723475976807e-18
            ], 
            [
                0.0, 
                0.0, 
                0.0, 
                1.0
            ]
        ], 
        [
            [
                0.9999999359186881, 
                -0.00012787268701690898, 
                -0.00030978659178168604, 
                -0.19997906081937425
            ], 
            [
                0.0001281252406874542, 
                0.9999996340103463, 
                0.0008479088334904717, 
                -0.0008516461895119619
            ], 
            [
                0.00030968161837881, 
                -0.0008479528506971135, 
                0.9999995853363989, 
                -0.0006319107848433616
            ], 
            [
                0.0, 
                0.0, 
                0.0, 
                1.0
            ]
        ]
    ], 
    "tool_contact_area_index": [
        1126, 
        1373, 
        1374, 
        1375, 
        1376, 
        1377, 
        1378, 
        1379, 
        1381, 
        1630, 
        1633, 
        1640, 
        1641, 
        1643, 
        1644, 
        1942, 
        1944, 
        1945, 
        1946, 
        1947, 
        1948, 
        1951, 
        1952, 
        1953, 
        1958, 
        2307, 
        2310, 
        2671, 
        2672, 
        2674
    ], 
    "v_start_world_frame": [
        -0.0001747793763063315, 
        -0.9999999510877405, 
        -0.00024451448593186976
    ], 
    "Ttool_goal": [
        [
            0.5909523277419255, 
            -0.8066984086713356, 
            0.003607814534503161, 
            -0.22036373422052769
        ], 
        [
            -0.8056448213556767, 
            -0.5903980743662681, 
            -0.04864706775634255, 
            0.00628215972371482
        ], 
        [
            0.04137356168304292, 
            0.02584148066538415, 
            -0.9988095108736708, 
            0.0094521416152844
        ], 
        [
            0.0, 
            0.0, 
            0.0, 
            1.0
        ]
    ], 
    "tool_trajectory_world_frame": [
        [
            [
                -0.00447351, 
                0.99876552, 
                -0.04947136, 
                -0.50663651
            ], 
            [
                0.99998109, 
                0.00467679, 
                0.00399404, 
                0.33325553
            ], 
            [
                0.00422047, 
                -0.04945256, 
                -0.99876756, 
                0.24997624
            ], 
            [
                0.0, 
                0.0, 
                0.0, 
                1.0
            ]
        ], 
        [
            [
                -0.00421235, 
                0.99877763, 
                -0.04924931, 
                -0.5066811
            ], 
            [
                0.99998489, 
                0.00438121, 
                0.00332135, 
                0.26333541
            ], 
            [
                0.00353306, 
                -0.04923457, 
                -0.99878099, 
                0.0549607
            ], 
            [
                0.0, 
                0.0, 
                0.0, 
                1.0
            ]
        ], 
        [
            [
                -0.00381214, 
                0.99884903, 
                -0.04781302, 
                -0.50671461
            ], 
            [
                0.99998731, 
                0.00396517, 
                0.00310626, 
                0.02032075
            ], 
            [
                0.00329227, 
                -0.04780057, 
                -0.99885147, 
                0.05499263
            ], 
            [
                0.0, 
                0.0, 
                0.0, 
                1.0
            ]
        ], 
        [
            [
                -0.00529598, 
                0.99885047, 
                -0.04764131, 
                -0.50685056
            ], 
            [
                0.99998041, 
                0.00544895, 
                0.00308152, 
                0.07039546
            ], 
            [
                0.00333757, 
                -0.04762406, 
                -0.99885975, 
                0.24991077
            ], 
            [
                0.0, 
                0.0, 
                0.0, 
                1.0
            ]
        ]
    ], 
    "goal_contact_area_index": [
        15, 
        83, 
        86, 
        139, 
        148, 
        151, 
        187, 
        269, 
        282, 
        318, 
        7005, 
        7039, 
        7148, 
        7183
    ], 
    "changing_point": [
        1, 
        -2
    ], 
    "tool_trajectory_goal_frame": [
        [
            [
                0.5913932828878586, 
                -0.8052693308856624, 
                0.04237080878390723, 
                0.2012517351522512
            ], 
            [
                -0.8063722326596008, 
                -0.590843245743346, 
                0.025847289582638457, 
                -0.26570854453473863
            ], 
            [
                0.00422047, 
                -0.04945256, 
                -0.99876756, 
                0.20547623999999998
            ], 
            [
                0.0, 
                0.0, 
                0.0, 
                1.0
            ]
        ], 
        [
            [
                0.5911842335935664, 
                -0.8054528656463369, 
                0.041795769298941646, 
                0.1601897938455103
            ], 
            [
                -0.8065288129206681, 
                -0.5906112345795539, 
                0.026260989509312993, 
                -0.20911576986160324
            ], 
            [
                0.00353306, 
                -0.04923457, 
                -0.99878099, 
                0.010460700000000003
            ], 
            [
                0.0, 
                0.0, 
                0.0, 
                1.0
            ]
        ], 
        [
            [
                0.5908618793425582, 
                -0.8057551716360991, 
                0.04050735955017526, 
                0.0173764707661222
            ], 
            [
                -0.8067660082776145, 
                -0.5903166190162279, 
                0.025590770894617944, 
                -0.012493083355549162
            ], 
            [
                0.00329227, 
                -0.04780057, 
                -0.99885147, 
                0.010492630000000003
            ], 
            [
                0.0, 
                0.0, 
                0.0, 
                1.0
            ]
        ], 
        [
            [
                0.5920582754012507, 
                -0.8048841926189245, 
                0.04035390143492942, 
                0.0469196326773299
            ], 
            [
                -0.8058882467915917, 
                -0.5915178686629049, 
                0.025509857369387642, 
                -0.05292446532889716
            ], 
            [
                0.00333757, 
                -0.04762406, 
                -0.99885975, 
                0.20541077000000002
            ], 
            [
                0.0, 
                0.0, 
                0.0, 
                1.0
            ]
        ]
    ], 
    "Teffectivestart_unhoveringstart": [
        [
            0.9999999359186881, 
            -0.00012787268701690898, 
            -0.00030978659178168604, 
            -0.19997906244800923
        ], 
        [
            0.0001281252406874542, 
            0.9999996340103463, 
            0.0008479088334904717, 
            -0.0008516472889885706
        ], 
        [
            0.00030968161837881, 
            -0.0008479528506971135, 
            0.9999995853363989, 
            -0.0006319103097017133
        ], 
        [
            0.0, 
            0.0, 
            0.0, 
            1.0
        ]
    ], 
    "raw sample file path": "learned_samples/ur/simulator/pointcloud/push/plunger/blue_puck/raw/raw_sample_9.txt", 
    "trajectory_thetas": [
        0.19998187112743868
    ], 
    "tool": "plunger", 
    "Tworld_goalend": [
        [
            -0.8089485316443997, 
            -0.5878788587793319, 
            -0.000848732552, 
            -0.50005156
        ], 
        [
            0.5878788277505115, 
            -0.8089489398413662, 
            0.000312314357, 
            -0.199985919
        ], 
        [
            -0.0008701843058510962, 
            -0.00024630565629785227, 
            0.999999591, 
            0.0445255563
        ], 
        [
            0.0, 
            0.0, 
            0.0, 
            1.0
        ]
    ], 
    "Tworld_toolend": [
        [
            -0.00381214, 
            0.99884903, 
            -0.04781302, 
            -0.50671461
        ], 
        [
            0.99998731, 
            0.00396517, 
            0.00310626, 
            0.02032075
        ], 
        [
            0.00329227, 
            -0.04780057, 
            -0.99885147, 
            0.05499263
        ], 
        [
            0.0, 
            0.0, 
            0.0, 
            1.0
        ]
    ], 
    "hovering_start": [
        [
            0.5913932828878586, 
            -0.8052693308856624, 
            0.04237080878390723, 
            0.2012517351522512
        ], 
        [
            -0.8063722326596008, 
            -0.590843245743346, 
            0.025847289582638457, 
            -0.26570854453473863
        ], 
        [
            0.00422047, 
            -0.04945256, 
            -0.99876756, 
            0.20547623999999998
        ], 
        [
            0.0, 
            0.0, 
            0.0, 
            1.0
        ]
    ], 
    "v_start_tool_frame": [
        -0.9999859397123344, 
        -0.004258611929552643, 
        -0.003159842096232658
    ], 
    "task": "push", 
    "unhovering_start": [
        [
            0.5908618793425582, 
            -0.8057551716360991, 
            0.04050735955017526, 
            0.0173764707661222
        ], 
        [
            -0.8067660082776145, 
            -0.5903166190162279, 
            0.025590770894617944, 
            -0.012493083355549162
        ], 
        [
            0.00329227, 
            -0.04780057, 
            -0.99885147, 
            0.010492630000000003
        ], 
        [
            0.0, 
            0.0, 
            0.0, 
            1.0
        ]
    ], 
    "Teffectivestart_hoveringend": [
        [
            0.9999999555223479, 
            0.00028326804138581387, 
            -8.88078628308125e-05, 
            0.04303189637391347
        ], 
        [
            -0.00028333120171412387, 
            0.9999997831116582, 
            -0.0005892162332431867, 
            0.00017874734227745544
        ], 
        [
            8.864469897386685e-05, 
            0.0005892341610269026, 
            0.9999998147836594, 
            0.00022765615784379675
        ], 
        [
            0.0, 
            0.0, 
            0.0, 
            1.0
        ]
    ], 
    "Tworld_toolstart": [
        [
            -0.003925048343833728, 
            0.9988076330012783, 
            -0.048661155751915756, 
            -0.5066796552584923
        ], 
        [
            0.999985785004949, 
            0.004095931029883876, 
            0.003412572373998185, 
            0.2203026143408378
        ], 
        [
            0.003607814534503161, 
            -0.04864706775634255, 
            -0.9988095108736708, 
            0.05504152907640481
        ], 
        [
            0.0, 
            0.0, 
            0.0, 
            1.0
        ]
    ], 
    "unhovering_end": [
        [
            0.5920582754012507, 
            -0.8048841926189245, 
            0.04035390143492942, 
            0.0469196326773299
        ], 
        [
            -0.8058882467915917, 
            -0.5915178686629049, 
            0.025509857369387642, 
            -0.05292446532889716
        ], 
        [
            0.00333757, 
            -0.04762406, 
            -0.99885975, 
            0.20541077000000002
        ], 
        [
            0.0, 
            0.0, 
            0.0, 
            1.0
        ]
    ], 
    "trajectory_screw_axes": [
        [
            -0.0, 
            -0.0, 
            -0.0, 
            0.9999859397123344, 
            0.004258611929552643, 
            0.003159842096232658
        ]
    ]
}