{
    "Tworld_goalstart": [
        [
            -0.8090169943749476, 
            0.587785252292473, 
            0.0, 
            -0.5
        ], 
        [
            -0.587785252292473, 
            -0.8090169943749476, 
            0.0, 
            0.0
        ], 
        [
            0.0, 
            0.0, 
            1.0, 
            0.0445
        ], 
        [
            0.0, 
            0.0, 
            0.0, 
            1.0
        ]
    ], 
    "Teffectivestart_hoveringstart": [
        [
            0.9999996606897796, 
            0.0005781049045625708, 
            0.0005847925848181152, 
            0.11365442734151404
        ], 
        [
            -0.0005776358485328994, 
            0.9999995028008168, 
            -0.0008088995064265959, 
            -0.00897726202416553
        ], 
        [
            -0.0005852515672346571, 
            0.000808562621040711, 
            0.9999995015848734, 
            -0.1943192822933573
        ], 
        [
            0.0, 
            0.0, 
            0.0, 
            1.0
        ]
    ], 
    "hovering_end": [
        [
            -0.5843685081210556, 
            -0.8106032868967297, 
            0.03789128820353844, 
            -0.14937954696327338
        ], 
        [
            -0.8114807273356568, 
            0.5835222878877028, 
            -0.031635046697847446, 
            -0.21696987395978568
        ], 
        [
            0.00353306, 
            -0.04923457, 
            -0.99878099, 
            0.010460700000000003
        ], 
        [
            0.0, 
            0.0, 
            0.0, 
            1.0
        ]
    ], 
    "sample file path": "learned_samples/ur/simulator/pointcloud/push/plunger/blue_puck/sample/sample_13.txt", 
    "v_start_goal_frame": [
        0.5879266230282666, 
        0.8089142220643006, 
        -0.00024451448593186455
    ], 
    "Teffectiveend_unhoveringend": [
        [
            0.9999988974473782, 
            0.0014843317581025026, 
            -2.5419750117899373e-05, 
            0.05071631595714085
        ], 
        [
            -0.0014843299119945642, 
            0.9999988863013299, 
            0.00017180786928660158, 
            -0.009254436983117599
        ], 
        [
            2.567924529829971e-05, 
            -0.00017176930532420304, 
            0.999999976521504, 
            -0.19453222541991222
        ], 
        [
            0.0, 
            0.0, 
            0.0, 
            1.0
        ]
    ], 
    "task_type": "pose_change", 
    "goal": "blue_puck", 
    "trajectory": [
        [
            [
                0.9999999925421807, 
                -5.0375877327907765e-09, 
                1.7825618460699415e-09, 
                -2.7755575615628914e-17
            ], 
            [
                -5.0375877327907765e-09, 
                1.0000000015939081, 
                -2.183448313202343e-09, 
                3.469446951953614e-18
            ], 
            [
                1.7825618460699415e-09, 
                -2.183448313202343e-09, 
                0.9999999927410214, 
                0.0
            ], 
            [
                0.0, 
                0.0, 
                0.0, 
                1.0
            ]
        ], 
        [
            [
                0.9999999359186882, 
                -0.00012787268701684281, 
                -0.00030978659178168604, 
                -0.19997906081937422
            ], 
            [
                0.00012812524068763623, 
                0.9999996340103465, 
                0.0008479088334904648, 
                -0.0008516461895119896
            ], 
            [
                0.00030968161837880434, 
                -0.0008479528506971135, 
                0.9999995853363989, 
                -0.0006319107848433616
            ], 
            [
                0.0, 
                0.0, 
                0.0, 
                1.0
            ]
        ]
    ], 
    "tool_contact_area_index": [
        1125, 
        1126, 
        1127, 
        1369, 
        1370, 
        1371, 
        1373, 
        1374, 
        1375, 
        1376, 
        1377, 
        1378, 
        1379, 
        1386, 
        1630, 
        1634, 
        1638, 
        1639, 
        1640, 
        1641, 
        1642, 
        1643, 
        1644, 
        1646, 
        1649, 
        1651, 
        1654, 
        1942, 
        1943, 
        1944, 
        1945, 
        1946, 
        1947, 
        1949, 
        1953, 
        2307, 
        2309, 
        2310, 
        2671, 
        2672
    ], 
    "v_start_world_frame": [
        -0.00017477937630656134, 
        -0.9999999510877405, 
        -0.00024451448593186455
    ], 
    "Ttool_goal": [
        [
            -0.5846014661141158, 
            -0.8113125797334167, 
            0.003607814534503161, 
            -0.22036373422052769
        ], 
        [
            -0.8104598770632229, 
            0.5837707187443403, 
            -0.04864706775634255, 
            0.00628215972371482
        ], 
        [
            0.037361842255409235, 
            -0.031363138755582116, 
            -0.9988095108736708, 
            0.0094521416152844
        ], 
        [
            0.0, 
            0.0, 
            0.0, 
            1.0
        ]
    ], 
    "tool_trajectory_world_frame": [
        [
            [
                -0.00447351, 
                0.99876552, 
                -0.04947136, 
                -0.50663651
            ], 
            [
                0.99998109, 
                0.00467679, 
                0.00399404, 
                0.33325553
            ], 
            [
                0.00422047, 
                -0.04945256, 
                -0.99876756, 
                0.24997624
            ], 
            [
                0.0, 
                0.0, 
                0.0, 
                1.0
            ]
        ], 
        [
            [
                -0.00421235, 
                0.99877763, 
                -0.04924931, 
                -0.5066811
            ], 
            [
                0.99998489, 
                0.00438121, 
                0.00332135, 
                0.26333541
            ], 
            [
                0.00353306, 
                -0.04923457, 
                -0.99878099, 
                0.0549607
            ], 
            [
                0.0, 
                0.0, 
                0.0, 
                1.0
            ]
        ], 
        [
            [
                -0.00381214, 
                0.99884903, 
                -0.04781302, 
                -0.50671461
            ], 
            [
                0.99998731, 
                0.00396517, 
                0.00310626, 
                0.02032075
            ], 
            [
                0.00329227, 
                -0.04780057, 
                -0.99885147, 
                0.05499263
            ], 
            [
                0.0, 
                0.0, 
                0.0, 
                1.0
            ]
        ], 
        [
            [
                -0.00529598, 
                0.99885047, 
                -0.04764131, 
                -0.50685056
            ], 
            [
                0.99998041, 
                0.00544895, 
                0.00308152, 
                0.07039546
            ], 
            [
                0.00333757, 
                -0.04762406, 
                -0.99885975, 
                0.24991077
            ], 
            [
                0.0, 
                0.0, 
                0.0, 
                1.0
            ]
        ]
    ], 
    "goal_contact_area_index": [
        3887, 
        3896, 
        3899, 
        3913, 
        3943, 
        3953, 
        4004, 
        4006, 
        4013, 
        4055, 
        4077, 
        4087, 
        4088, 
        4096, 
        4139, 
        4172, 
        4173, 
        4208, 
        4249, 
        4252, 
        4326, 
        7320, 
        7379, 
        7558
    ], 
    "changing_point": [
        1, 
        -2
    ], 
    "tool_trajectory_goal_frame": [
        [
            [
                -0.5841549916588459, 
                -0.8107672272658004, 
                0.03767553316577477, 
                -0.19051363640557256
            ], 
            [
                -0.8116311590675669, 
                0.5832760405651002, 
                -0.03230978205506507, 
                -0.2735102299441217
            ], 
            [
                0.00422047, 
                -0.04945256, 
                -0.99876756, 
                0.20547623999999998
            ], 
            [
                0.0, 
                0.0, 
                0.0, 
                1.0
            ]
        ], 
        [
            [
                -0.5843685081210556, 
                -0.8106032868967297, 
                0.03789128820353844, 
                -0.14937954696327338
            ], 
            [
                -0.8114807273356568, 
                0.5835222878877028, 
                -0.031635046697847446, 
                -0.21696987395978568
            ], 
            [
                0.00353306, 
                -0.04923457, 
                -0.99878099, 
                0.010460700000000003
            ], 
            [
                0.0, 
                0.0, 
                0.0, 
                1.0
            ]
        ], 
        [
            [
                -0.5846937072526849, 
                -0.8104165085337645, 
                0.036855731914603236, 
                -0.006512003564922375
            ], 
            [
                -0.8112474476209631, 
                0.5839008391850562, 
                -0.03061680515251218, 
                -0.02038658082134026
            ], 
            [
                0.00329227, 
                -0.04780057, 
                -0.99885147, 
                0.010492630000000003
            ], 
            [
                0.0, 
                0.0, 
                0.0, 
                1.0
            ]
        ], 
        [
            [
                -0.5834891997575108, 
                -0.8112898175198828, 
                0.03673135741364083, 
                -0.035835193755359485
            ], 
            [
                -0.8121140446724637, 
                0.5827012823599059, 
                -0.030495861466400206, 
                -0.06097778160478651
            ], 
            [
                0.00333757, 
                -0.04762406, 
                -0.99885975, 
                0.20541077000000002
            ], 
            [
                0.0, 
                0.0, 
                0.0, 
                1.0
            ]
        ]
    ], 
    "Teffectivestart_unhoveringstart": [
        [
            0.9999999359186882, 
            -0.00012787268701684281, 
            -0.00030978659178168604, 
            -0.19997906244800917
        ], 
        [
            0.00012812524068763623, 
            0.9999996340103465, 
            0.0008479088334904648, 
            -0.0008516472889885428
        ], 
        [
            0.00030968161837880434, 
            -0.0008479528506971135, 
            0.9999995853363989, 
            -0.0006319103097017151
        ], 
        [
            0.0, 
            0.0, 
            0.0, 
            1.0
        ]
    ], 
    "raw sample file path": "learned_samples/ur/simulator/pointcloud/push/plunger/blue_puck/raw/raw_sample_13.txt", 
    "trajectory_thetas": [
        0.19998187112743868
    ], 
    "tool": "plunger", 
    "Tworld_goalend": [
        [
            -0.8090848632870214, 
            0.5876912143712393, 
            -0.000848732552, 
            -0.50005156
        ], 
        [
            -0.587691612178057, 
            -0.8090849599166593, 
            0.000312314357, 
            -0.199985919
        ], 
        [
            -0.0005031523381687826, 
            0.0007514818208507487, 
            0.999999591, 
            0.0445255563
        ], 
        [
            0.0, 
            0.0, 
            0.0, 
            1.0
        ]
    ], 
    "Tworld_toolend": [
        [
            -0.00381214, 
            0.99884903, 
            -0.04781302, 
            -0.50671461
        ], 
        [
            0.99998731, 
            0.00396517, 
            0.00310626, 
            0.02032075
        ], 
        [
            0.00329227, 
            -0.04780057, 
            -0.99885147, 
            0.05499263
        ], 
        [
            0.0, 
            0.0, 
            0.0, 
            1.0
        ]
    ], 
    "hovering_start": [
        [
            -0.5841549916588459, 
            -0.8107672272658004, 
            0.03767553316577477, 
            -0.19051363640557256
        ], 
        [
            -0.8116311590675669, 
            0.5832760405651002, 
            -0.03230978205506507, 
            -0.2735102299441217
        ], 
        [
            0.00422047, 
            -0.04945256, 
            -0.99876756, 
            0.20547623999999998
        ], 
        [
            0.0, 
            0.0, 
            0.0, 
            1.0
        ]
    ], 
    "v_start_tool_frame": [
        -0.9999859397123344, 
        -0.004258611929552949, 
        -0.0031598420962326485
    ], 
    "task": "push", 
    "unhovering_start": [
        [
            -0.5846937072526849, 
            -0.8104165085337645, 
            0.036855731914603236, 
            -0.006512003564922375
        ], 
        [
            -0.8112474476209631, 
            0.5839008391850562, 
            -0.03061680515251218, 
            -0.02038658082134026
        ], 
        [
            0.00329227, 
            -0.04780057, 
            -0.99885147, 
            0.010492630000000003
        ], 
        [
            0.0, 
            0.0, 
            0.0, 
            1.0
        ]
    ], 
    "Teffectivestart_hoveringend": [
        [
            0.999999955522348, 
            0.0002832680413857787, 
            -8.880786283080816e-05, 
            0.043031896373913414
        ], 
        [
            -0.0002833312017139729, 
            0.9999997831116584, 
            -0.0005892162332431867, 
            0.00017874734227751096
        ], 
        [
            8.864469897386035e-05, 
            0.0005892341610268957, 
            0.9999998147836594, 
            0.00022765615784379502
        ], 
        [
            0.0, 
            0.0, 
            0.0, 
            1.0
        ]
    ], 
    "Tworld_toolstart": [
        [
            -0.003925048343833806, 
            0.9988076330012784, 
            -0.04866115575191576, 
            -0.5066796552584923
        ], 
        [
            0.999985785004949, 
            0.004095931029884101, 
            0.003412572373998179, 
            0.2203026143408378
        ], 
        [
            0.003607814534503161, 
            -0.04864706775634255, 
            -0.9988095108736708, 
            0.05504152907640481
        ], 
        [
            0.0, 
            0.0, 
            0.0, 
            1.0
        ]
    ], 
    "unhovering_end": [
        [
            -0.5834891997575108, 
            -0.8112898175198828, 
            0.03673135741364083, 
            -0.035835193755359485
        ], 
        [
            -0.8121140446724637, 
            0.5827012823599059, 
            -0.030495861466400206, 
            -0.06097778160478651
        ], 
        [
            0.00333757, 
            -0.04762406, 
            -0.99885975, 
            0.20541077000000002
        ], 
        [
            0.0, 
            0.0, 
            0.0, 
            1.0
        ]
    ], 
    "trajectory_screw_axes": [
        [
            -0.0, 
            -0.0, 
            -0.0, 
            0.9999859397123344, 
            0.004258611929552949, 
            0.0031598420962326485
        ]
    ]
}