{
    "Tworld_goalstart": [
        [
            -0.9510565162951536, 
            0.3090169943749473, 
            0.0, 
            -0.5
        ], 
        [
            -0.3090169943749473, 
            -0.9510565162951536, 
            0.0, 
            0.0
        ], 
        [
            0.0, 
            0.0, 
            1.0, 
            0.0445
        ], 
        [
            0.0, 
            0.0, 
            0.0, 
            1.0
        ]
    ], 
    "Teffectivestart_hoveringstart": [
        [
            0.9999996606897796, 
            0.0005781049045626083, 
            0.0005847925848181126, 
            0.1136544273415141
        ], 
        [
            -0.0005776358485328745, 
            0.9999995028008167, 
            -0.0008088995064265959, 
            -0.008977262024165551
        ], 
        [
            -0.0005852515672346632, 
            0.000808562621040718, 
            0.9999995015848734, 
            -0.1943192822933573
        ], 
        [
            0.0, 
            0.0, 
            0.0, 
            1.0
        ]
    ], 
    "hovering_end": [
        [
            -0.3050061422117464, 
            -0.9512478416872553, 
            0.04581252360427284, 
            -0.07502101321967491
        ], 
        [
            -0.9523438335674478, 
            0.3044724829517757, 
            -0.018377665311636943, 
            -0.25251143109287444
        ], 
        [
            0.00353306, 
            -0.04923457, 
            -0.99878099, 
            0.010460700000000003
        ], 
        [
            0.0, 
            0.0, 
            0.0, 
            1.0
        ]
    ], 
    "sample file path": "learned_samples/ur/simulator/pointcloud/push/plunger/blue_puck/sample/sample_12.txt", 
    "v_start_goal_frame": [
        0.3091832043249785, 
        0.9510024599792857, 
        -0.0002445144859318719
    ], 
    "Teffectiveend_unhoveringend": [
        [
            0.9999988974473781, 
            0.001484331758102536, 
            -2.5419750117901975e-05, 
            0.050716315957140906
        ], 
        [
            -0.001484329911994625, 
            0.9999988863013299, 
            0.00017180786928660158, 
            -0.009254436983117523
        ], 
        [
            2.5679245298301012e-05, 
            -0.0001717693053241961, 
            0.999999976521504, 
            -0.19453222541991222
        ], 
        [
            0.0, 
            0.0, 
            0.0, 
            1.0
        ]
    ], 
    "task_type": "pose_change", 
    "goal": "blue_puck", 
    "trajectory": [
        [
            [
                0.9999999925421809, 
                -5.037587811720695e-09, 
                1.7825618430341754e-09, 
                0.0
            ], 
            [
                -5.037587811720695e-09, 
                1.0000000015939081, 
                -2.183448306263449e-09, 
                3.469446951953614e-18
            ], 
            [
                1.7825618430341754e-09, 
                -2.183448306263449e-09, 
                0.9999999927410214, 
                0.0
            ], 
            [
                0.0, 
                0.0, 
                0.0, 
                1.0
            ]
        ], 
        [
            [
                0.9999999359186882, 
                -0.000127872687016916, 
                -0.00030978659178168387, 
                -0.19997906081937425
            ], 
            [
                0.00012812524068761238, 
                0.9999996340103464, 
                0.0008479088334904648, 
                -0.0008516461895120278
            ], 
            [
                0.00030968161837879827, 
                -0.0008479528506971135, 
                0.9999995853363989, 
                -0.0006319107848433599
            ], 
            [
                0.0, 
                0.0, 
                0.0, 
                1.0
            ]
        ]
    ], 
    "tool_contact_area_index": [
        1119, 
        1369, 
        1370, 
        1371, 
        1372, 
        1373, 
        1374, 
        1375, 
        1376, 
        1377, 
        1378, 
        1626, 
        1628, 
        1629, 
        1630
    ], 
    "v_start_world_frame": [
        -0.00017477937630672787, 
        -0.9999999510877406, 
        -0.0002445144859318719
    ], 
    "Ttool_goal": [
        [
            -0.30527965889572495, 
            -0.9522559036734691, 
            0.003607814534503161, 
            -0.22036373422052769
        ], 
        [
            -0.9511882201872259, 
            0.3047530708125437, 
            -0.04864706775634255, 
            0.00628215972371482
        ], 
        [
            0.04522496641021298, 
            -0.018282673286887974, 
            -0.9988095108736708, 
            0.0094521416152844
        ], 
        [
            0.0, 
            0.0, 
            0.0, 
            1.0
        ]
    ], 
    "tool_trajectory_world_frame": [
        [
            [
                -0.00447351, 
                0.99876552, 
                -0.04947136, 
                -0.50663651
            ], 
            [
                0.99998109, 
                0.00467679, 
                0.00399404, 
                0.33325553
            ], 
            [
                0.00422047, 
                -0.04945256, 
                -0.99876756, 
                0.24997624
            ], 
            [
                0.0, 
                0.0, 
                0.0, 
                1.0
            ]
        ], 
        [
            [
                -0.00421235, 
                0.99877763, 
                -0.04924931, 
                -0.5066811
            ], 
            [
                0.99998489, 
                0.00438121, 
                0.00332135, 
                0.26333541
            ], 
            [
                0.00353306, 
                -0.04923457, 
                -0.99878099, 
                0.0549607
            ], 
            [
                0.0, 
                0.0, 
                0.0, 
                1.0
            ]
        ], 
        [
            [
                -0.00381214, 
                0.99884903, 
                -0.04781302, 
                -0.50671461
            ], 
            [
                0.99998731, 
                0.00396517, 
                0.00310626, 
                0.02032075
            ], 
            [
                0.00329227, 
                -0.04780057, 
                -0.99885147, 
                0.05499263
            ], 
            [
                0.0, 
                0.0, 
                0.0, 
                1.0
            ]
        ], 
        [
            [
                -0.00529598, 
                0.99885047, 
                -0.04764131, 
                -0.50685056
            ], 
            [
                0.99998041, 
                0.00544895, 
                0.00308152, 
                0.07039546
            ], 
            [
                0.00333757, 
                -0.04762406, 
                -0.99885975, 
                0.24991077
            ], 
            [
                0.0, 
                0.0, 
                0.0, 
                1.0
            ]
        ]
    ], 
    "goal_contact_area_index": [
        3943, 
        3947, 
        4087, 
        4173, 
        7328, 
        7343, 
        7377, 
        7447, 
        7461, 
        7471, 
        7472, 
        7513
    ], 
    "changing_point": [
        1, 
        -2
    ], 
    "tool_trajectory_goal_frame": [
        [
            [
                -0.30475659002737215, 
                -0.9513276636360404, 
                0.045815833061770096, 
                -0.09666992615847214
            ], 
            [
                -0.9524209224309368, 
                0.3041876274708873, 
                -0.019086048743184487, 
                -0.3189956377712344
            ], 
            [
                0.00422047, 
                -0.04945256, 
                -0.99876756, 
                0.20547623999999998
            ], 
            [
                0.0, 
                0.0, 
                0.0, 
                1.0
            ]
        ], 
        [
            [
                -0.3050061422117464, 
                -0.9512478416872553, 
                0.04581252360427284, 
                -0.07502101321967491
            ], 
            [
                -0.9523438335674478, 
                0.3044724829517757, 
                -0.018377665311636943, 
                -0.25251143109287444
            ], 
            [
                0.00353306, 
                -0.04923457, 
                -0.99878099, 
                0.010460700000000003
            ], 
            [
                0.0, 
                0.0, 
                0.0, 
                1.0
            ]
        ], 
        [
            [
                -0.3053875123612593, 
                -0.9511871836921791, 
                0.04451299710580338, 
                0.00010651650643589416
            ], 
            [
                -0.9522224634328983, 
                0.3048902243182135, 
                -0.017729264546696225, 
                -0.021401110304104715
            ], 
            [
                0.00329227, 
                -0.04780057, 
                -0.99885147, 
                0.010492630000000003
            ], 
            [
                0.0, 
                0.0, 
                0.0, 
                1.0
            ]
        ], 
        [
            [
                -0.3039741644428587, 
                -0.9516470664494763, 
                0.04435733627183118, 
                -0.015238123738570974
            ], 
            [
                -0.9526744329198693, 
                0.303479510664937, 
                -0.017652674100378962, 
                -0.06906700041158007
            ], 
            [
                0.00333757, 
                -0.04762406, 
                -0.99885975, 
                0.20541077000000002
            ], 
            [
                0.0, 
                0.0, 
                0.0, 
                1.0
            ]
        ]
    ], 
    "Teffectivestart_unhoveringstart": [
        [
            0.9999999359186882, 
            -0.000127872687016916, 
            -0.00030978659178168387, 
            -0.1999790624480092
        ], 
        [
            0.00012812524068761238, 
            0.9999996340103464, 
            0.0008479088334904648, 
            -0.0008516472889886157
        ], 
        [
            0.00030968161837879827, 
            -0.0008479528506971135, 
            0.9999995853363989, 
            -0.0006319103097017116
        ], 
        [
            0.0, 
            0.0, 
            0.0, 
            1.0
        ]
    ], 
    "raw sample file path": "learned_samples/ur/simulator/pointcloud/push/plunger/blue_puck/raw/raw_sample_12.txt", 
    "trajectory_thetas": [
        0.19998187112743876
    ], 
    "tool": "plunger", 
    "Tworld_goalend": [
        [
            -0.9510920041504585, 
            0.30890658634995843, 
            -0.000848732552, 
            -0.50005156
        ], 
        [
            -0.3089069348265245, 
            -0.9510922189797724, 
            0.000312314357, 
            -0.199985919
        ], 
        [
            -0.0007107469635112744, 
            0.0005592190593438076, 
            0.999999591, 
            0.0445255563
        ], 
        [
            0.0, 
            0.0, 
            0.0, 
            1.0
        ]
    ], 
    "Tworld_toolend": [
        [
            -0.00381214, 
            0.99884903, 
            -0.04781302, 
            -0.50671461
        ], 
        [
            0.99998731, 
            0.00396517, 
            0.00310626, 
            0.02032075
        ], 
        [
            0.00329227, 
            -0.04780057, 
            -0.99885147, 
            0.05499263
        ], 
        [
            0.0, 
            0.0, 
            0.0, 
            1.0
        ]
    ], 
    "hovering_start": [
        [
            -0.30475659002737215, 
            -0.9513276636360404, 
            0.045815833061770096, 
            -0.09666992615847214
        ], 
        [
            -0.9524209224309368, 
            0.3041876274708873, 
            -0.019086048743184487, 
            -0.3189956377712344
        ], 
        [
            0.00422047, 
            -0.04945256, 
            -0.99876756, 
            0.20547623999999998
        ], 
        [
            0.0, 
            0.0, 
            0.0, 
            1.0
        ]
    ], 
    "v_start_tool_frame": [
        -0.9999859397123344, 
        -0.004258611929553059, 
        -0.0031598420962326355
    ], 
    "task": "push", 
    "unhovering_start": [
        [
            -0.3053875123612593, 
            -0.9511871836921791, 
            0.04451299710580338, 
            0.00010651650643589416
        ], 
        [
            -0.9522224634328983, 
            0.3048902243182135, 
            -0.017729264546696225, 
            -0.021401110304104715
        ], 
        [
            0.00329227, 
            -0.04780057, 
            -0.99885147, 
            0.010492630000000003
        ], 
        [
            0.0, 
            0.0, 
            0.0, 
            1.0
        ]
    ], 
    "Teffectivestart_hoveringend": [
        [
            0.999999955522348, 
            0.0002832680413857547, 
            -8.880786283081163e-05, 
            0.043031896373913525
        ], 
        [
            -0.00028333120171402607, 
            0.9999997831116583, 
            -0.0005892162332431937, 
            0.00017874734227746672
        ], 
        [
            8.864469897386078e-05, 
            0.0005892341610269026, 
            0.9999998147836594, 
            0.00022765615784379675
        ], 
        [
            0.0, 
            0.0, 
            0.0, 
            1.0
        ]
    ], 
    "Tworld_toolstart": [
        [
            -0.00392504834383375, 
            0.9988076330012784, 
            -0.048661155751915756, 
            -0.5066796552584923
        ], 
        [
            0.9999857850049491, 
            0.00409593102988401, 
            0.0034125723739981796, 
            0.22030261434083784
        ], 
        [
            0.003607814534503161, 
            -0.04864706775634255, 
            -0.9988095108736708, 
            0.05504152907640481
        ], 
        [
            0.0, 
            0.0, 
            0.0, 
            1.0
        ]
    ], 
    "unhovering_end": [
        [
            -0.3039741644428587, 
            -0.9516470664494763, 
            0.04435733627183118, 
            -0.015238123738570974
        ], 
        [
            -0.9526744329198693, 
            0.303479510664937, 
            -0.017652674100378962, 
            -0.06906700041158007
        ], 
        [
            0.00333757, 
            -0.04762406, 
            -0.99885975, 
            0.20541077000000002
        ], 
        [
            0.0, 
            0.0, 
            0.0, 
            1.0
        ]
    ], 
    "trajectory_screw_axes": [
        [
            -0.0, 
            -0.0, 
            -0.0, 
            0.9999859397123344, 
            0.004258611929553059, 
            0.0031598420962326355
        ]
    ]
}