{
    "Tworld_goalstart": [
        [
            -1.8369701987210297e-16, 
            1.0, 
            0.0, 
            -0.5
        ], 
        [
            -1.0, 
            -1.8369701987210297e-16, 
            0.0, 
            0.0
        ], 
        [
            0.0, 
            0.0, 
            1.0, 
            0.0445
        ], 
        [
            0.0, 
            0.0, 
            0.0, 
            1.0
        ]
    ], 
    "Teffectivestart_hoveringstart": [
        [
            0.9999996606897797, 
            0.0005781049045626449, 
            0.0005847925848181134, 
            0.11365442734151404
        ], 
        [
            -0.0005776358485329456, 
            0.9999995028008167, 
            -0.0008088995064265959, 
            -0.008977262024165596
        ], 
        [
            -0.0005852515672346601, 
            0.000808562621040711, 
            0.9999995015848734, 
            -0.1943192822933573
        ], 
        [
            0.0, 
            0.0, 
            0.0, 
            1.0
        ]
    ], 
    "hovering_end": [
        [
            -0.99998489, 
            -0.004381210000000184, 
            -0.0033213499999999907, 
            -0.26333541
        ], 
        [
            -0.004212350000000184, 
            0.99877763, 
            -0.04924931, 
            -0.006681099999999995
        ], 
        [
            0.00353306, 
            -0.04923457, 
            -0.99878099, 
            0.010460700000000003
        ], 
        [
            0.0, 
            0.0, 
            0.0, 
            1.0
        ]
    ], 
    "sample file path": "learned_samples/ur/simulator/pointcloud/push/plunger/blue_puck/sample/sample_16.txt", 
    "v_start_goal_frame": [
        0.9999999510877406, 
        -0.00017477937630627945, 
        -0.00024451448593187626
    ], 
    "Teffectiveend_unhoveringend": [
        [
            0.9999988974473782, 
            0.0014843317581025, 
            -2.541975011790024e-05, 
            0.050716315957140906
        ], 
        [
            -0.0014843299119946002, 
            0.9999988863013298, 
            0.00017180786928660158, 
            -0.009254436983117585
        ], 
        [
            2.5679245298300145e-05, 
            -0.0001717693053241961, 
            0.999999976521504, 
            -0.19453222541991222
        ], 
        [
            0.0, 
            0.0, 
            0.0, 
            1.0
        ]
    ], 
    "task_type": "pose_change", 
    "goal": "blue_puck", 
    "trajectory": [
        [
            [
                0.999999992542181, 
                -5.037587805757583e-09, 
                1.7825618439015372e-09, 
                0.0
            ], 
            [
                -5.037587805757583e-09, 
                1.0000000015939081, 
                -2.183448320141237e-09, 
                0.0
            ], 
            [
                1.7825618439015372e-09, 
                -2.183448320141237e-09, 
                0.9999999927410214, 
                0.0
            ], 
            [
                0.0, 
                0.0, 
                0.0, 
                1.0
            ]
        ], 
        [
            [
                0.9999999359186882, 
                -0.00012787268701691768, 
                -0.0003097865917816843, 
                -0.1999790608193743
            ], 
            [
                0.00012812524068755307, 
                0.9999996340103465, 
                0.0008479088334904648, 
                -0.0008516461895119792
            ], 
            [
                0.0003096816183788026, 
                -0.0008479528506971135, 
                0.9999995853363989, 
                -0.0006319107848433616
            ], 
            [
                0.0, 
                0.0, 
                0.0, 
                1.0
            ]
        ]
    ], 
    "tool_contact_area_index": [
        1371, 
        1374, 
        1376, 
        1377, 
        1378, 
        1379, 
        1381, 
        1626, 
        1630, 
        1632, 
        1633, 
        1634, 
        1637, 
        1638, 
        1639, 
        1641, 
        1642, 
        1643, 
        1644, 
        1939, 
        1940, 
        1941, 
        1942, 
        1943, 
        2305, 
        2307, 
        2310, 
        2671, 
        2672
    ], 
    "v_start_world_frame": [
        -0.00017477937630646333, 
        -0.9999999510877406, 
        -0.00024451448593187626
    ], 
    "Ttool_goal": [
        [
            -0.9999857850049491, 
            -0.003925048343833942, 
            0.003607814534503161, 
            -0.22036373422052769
        ], 
        [
            -0.004095931029884173, 
            0.9988076330012784, 
            -0.04864706775634255, 
            0.00628215972371482
        ], 
        [
            -0.0034125723739981714, 
            -0.04866115575191576, 
            -0.9988095108736708, 
            0.0094521416152844
        ], 
        [
            0.0, 
            0.0, 
            0.0, 
            1.0
        ]
    ], 
    "tool_trajectory_world_frame": [
        [
            [
                -0.00447351, 
                0.99876552, 
                -0.04947136, 
                -0.50663651
            ], 
            [
                0.99998109, 
                0.00467679, 
                0.00399404, 
                0.33325553
            ], 
            [
                0.00422047, 
                -0.04945256, 
                -0.99876756, 
                0.24997624
            ], 
            [
                0.0, 
                0.0, 
                0.0, 
                1.0
            ]
        ], 
        [
            [
                -0.00421235, 
                0.99877763, 
                -0.04924931, 
                -0.5066811
            ], 
            [
                0.99998489, 
                0.00438121, 
                0.00332135, 
                0.26333541
            ], 
            [
                0.00353306, 
                -0.04923457, 
                -0.99878099, 
                0.0549607
            ], 
            [
                0.0, 
                0.0, 
                0.0, 
                1.0
            ]
        ], 
        [
            [
                -0.00381214, 
                0.99884903, 
                -0.04781302, 
                -0.50671461
            ], 
            [
                0.99998731, 
                0.00396517, 
                0.00310626, 
                0.02032075
            ], 
            [
                0.00329227, 
                -0.04780057, 
                -0.99885147, 
                0.05499263
            ], 
            [
                0.0, 
                0.0, 
                0.0, 
                1.0
            ]
        ], 
        [
            [
                -0.00529598, 
                0.99885047, 
                -0.04764131, 
                -0.50685056
            ], 
            [
                0.99998041, 
                0.00544895, 
                0.00308152, 
                0.07039546
            ], 
            [
                0.00333757, 
                -0.04762406, 
                -0.99885975, 
                0.24991077
            ], 
            [
                0.0, 
                0.0, 
                0.0, 
                1.0
            ]
        ]
    ], 
    "goal_contact_area_index": [
        3975, 
        4234, 
        9365, 
        9436, 
        9438, 
        9469, 
        9505, 
        9506, 
        9528, 
        9599, 
        9610, 
        9645, 
        9647
    ], 
    "changing_point": [
        1, 
        -2
    ], 
    "tool_trajectory_goal_frame": [
        [
            [
                -0.99998109, 
                -0.004676790000000184, 
                -0.003994039999999991, 
                -0.33325553
            ], 
            [
                -0.004473510000000184, 
                0.99876552, 
                -0.04947136, 
                -0.006636510000000095
            ], 
            [
                0.00422047, 
                -0.04945256, 
                -0.99876756, 
                0.20547623999999998
            ], 
            [
                0.0, 
                0.0, 
                0.0, 
                1.0
            ]
        ], 
        [
            [
                -0.99998489, 
                -0.004381210000000184, 
                -0.0033213499999999907, 
                -0.26333541
            ], 
            [
                -0.004212350000000184, 
                0.99877763, 
                -0.04924931, 
                -0.006681099999999995
            ], 
            [
                0.00353306, 
                -0.04923457, 
                -0.99878099, 
                0.010460700000000003
            ], 
            [
                0.0, 
                0.0, 
                0.0, 
                1.0
            ]
        ], 
        [
            [
                -0.99998731, 
                -0.0039651700000001835, 
                -0.0031062599999999913, 
                -0.020320749999999995
            ], 
            [
                -0.0038121400000001838, 
                0.99884903, 
                -0.04781302, 
                -0.006714609999999954
            ], 
            [
                0.00329227, 
                -0.04780057, 
                -0.99885147, 
                0.010492630000000003
            ], 
            [
                0.0, 
                0.0, 
                0.0, 
                1.0
            ]
        ], 
        [
            [
                -0.99998041, 
                -0.005448950000000184, 
                -0.0030815199999999912, 
                -0.07039546
            ], 
            [
                -0.0052959800000001835, 
                0.99885047, 
                -0.04764131, 
                -0.00685055999999995
            ], 
            [
                0.00333757, 
                -0.04762406, 
                -0.99885975, 
                0.20541077000000002
            ], 
            [
                0.0, 
                0.0, 
                0.0, 
                1.0
            ]
        ]
    ], 
    "Teffectivestart_unhoveringstart": [
        [
            0.9999999359186882, 
            -0.00012787268701691768, 
            -0.0003097865917816843, 
            -0.19997906244800923
        ], 
        [
            0.00012812524068755307, 
            0.9999996340103465, 
            0.0008479088334904648, 
            -0.0008516472889885628
        ], 
        [
            0.0003096816183788026, 
            -0.0008479528506971135, 
            0.9999995853363989, 
            -0.0006319103097017133
        ], 
        [
            0.0, 
            0.0, 
            0.0, 
            1.0
        ]
    ], 
    "raw sample file path": "learned_samples/ur/simulator/pointcloud/push/plunger/blue_puck/raw/raw_sample_16.txt", 
    "trajectory_thetas": [
        0.19998187112743881
    ], 
    "tool": "plunger", 
    "Tworld_goalend": [
        [
            -0.00011597062200018369, 
            0.999999633, 
            -0.000848732552, 
            -0.50005156
        ], 
        [
            -0.999999945, 
            -0.0001157055870001837, 
            0.000312314357, 
            -0.199985919
        ], 
        [
            0.0003122160399999998, 
            0.0008487687240000001, 
            0.999999591, 
            0.0445255563
        ], 
        [
            0.0, 
            0.0, 
            0.0, 
            1.0
        ]
    ], 
    "Tworld_toolend": [
        [
            -0.00381214, 
            0.99884903, 
            -0.04781302, 
            -0.50671461
        ], 
        [
            0.99998731, 
            0.00396517, 
            0.00310626, 
            0.02032075
        ], 
        [
            0.00329227, 
            -0.04780057, 
            -0.99885147, 
            0.05499263
        ], 
        [
            0.0, 
            0.0, 
            0.0, 
            1.0
        ]
    ], 
    "hovering_start": [
        [
            -0.99998109, 
            -0.004676790000000184, 
            -0.003994039999999991, 
            -0.33325553
        ], 
        [
            -0.004473510000000184, 
            0.99876552, 
            -0.04947136, 
            -0.006636510000000095
        ], 
        [
            0.00422047, 
            -0.04945256, 
            -0.99876756, 
            0.20547623999999998
        ], 
        [
            0.0, 
            0.0, 
            0.0, 
            1.0
        ]
    ], 
    "v_start_tool_frame": [
        -0.9999859397123344, 
        -0.0042586119295528035, 
        -0.0031598420962326438
    ], 
    "task": "push", 
    "unhovering_start": [
        [
            -0.99998731, 
            -0.0039651700000001835, 
            -0.0031062599999999913, 
            -0.020320749999999995
        ], 
        [
            -0.0038121400000001838, 
            0.99884903, 
            -0.04781302, 
            -0.006714609999999954
        ], 
        [
            0.00329227, 
            -0.04780057, 
            -0.99885147, 
            0.010492630000000003
        ], 
        [
            0.0, 
            0.0, 
            0.0, 
            1.0
        ]
    ], 
    "Teffectivestart_hoveringend": [
        [
            0.999999955522348, 
            0.00028326804138581365, 
            -8.88078628308138e-05, 
            0.04303189637391347
        ], 
        [
            -0.00028333120171403073, 
            0.9999997831116584, 
            -0.0005892162332431867, 
            0.00017874734227748146
        ], 
        [
            8.864469897386035e-05, 
            0.0005892341610268957, 
            0.9999998147836594, 
            0.00022765615784379502
        ], 
        [
            0.0, 
            0.0, 
            0.0, 
            1.0
        ]
    ], 
    "Tworld_toolstart": [
        [
            -0.003925048343833758, 
            0.9988076330012784, 
            -0.04866115575191576, 
            -0.5066796552584923
        ], 
        [
            0.9999857850049491, 
            0.004095931029883989, 
            0.0034125723739981805, 
            0.22030261434083784
        ], 
        [
            0.003607814534503161, 
            -0.04864706775634255, 
            -0.9988095108736708, 
            0.05504152907640481
        ], 
        [
            0.0, 
            0.0, 
            0.0, 
            1.0
        ]
    ], 
    "unhovering_end": [
        [
            -0.99998041, 
            -0.005448950000000184, 
            -0.0030815199999999912, 
            -0.07039546
        ], 
        [
            -0.0052959800000001835, 
            0.99885047, 
            -0.04764131, 
            -0.00685055999999995
        ], 
        [
            0.00333757, 
            -0.04762406, 
            -0.99885975, 
            0.20541077000000002
        ], 
        [
            0.0, 
            0.0, 
            0.0, 
            1.0
        ]
    ], 
    "trajectory_screw_axes": [
        [
            -0.0, 
            -0.0, 
            -0.0, 
            0.9999859397123344, 
            0.0042586119295528035, 
            0.0031598420962326438
        ]
    ]
}