{
    "Tworld_goalstart": [
        [
            -0.9510565162951535, 
            -0.3090169943749475, 
            0.0, 
            -0.5
        ], 
        [
            0.3090169943749475, 
            -0.9510565162951535, 
            0.0, 
            0.0
        ], 
        [
            0.0, 
            0.0, 
            1.0, 
            0.0445
        ], 
        [
            0.0, 
            0.0, 
            0.0, 
            1.0
        ]
    ], 
    "Teffectivestart_hoveringstart": [
        [
            0.9999996606897795, 
            0.000578104904562506, 
            0.0005847925848181178, 
            0.11365442734151399
        ], 
        [
            -0.0005776358485330029, 
            0.9999995028008167, 
            -0.0008088995064266029, 
            -0.00897726202416556
        ], 
        [
            -0.0005852515672346562, 
            0.000808562621040711, 
            0.9999995015848734, 
            -0.1943192822933573
        ], 
        [
            0.0, 
            0.0, 
            0.0, 
            1.0
        ]
    ], 
    "hovering_end": [
        [
            0.31301850804457837, 
            -0.9485401049954043, 
            0.0478652307928073, 
            0.08772922060171401
        ], 
        [
            -0.949740458094937, 
            -0.3128060395912909, 
            0.012060082190843136, 
            -0.24838228421063746
        ], 
        [
            0.00353306, 
            -0.04923457, 
            -0.99878099, 
            0.010460700000000003
        ], 
        [
            0.0, 
            0.0, 
            0.0, 
            1.0
        ]
    ], 
    "sample file path": "learned_samples/ur/simulator/pointcloud/push/plunger/blue_puck/sample/sample_10.txt", 
    "v_start_goal_frame": [
        -0.3088507541954779, 
        0.9511104795743753, 
        -0.0002445144859318728
    ], 
    "Teffectiveend_unhoveringend": [
        [
            0.9999988974473781, 
            0.0014843317581024766, 
            -2.5419750117899373e-05, 
            0.05071631595714088
        ], 
        [
            -0.001484329911994665, 
            0.9999988863013299, 
            0.00017180786928660158, 
            -0.009254436983117568
        ], 
        [
            2.567924529830188e-05, 
            -0.00017176930532420304, 
            0.999999976521504, 
            -0.19453222541991222
        ], 
        [
            0.0, 
            0.0, 
            0.0, 
            1.0
        ]
    ], 
    "task_type": "pose_change", 
    "goal": "blue_puck", 
    "trajectory": [
        [
            [
                0.9999999925421806, 
                -5.037587962966898e-09, 
                1.782561850840431e-09, 
                2.7755575615628914e-17
            ], 
            [
                -5.037587962966898e-09, 
                1.0000000015939081, 
                -2.183448320141237e-09, 
                -1.734723475976807e-18
            ], 
            [
                1.782561850840431e-09, 
                -2.183448320141237e-09, 
                0.9999999927410214, 
                0.0
            ], 
            [
                0.0, 
                0.0, 
                0.0, 
                1.0
            ]
        ], 
        [
            [
                0.9999999359186881, 
                -0.00012787268701701854, 
                -0.00030978659178167953, 
                -0.19997906081937417
            ], 
            [
                0.00012812524068747203, 
                0.9999996340103465, 
                0.0008479088334904648, 
                -0.0008516461895119879
            ], 
            [
                0.0003096816183788078, 
                -0.0008479528506971204, 
                0.9999995853363989, 
                -0.0006319107848433616
            ], 
            [
                0.0, 
                0.0, 
                0.0, 
                1.0
            ]
        ]
    ], 
    "tool_contact_area_index": [
        1373, 
        1375, 
        1376, 
        1377, 
        1378, 
        1628, 
        1641, 
        1643, 
        1644, 
        1942, 
        1943, 
        1944, 
        1945, 
        1946, 
        1947, 
        1948, 
        1949, 
        1952, 
        1953, 
        1955, 
        1957, 
        2309, 
        2310, 
        2311, 
        2674, 
        3041
    ], 
    "v_start_world_frame": [
        -0.00017477937630629072, 
        -0.9999999510877404, 
        -0.0002445144859318728
    ], 
    "Ttool_goal": [
        [
            0.31274554450407843, 
            -0.9498300903894932, 
            0.003607814534503161, 
            -0.22036373422052769
        ], 
        [
            -0.9486567955951822, 
            -0.3125439946050773, 
            -0.04864706775634255, 
            0.00628215972371482
        ], 
        [
            0.04733405212641278, 
            0.011791574899648403, 
            -0.9988095108736708, 
            0.0094521416152844
        ], 
        [
            0.0, 
            0.0, 
            0.0, 
            1.0
        ]
    ], 
    "tool_trajectory_world_frame": [
        [
            [
                -0.00447351, 
                0.99876552, 
                -0.04947136, 
                -0.50663651
            ], 
            [
                0.99998109, 
                0.00467679, 
                0.00399404, 
                0.33325553
            ], 
            [
                0.00422047, 
                -0.04945256, 
                -0.99876756, 
                0.24997624
            ], 
            [
                0.0, 
                0.0, 
                0.0, 
                1.0
            ]
        ], 
        [
            [
                -0.00421235, 
                0.99877763, 
                -0.04924931, 
                -0.5066811
            ], 
            [
                0.99998489, 
                0.00438121, 
                0.00332135, 
                0.26333541
            ], 
            [
                0.00353306, 
                -0.04923457, 
                -0.99878099, 
                0.0549607
            ], 
            [
                0.0, 
                0.0, 
                0.0, 
                1.0
            ]
        ], 
        [
            [
                -0.00381214, 
                0.99884903, 
                -0.04781302, 
                -0.50671461
            ], 
            [
                0.99998731, 
                0.00396517, 
                0.00310626, 
                0.02032075
            ], 
            [
                0.00329227, 
                -0.04780057, 
                -0.99885147, 
                0.05499263
            ], 
            [
                0.0, 
                0.0, 
                0.0, 
                1.0
            ]
        ], 
        [
            [
                -0.00529598, 
                0.99885047, 
                -0.04764131, 
                -0.50685056
            ], 
            [
                0.99998041, 
                0.00544895, 
                0.00308152, 
                0.07039546
            ], 
            [
                0.00333757, 
                -0.04762406, 
                -0.99885975, 
                0.24991077
            ], 
            [
                0.0, 
                0.0, 
                0.0, 
                1.0
            ]
        ]
    ], 
    "goal_contact_area_index": [
        7, 
        15, 
        18, 
        34, 
        41, 
        42, 
        44, 
        59, 
        61, 
        63, 
        69, 
        71, 
        78, 
        83, 
        86, 
        89, 
        93, 
        95, 
        108, 
        143, 
        144, 
        147, 
        148, 
        151, 
        162, 
        164, 
        173, 
        187, 
        196, 
        197, 
        204, 
        211, 
        212, 
        217, 
        223, 
        224, 
        225, 
        227, 
        245, 
        260, 
        279, 
        280, 
        282, 
        288, 
        292, 
        325
    ], 
    "changing_point": [
        1, 
        -2
    ], 
    "tool_trajectory_goal_frame": [
        [
            [
                0.3132657116997954, 
                -0.9484372484577946, 
                0.048284285534196725, 
                0.10929331832038808
            ], 
            [
                -0.9496561412019241, 
                -0.3130834106805755, 
                0.011488933206497506, 
                -0.31489404902455576
            ], 
            [
                0.00422047, 
                -0.04945256, 
                -0.99876756, 
                0.20547623999999998
            ], 
            [
                0.0, 
                0.0, 
                0.0, 
                1.0
            ]
        ], 
        [
            [
                0.31301850804457837, 
                -0.9485401049954043, 
                0.0478652307928073, 
                0.08772922060171401
            ], 
            [
                -0.949740458094937, 
                -0.3128060395912909, 
                0.012060082190843136, 
                -0.24838228421063746
            ], 
            [
                0.00353306, 
                -0.04923457, 
                -0.99878099, 
                0.010460700000000003
            ], 
            [
                0.0, 
                0.0, 
                0.0, 
                1.0
            ]
        ], 
        [
            [
                0.3126386335373183, 
                -0.9487365738610076, 
                0.046432771363697625, 
                0.012665430683325318
            ], 
            [
                -0.9498664313430252, 
                -0.3124324258516498, 
                0.011820806918082268, 
                -0.01725125310290479
            ], 
            [
                0.00329227, 
                -0.04780057, 
                -0.99885147, 
                0.010492630000000003
            ], 
            [
                0.0, 
                0.0, 
                0.0, 
                1.0
            ]
        ], 
        [
            [
                0.31404771702119655, 
                -0.9482794301464775, 
                0.04626182036884375, 
                0.02826866319511273
            ], 
            [
                -0.9494013372761295, 
                -0.3138440294738702, 
                0.01179127474819129, 
                -0.0648331214896096
            ], 
            [
                0.00333757, 
                -0.04762406, 
                -0.99885975, 
                0.20541077000000002
            ], 
            [
                0.0, 
                0.0, 
                0.0, 
                1.0
            ]
        ]
    ], 
    "Teffectivestart_unhoveringstart": [
        [
            0.9999999359186881, 
            -0.00012787268701701854, 
            -0.00030978659178167953, 
            -0.1999790624480092
        ], 
        [
            0.00012812524068747203, 
            0.9999996340103465, 
            0.0008479088334904648, 
            -0.0008516472889886105
        ], 
        [
            0.0003096816183788078, 
            -0.0008479528506971204, 
            0.9999995853363989, 
            -0.0006319103097017116
        ], 
        [
            0.0, 
            0.0, 
            0.0, 
            1.0
        ]
    ], 
    "raw sample file path": "learned_samples/ur/simulator/pointcloud/push/plunger/blue_puck/raw/raw_sample_10.txt", 
    "trajectory_thetas": [
        0.19998187112743862
    ], 
    "tool": "plunger", 
    "Tworld_goalend": [
        [
            -0.951020330364366, 
            -0.30912717558146247, 
            -0.000848732552, 
            -0.50005156
        ], 
        [
            0.30912701993150093, 
            -0.951020708994318, 
            0.000312314357, 
            -0.199985919
        ], 
        [
            -0.000903707088064171, 
            3.4651139323928924e-05, 
            0.999999591, 
            0.0445255563
        ], 
        [
            0.0, 
            0.0, 
            0.0, 
            1.0
        ]
    ], 
    "Tworld_toolend": [
        [
            -0.00381214, 
            0.99884903, 
            -0.04781302, 
            -0.50671461
        ], 
        [
            0.99998731, 
            0.00396517, 
            0.00310626, 
            0.02032075
        ], 
        [
            0.00329227, 
            -0.04780057, 
            -0.99885147, 
            0.05499263
        ], 
        [
            0.0, 
            0.0, 
            0.0, 
            1.0
        ]
    ], 
    "hovering_start": [
        [
            0.3132657116997954, 
            -0.9484372484577946, 
            0.048284285534196725, 
            0.10929331832038808
        ], 
        [
            -0.9496561412019241, 
            -0.3130834106805755, 
            0.011488933206497506, 
            -0.31489404902455576
        ], 
        [
            0.00422047, 
            -0.04945256, 
            -0.99876756, 
            0.20547623999999998
        ], 
        [
            0.0, 
            0.0, 
            0.0, 
            1.0
        ]
    ], 
    "v_start_tool_frame": [
        -0.9999859397123344, 
        -0.004258611929552685, 
        -0.0031598420962326533
    ], 
    "task": "push", 
    "unhovering_start": [
        [
            0.3126386335373183, 
            -0.9487365738610076, 
            0.046432771363697625, 
            0.012665430683325318
        ], 
        [
            -0.9498664313430252, 
            -0.3124324258516498, 
            0.011820806918082268, 
            -0.01725125310290479
        ], 
        [
            0.00329227, 
            -0.04780057, 
            -0.99885147, 
            0.010492630000000003
        ], 
        [
            0.0, 
            0.0, 
            0.0, 
            1.0
        ]
    ], 
    "Teffectivestart_hoveringend": [
        [
            0.9999999555223478, 
            0.0002832680413857375, 
            -8.880786283080773e-05, 
            0.043031896373913414
        ], 
        [
            -0.00028333120171407616, 
            0.9999997831116584, 
            -0.0005892162332431867, 
            0.0001787473422774433
        ], 
        [
            8.864469897386295e-05, 
            0.0005892341610268957, 
            0.9999998147836594, 
            0.00022765615784379675
        ], 
        [
            0.0, 
            0.0, 
            0.0, 
            1.0
        ]
    ], 
    "Tworld_toolstart": [
        [
            -0.003925048343833812, 
            0.9988076330012784, 
            -0.04866115575191576, 
            -0.5066796552584923
        ], 
        [
            0.9999857850049488, 
            0.004095931029883935, 
            0.003412572373998185, 
            0.22030261434083778
        ], 
        [
            0.003607814534503161, 
            -0.04864706775634255, 
            -0.9988095108736708, 
            0.05504152907640481
        ], 
        [
            0.0, 
            0.0, 
            0.0, 
            1.0
        ]
    ], 
    "unhovering_end": [
        [
            0.31404771702119655, 
            -0.9482794301464775, 
            0.04626182036884375, 
            0.02826866319511273
        ], 
        [
            -0.9494013372761295, 
            -0.3138440294738702, 
            0.01179127474819129, 
            -0.0648331214896096
        ], 
        [
            0.00333757, 
            -0.04762406, 
            -0.99885975, 
            0.20541077000000002
        ], 
        [
            0.0, 
            0.0, 
            0.0, 
            1.0
        ]
    ], 
    "trajectory_screw_axes": [
        [
            -0.0, 
            -0.0, 
            -0.0, 
            0.9999859397123344, 
            0.004258611929552685, 
            0.0031598420962326533
        ]
    ]
}