{
    "Tworld_goalstart": [
        [
            0.30901699437494723, 
            0.9510565162951536, 
            0.0, 
            -0.5
        ], 
        [
            -0.9510565162951536, 
            0.30901699437494723, 
            0.0, 
            0.0
        ], 
        [
            0.0, 
            0.0, 
            1.0, 
            0.0445
        ], 
        [
            0.0, 
            0.0, 
            0.0, 
            1.0
        ]
    ], 
    "Teffectivestart_hoveringstart": [
        [
            0.9999996606897796, 
            0.000578104904562601, 
            0.0005847925848181091, 
            0.11365442734151399
        ], 
        [
            -0.0005776358485329037, 
            0.9999995028008167, 
            -0.0008088995064266029, 
            -0.008977262024165527
        ], 
        [
            -0.0005852515672346632, 
            0.000808562621040718, 
            0.9999995015848734, 
            -0.1943192822933573
        ], 
        [
            0.0, 
            0.0, 
            0.0, 
            1.0
        ]
    ], 
    "hovering_end": [
        [
            -0.9523438335674478, 
            0.30447248295177565, 
            -0.01837766531163694, 
            -0.25251143109287444
        ], 
        [
            0.3050061422117463, 
            0.9512478416872553, 
            -0.04581252360427284, 
            0.07502101321967491
        ], 
        [
            0.00353306, 
            -0.04923457, 
            -0.99878099, 
            0.010460700000000003
        ], 
        [
            0.0, 
            0.0, 
            0.0, 
            1.0
        ]
    ], 
    "sample file path": "learned_samples/ur/simulator/pointcloud/push/plunger/blue_puck/sample/sample_17.txt", 
    "v_start_goal_frame": [
        0.9510024599792856, 
        -0.3091832043249783, 
        -0.0002445144859318728
    ], 
    "Teffectiveend_unhoveringend": [
        [
            0.9999988974473781, 
            0.0014843317581025028, 
            -2.5419750117901108e-05, 
            0.05071631595714089
        ], 
        [
            -0.0014843299119945957, 
            0.9999988863013298, 
            0.00017180786928660158, 
            -0.009254436983117571
        ], 
        [
            2.5679245298301012e-05, 
            -0.0001717693053241961, 
            0.999999976521504, 
            -0.19453222541991222
        ], 
        [
            0.0, 
            0.0, 
            0.0, 
            1.0
        ]
    ], 
    "task_type": "pose_change", 
    "goal": "blue_puck", 
    "trajectory": [
        [
            [
                0.9999999925421809, 
                -5.037587813807784e-09, 
                1.7825618439015372e-09, 
                0.0
            ], 
            [
                -5.037587813807784e-09, 
                1.000000001593908, 
                -2.183448306263449e-09, 
                -8.673617379884035e-19
            ], 
            [
                1.7825618439015372e-09, 
                -2.183448306263449e-09, 
                0.9999999927410214, 
                0.0
            ], 
            [
                0.0, 
                0.0, 
                0.0, 
                1.0
            ]
        ], 
        [
            [
                0.9999999359186882, 
                -0.00012787268701691575, 
                -0.0003097865917816843, 
                -0.19997906081937425
            ], 
            [
                0.0001281252406876153, 
                0.9999996340103464, 
                0.0008479088334904717, 
                -0.000851646189512026
            ], 
            [
                0.00030968161837879784, 
                -0.0008479528506971065, 
                0.9999995853363989, 
                -0.0006319107848433599
            ], 
            [
                0.0, 
                0.0, 
                0.0, 
                1.0
            ]
        ]
    ], 
    "tool_contact_area_index": [
        1117, 
        1120, 
        1124, 
        1127, 
        1369, 
        1371, 
        1372, 
        1373, 
        1374, 
        1375, 
        1376, 
        1377, 
        1378, 
        1379, 
        1626, 
        1627, 
        1628, 
        1629, 
        1630, 
        1631, 
        1632, 
        1633, 
        1634, 
        1635, 
        1636, 
        1639, 
        1640, 
        1641, 
        1642, 
        1643, 
        1644, 
        1942, 
        1943, 
        1944, 
        1945, 
        1946, 
        1947, 
        2306, 
        2307, 
        2310, 
        2671, 
        2672, 
        2674
    ], 
    "v_start_world_frame": [
        -0.00017477937630669838, 
        -0.9999999510877405, 
        -0.0002445144859318728
    ], 
    "Ttool_goal": [
        [
            -0.9522559036734691, 
            0.3052796588957249, 
            0.003607814534503161, 
            -0.22036373422052769
        ], 
        [
            0.30475307081254366, 
            0.9511882201872259, 
            -0.04864706775634255, 
            0.00628215972371482
        ], 
        [
            -0.01828267328688797, 
            -0.04522496641021298, 
            -0.9988095108736708, 
            0.0094521416152844
        ], 
        [
            0.0, 
            0.0, 
            0.0, 
            1.0
        ]
    ], 
    "tool_trajectory_world_frame": [
        [
            [
                -0.00447351, 
                0.99876552, 
                -0.04947136, 
                -0.50663651
            ], 
            [
                0.99998109, 
                0.00467679, 
                0.00399404, 
                0.33325553
            ], 
            [
                0.00422047, 
                -0.04945256, 
                -0.99876756, 
                0.24997624
            ], 
            [
                0.0, 
                0.0, 
                0.0, 
                1.0
            ]
        ], 
        [
            [
                -0.00421235, 
                0.99877763, 
                -0.04924931, 
                -0.5066811
            ], 
            [
                0.99998489, 
                0.00438121, 
                0.00332135, 
                0.26333541
            ], 
            [
                0.00353306, 
                -0.04923457, 
                -0.99878099, 
                0.0549607
            ], 
            [
                0.0, 
                0.0, 
                0.0, 
                1.0
            ]
        ], 
        [
            [
                -0.00381214, 
                0.99884903, 
                -0.04781302, 
                -0.50671461
            ], 
            [
                0.99998731, 
                0.00396517, 
                0.00310626, 
                0.02032075
            ], 
            [
                0.00329227, 
                -0.04780057, 
                -0.99885147, 
                0.05499263
            ], 
            [
                0.0, 
                0.0, 
                0.0, 
                1.0
            ]
        ], 
        [
            [
                -0.00529598, 
                0.99885047, 
                -0.04764131, 
                -0.50685056
            ], 
            [
                0.99998041, 
                0.00544895, 
                0.00308152, 
                0.07039546
            ], 
            [
                0.00333757, 
                -0.04762406, 
                -0.99885975, 
                0.24991077
            ], 
            [
                0.0, 
                0.0, 
                0.0, 
                1.0
            ]
        ]
    ], 
    "goal_contact_area_index": [
        3574, 
        3784, 
        9325, 
        9329, 
        9400, 
        9461, 
        9512, 
        9516, 
        9553, 
        9613, 
        9654
    ], 
    "changing_point": [
        1, 
        -2
    ], 
    "tool_trajectory_goal_frame": [
        [
            [
                -0.9524209224309368, 
                0.30418762747088723, 
                -0.019086048743184484, 
                -0.31899563777123435
            ], 
            [
                0.3047565900273721, 
                0.9513276636360404, 
                -0.0458158330617701, 
                0.09666992615847214
            ], 
            [
                0.00422047, 
                -0.04945256, 
                -0.99876756, 
                0.20547623999999998
            ], 
            [
                0.0, 
                0.0, 
                0.0, 
                1.0
            ]
        ], 
        [
            [
                -0.9523438335674478, 
                0.30447248295177565, 
                -0.01837766531163694, 
                -0.25251143109287444
            ], 
            [
                0.3050061422117463, 
                0.9512478416872553, 
                -0.04581252360427284, 
                0.07502101321967491
            ], 
            [
                0.00353306, 
                -0.04923457, 
                -0.99878099, 
                0.010460700000000003
            ], 
            [
                0.0, 
                0.0, 
                0.0, 
                1.0
            ]
        ], 
        [
            [
                -0.9522224634328983, 
                0.30489022431821344, 
                -0.01772926454669622, 
                -0.021401110304104715
            ], 
            [
                0.3053875123612592, 
                0.9511871836921791, 
                -0.04451299710580338, 
                -0.00010651650643589416
            ], 
            [
                0.00329227, 
                -0.04780057, 
                -0.99885147, 
                0.010492630000000003
            ], 
            [
                0.0, 
                0.0, 
                0.0, 
                1.0
            ]
        ], 
        [
            [
                -0.9526744329198693, 
                0.30347951066493695, 
                -0.01765267410037896, 
                -0.06906700041158007
            ], 
            [
                0.30397416444285863, 
                0.9516470664494763, 
                -0.04435733627183118, 
                0.015238123738570919
            ], 
            [
                0.00333757, 
                -0.04762406, 
                -0.99885975, 
                0.20541077000000002
            ], 
            [
                0.0, 
                0.0, 
                0.0, 
                1.0
            ]
        ]
    ], 
    "Teffectivestart_unhoveringstart": [
        [
            0.9999999359186882, 
            -0.00012787268701691575, 
            -0.0003097865917816843, 
            -0.1999790624480092
        ], 
        [
            0.0001281252406876153, 
            0.9999996340103464, 
            0.0008479088334904717, 
            -0.0008516472889886139
        ], 
        [
            0.00030968161837879784, 
            -0.0008479528506971065, 
            0.9999995853363989, 
            -0.0006319103097017116
        ], 
        [
            0.0, 
            0.0, 
            0.0, 
            1.0
        ]
    ], 
    "raw sample file path": "learned_samples/ur/simulator/pointcloud/push/plunger/blue_puck/raw/raw_sample_17.txt", 
    "trajectory_thetas": [
        0.19998187112743876
    ], 
    "tool": "plunger", 
    "Tworld_goalend": [
        [
            0.3089065863499584, 
            0.9510920041504585, 
            -0.000848732552, 
            -0.50005156
        ], 
        [
            -0.9510922189797724, 
            0.3089069348265244, 
            0.000312314357, 
            -0.199985919
        ], 
        [
            0.0005592190593438074, 
            0.0007107469635112744, 
            0.999999591, 
            0.0445255563
        ], 
        [
            0.0, 
            0.0, 
            0.0, 
            1.0
        ]
    ], 
    "Tworld_toolend": [
        [
            -0.00381214, 
            0.99884903, 
            -0.04781302, 
            -0.50671461
        ], 
        [
            0.99998731, 
            0.00396517, 
            0.00310626, 
            0.02032075
        ], 
        [
            0.00329227, 
            -0.04780057, 
            -0.99885147, 
            0.05499263
        ], 
        [
            0.0, 
            0.0, 
            0.0, 
            1.0
        ]
    ], 
    "hovering_start": [
        [
            -0.9524209224309368, 
            0.30418762747088723, 
            -0.019086048743184484, 
            -0.31899563777123435
        ], 
        [
            0.3047565900273721, 
            0.9513276636360404, 
            -0.0458158330617701, 
            0.09666992615847214
        ], 
        [
            0.00422047, 
            -0.04945256, 
            -0.99876756, 
            0.20547623999999998
        ], 
        [
            0.0, 
            0.0, 
            0.0, 
            1.0
        ]
    ], 
    "v_start_tool_frame": [
        -0.9999859397123344, 
        -0.004258611929553026, 
        -0.0031598420962326364
    ], 
    "task": "push", 
    "unhovering_start": [
        [
            -0.9522224634328983, 
            0.30489022431821344, 
            -0.01772926454669622, 
            -0.021401110304104715
        ], 
        [
            0.3053875123612592, 
            0.9511871836921791, 
            -0.04451299710580338, 
            -0.00010651650643589416
        ], 
        [
            0.00329227, 
            -0.04780057, 
            -0.99885147, 
            0.010492630000000003
        ], 
        [
            0.0, 
            0.0, 
            0.0, 
            1.0
        ]
    ], 
    "Teffectivestart_hoveringend": [
        [
            0.9999999555223479, 
            0.0002832680413857294, 
            -8.88078628308151e-05, 
            0.04303189637391347
        ], 
        [
            -0.00028333120171401566, 
            0.9999997831116583, 
            -0.0005892162332431867, 
            0.0001787473422774728
        ], 
        [
            8.864469897386035e-05, 
            0.0005892341610269026, 
            0.9999998147836594, 
            0.00022765615784379675
        ], 
        [
            0.0, 
            0.0, 
            0.0, 
            1.0
        ]
    ], 
    "Tworld_toolstart": [
        [
            -0.003925048343833746, 
            0.9988076330012783, 
            -0.048661155751915756, 
            -0.5066796552584923
        ], 
        [
            0.999985785004949, 
            0.004095931029883997, 
            0.003412572373998177, 
            0.22030261434083784
        ], 
        [
            0.003607814534503161, 
            -0.04864706775634255, 
            -0.9988095108736708, 
            0.05504152907640481
        ], 
        [
            0.0, 
            0.0, 
            0.0, 
            1.0
        ]
    ], 
    "unhovering_end": [
        [
            -0.9526744329198693, 
            0.30347951066493695, 
            -0.01765267410037896, 
            -0.06906700041158007
        ], 
        [
            0.30397416444285863, 
            0.9516470664494763, 
            -0.04435733627183118, 
            0.015238123738570919
        ], 
        [
            0.00333757, 
            -0.04762406, 
            -0.99885975, 
            0.20541077000000002
        ], 
        [
            0.0, 
            0.0, 
            0.0, 
            1.0
        ]
    ], 
    "trajectory_screw_axes": [
        [
            -0.0, 
            -0.0, 
            -0.0, 
            0.9999859397123344, 
            0.004258611929553026, 
            0.0031598420962326364
        ]
    ]
}