{
    "Tworld_goalstart": [
        [
            1.0, 
            -4.340056497651562e-18, 
            0.0, 
            0.0
        ], 
        [
            -4.340056497651562e-18, 
            1.0, 
            0.0, 
            0.0
        ], 
        [
            0.0, 
            0.0, 
            1.0, 
            0.0
        ], 
        [
            0.0, 
            0.0, 
            0.0, 
            1.0
        ]
    ], 
    "Teffectivestart_hoveringstart": [
        [
            1.0, 
            4.340056497651562e-18, 
            0.0, 
            -0.04999999999999977
        ], 
        [
            4.340056497651562e-18, 
            1.0, 
            0.0, 
            9.895953747993589e-18
        ], 
        [
            0.0, 
            0.0, 
            1.0, 
            0.1
        ], 
        [
            0.0, 
            0.0, 
            0.0, 
            1.0
        ]
    ], 
    "hovering_end": [
        [
            0.06279051952931372, 
            -0.9980267284282716, 
            0.0, 
            0.0037674311717588228
        ], 
        [
            0.9980267284282716, 
            0.06279051952931372, 
            0.0, 
            0.05988160370569629
        ], 
        [
            0.0, 
            0.0, 
            1.0, 
            0.0
        ], 
        [
            0.0, 
            0.0, 
            0.0, 
            1.0
        ]
    ], 
    "sample file path": "learned_samples/ur/simulator/pointcloud/pull/meiying_L_chain_pull_tool/meiying_tool_target/sample/sample_20.txt", 
    "v_start_goal_frame": [
        0.06279051952931371, 
        0.9980267284282716, 
        0.0
    ], 
    "Teffectiveend_unhoveringend": [
        [
            1.0, 
            4.340056497651562e-18, 
            0.0, 
            1.1102230246251565e-16
        ], 
        [
            4.340056497651562e-18, 
            1.0, 
            0.0, 
            9.746137074577468e-19
        ], 
        [
            0.0, 
            0.0, 
            1.0, 
            0.1
        ], 
        [
            0.0, 
            0.0, 
            0.0, 
            1.0
        ]
    ], 
    "task_type": "pose_change", 
    "goal": "meiying_tool_target", 
    "trajectory": [
        [
            [
                1.0, 
                4.340056497651562e-18, 
                0.0, 
                0.0
            ], 
            [
                4.340056497651562e-18, 
                1.0, 
                0.0, 
                6.256653999609236e-20
            ], 
            [
                0.0, 
                0.0, 
                1.0, 
                0.0
            ], 
            [
                0.0, 
                0.0, 
                0.0, 
                1.0
            ]
        ], 
        [
            [
                1.0, 
                4.340056497651562e-18, 
                0.0, 
                0.6000000000000002
            ], 
            [
                4.340056497651562e-18, 
                1.0, 
                0.0, 
                3.5766989214229574e-18
            ], 
            [
                0.0, 
                0.0, 
                1.0, 
                0.0
            ], 
            [
                0.0, 
                0.0, 
                0.0, 
                1.0
            ]
        ]
    ], 
    "tool_contact_area_index": [
        1139, 
        1381, 
        1382, 
        1383, 
        1384, 
        1385, 
        1386, 
        1387, 
        1388, 
        1389, 
        1390, 
        1391, 
        1392, 
        1394, 
        1400, 
        1401, 
        1402, 
        1403, 
        1736, 
        1743, 
        1744, 
        1745, 
        1752, 
        1754, 
        1755, 
        1756, 
        1757, 
        1758, 
        1759, 
        1760, 
        1761, 
        1762, 
        2104, 
        2105, 
        2106, 
        2107, 
        2108, 
        2109, 
        2110, 
        2112, 
        2113, 
        2114, 
        2115, 
        2116, 
        2117, 
        2118, 
        2119, 
        2120, 
        2121, 
        2122, 
        2123, 
        2125, 
        2126, 
        2127, 
        2128, 
        2129, 
        2130, 
        2131, 
        2132, 
        2133, 
        2338, 
        2536, 
        2537, 
        2546, 
        2547, 
        2549, 
        2551, 
        2552, 
        2553, 
        2554, 
        2718, 
        2719, 
        3064, 
        3068, 
        3069, 
        3070, 
        3071, 
        3072
    ], 
    "v_start_world_frame": [
        0.06279051952931371, 
        0.9980267284282716, 
        0.0
    ], 
    "Ttool_goal": [
        [
            0.06279051952931372, 
            0.9980267284282716, 
            0.0, 
            -0.10999999999999976
        ], 
        [
            -0.9980267284282716, 
            0.06279051952931372, 
            0.0, 
            9.549378631909113e-18
        ], 
        [
            0.0, 
            0.0, 
            1.0, 
            0.0
        ], 
        [
            0.0, 
            0.0, 
            0.0, 
            1.0
        ]
    ], 
    "tool_trajectory_world_frame": [
        [
            [
                0.06279051952931372, 
                -0.9980267284282716, 
                0.0, 
                0.003767431171758823
            ], 
            [
                0.9980267284282716, 
                0.06279051952931372, 
                0.0, 
                0.05988160370569629
            ], 
            [
                0.0, 
                0.0, 
                1.0, 
                0.1
            ], 
            [
                0.0, 
                0.0, 
                0.0, 
                1.0
            ]
        ], 
        [
            [
                0.06279051952931372, 
                -0.9980267284282716, 
                0.0, 
                0.003767431171758823
            ], 
            [
                0.9980267284282716, 
                0.06279051952931372, 
                0.0, 
                0.05988160370569629
            ], 
            [
                0.0, 
                0.0, 
                1.0, 
                0.0
            ], 
            [
                0.0, 
                0.0, 
                0.0, 
                1.0
            ]
        ], 
        [
            [
                0.06279051952931372, 
                -0.9980267284282716, 
                0.0, 
                0.04458126886581274
            ], 
            [
                0.9980267284282716, 
                0.06279051952931372, 
                0.0, 
                0.7085989771840727
            ], 
            [
                0.0, 
                0.0, 
                1.0, 
                0.0
            ], 
            [
                0.0, 
                0.0, 
                0.0, 
                1.0
            ]
        ], 
        [
            [
                0.06279051952931372, 
                -0.9980267284282716, 
                0.0, 
                0.04458126886581274
            ], 
            [
                0.9980267284282716, 
                0.06279051952931372, 
                0.0, 
                0.7085989771840727
            ], 
            [
                0.0, 
                0.0, 
                1.0, 
                0.1
            ], 
            [
                0.0, 
                0.0, 
                0.0, 
                1.0
            ]
        ]
    ], 
    "goal_contact_area_index": [
        4602, 
        4603, 
        4604, 
        4605, 
        4606, 
        4607, 
        4610, 
        4611, 
        4612, 
        4614, 
        4615, 
        4616, 
        4618, 
        4619, 
        4620, 
        4621, 
        4622, 
        4623, 
        4624, 
        4625, 
        4626, 
        4627, 
        4628, 
        4629, 
        4630, 
        4631, 
        4824, 
        4825, 
        4826, 
        4827, 
        4828, 
        4829, 
        4830, 
        4831, 
        4833, 
        4834, 
        4835, 
        4836, 
        4837, 
        4838, 
        4839, 
        4841, 
        4842, 
        4843, 
        4845, 
        4847, 
        4848, 
        4849, 
        4850, 
        4852, 
        4853, 
        4854, 
        4856, 
        4860, 
        5020, 
        5032, 
        5033, 
        5034, 
        5035, 
        5036, 
        5037, 
        5038, 
        5039, 
        5040, 
        5041, 
        5042, 
        5043, 
        5044, 
        5045, 
        5046, 
        5047, 
        5048, 
        5178, 
        5179, 
        5180, 
        5181, 
        5182, 
        5183, 
        5184, 
        5185, 
        5186, 
        5187, 
        5188, 
        5190, 
        5191, 
        5192, 
        5193, 
        5195, 
        5196, 
        5197, 
        5198, 
        5199, 
        5200, 
        5201, 
        5277, 
        5278, 
        9748, 
        9824, 
        9830, 
        9832
    ], 
    "changing_point": [
        1, 
        -2
    ], 
    "tool_trajectory_goal_frame": [
        [
            [
                0.06279051952931372, 
                -0.9980267284282716, 
                0.0, 
                0.0037674311717588228
            ], 
            [
                0.9980267284282716, 
                0.06279051952931372, 
                0.0, 
                0.05988160370569629
            ], 
            [
                0.0, 
                0.0, 
                1.0, 
                0.1
            ], 
            [
                0.0, 
                0.0, 
                0.0, 
                1.0
            ]
        ], 
        [
            [
                0.06279051952931372, 
                -0.9980267284282716, 
                0.0, 
                0.0037674311717588228
            ], 
            [
                0.9980267284282716, 
                0.06279051952931372, 
                0.0, 
                0.05988160370569629
            ], 
            [
                0.0, 
                0.0, 
                1.0, 
                0.0
            ], 
            [
                0.0, 
                0.0, 
                0.0, 
                1.0
            ]
        ], 
        [
            [
                0.06279051952931372, 
                -0.9980267284282716, 
                0.0, 
                0.04458126886581274
            ], 
            [
                0.9980267284282716, 
                0.06279051952931372, 
                0.0, 
                0.7085989771840727
            ], 
            [
                0.0, 
                0.0, 
                1.0, 
                0.0
            ], 
            [
                0.0, 
                0.0, 
                0.0, 
                1.0
            ]
        ], 
        [
            [
                0.06279051952931372, 
                -0.9980267284282716, 
                0.0, 
                0.04458126886581274
            ], 
            [
                0.9980267284282716, 
                0.06279051952931372, 
                0.0, 
                0.7085989771840727
            ], 
            [
                0.0, 
                0.0, 
                1.0, 
                0.1
            ], 
            [
                0.0, 
                0.0, 
                0.0, 
                1.0
            ]
        ]
    ], 
    "Teffectivestart_unhoveringstart": [
        [
            1.0, 
            4.340056497651562e-18, 
            0.0, 
            0.6000000000000002
        ], 
        [
            4.340056497651562e-18, 
            1.0, 
            0.0, 
            3.585098435459631e-18
        ], 
        [
            0.0, 
            0.0, 
            1.0, 
            0.0
        ], 
        [
            0.0, 
            0.0, 
            0.0, 
            1.0
        ]
    ], 
    "raw sample file path": "learned_samples/ur/simulator/pointcloud/pull/meiying_L_chain_pull_tool/meiying_tool_target/raw/raw_sample_20.txt", 
    "trajectory_thetas": [
        0.6000000000000002
    ], 
    "tool": "meiying_L_chain_pull_tool", 
    "Tworld_goalend": [
        [
            1.0, 
            -4.340056497651562e-18, 
            0.0, 
            0.037674311717588234
        ], 
        [
            -4.340056497651562e-18, 
            1.0, 
            0.0, 
            0.598816037056963
        ], 
        [
            0.0, 
            0.0, 
            1.0, 
            0.0
        ], 
        [
            0.0, 
            0.0, 
            0.0, 
            1.0
        ]
    ], 
    "Tworld_toolend": [
        [
            0.06279051952931372, 
            -0.9980267284282716, 
            0.0, 
            0.04458126886581274
        ], 
        [
            0.9980267284282716, 
            0.06279051952931372, 
            0.0, 
            0.7085989771840727
        ], 
        [
            0.0, 
            0.0, 
            1.0, 
            0.0
        ], 
        [
            0.0, 
            0.0, 
            0.0, 
            1.0
        ]
    ], 
    "hovering_start": [
        [
            0.06279051952931372, 
            -0.9980267284282716, 
            0.0, 
            0.0037674311717588228
        ], 
        [
            0.9980267284282716, 
            0.06279051952931372, 
            0.0, 
            0.05988160370569629
        ], 
        [
            0.0, 
            0.0, 
            1.0, 
            0.1
        ], 
        [
            0.0, 
            0.0, 
            0.0, 
            1.0
        ]
    ], 
    "v_start_tool_frame": [
        1.0, 
        1.0196943800029668e-17, 
        0.0
    ], 
    "task": "pull", 
    "unhovering_start": [
        [
            0.06279051952931372, 
            -0.9980267284282716, 
            0.0, 
            0.04458126886581274
        ], 
        [
            0.9980267284282716, 
            0.06279051952931372, 
            0.0, 
            0.7085989771840727
        ], 
        [
            0.0, 
            0.0, 
            1.0, 
            0.0
        ], 
        [
            0.0, 
            0.0, 
            0.0, 
            1.0
        ]
    ], 
    "Teffectivestart_hoveringend": [
        [
            1.0, 
            4.340056497651562e-18, 
            0.0, 
            -0.04999999999999977
        ], 
        [
            4.340056497651562e-18, 
            1.0, 
            0.0, 
            9.895953747993589e-18
        ], 
        [
            0.0, 
            0.0, 
            1.0, 
            0.0
        ], 
        [
            0.0, 
            0.0, 
            0.0, 
            1.0
        ]
    ], 
    "Tworld_toolstart": [
        [
            0.06279051952931372, 
            -0.9980267284282716, 
            0.0, 
            0.006906957148224503
        ], 
        [
            0.9980267284282716, 
            0.06279051952931372, 
            0.0, 
            0.10978294012710964
        ], 
        [
            0.0, 
            0.0, 
            1.0, 
            0.0
        ], 
        [
            0.0, 
            0.0, 
            0.0, 
            1.0
        ]
    ], 
    "unhovering_end": [
        [
            0.06279051952931372, 
            -0.9980267284282716, 
            0.0, 
            0.04458126886581274
        ], 
        [
            0.9980267284282716, 
            0.06279051952931372, 
            0.0, 
            0.7085989771840727
        ], 
        [
            0.0, 
            0.0, 
            1.0, 
            0.1
        ], 
        [
            0.0, 
            0.0, 
            0.0, 
            1.0
        ]
    ], 
    "trajectory_screw_axes": [
        [
            -0.0, 
            -0.0, 
            -0.0, 
            -1.0, 
            -1.0196943800029668e-17, 
            -0.0
        ]
    ]
}