{
    "Tworld_goalstart": [
        [
            1.0, 
            4.436248660930358e-18, 
            0.0, 
            0.0
        ], 
        [
            4.436248660930358e-18, 
            1.0, 
            0.0, 
            0.0
        ], 
        [
            0.0, 
            0.0, 
            1.0, 
            0.0
        ], 
        [
            0.0, 
            0.0, 
            0.0, 
            1.0
        ]
    ], 
    "Teffectivestart_hoveringstart": [
        [
            1.0, 
            -4.436248660930358e-18, 
            0.0, 
            -0.04999999999999999
        ], 
        [
            -4.436248660930358e-18, 
            1.0, 
            0.0, 
            1.6356643519367423e-18
        ], 
        [
            0.0, 
            0.0, 
            1.0, 
            0.1
        ], 
        [
            0.0, 
            0.0, 
            0.0, 
            1.0
        ]
    ], 
    "hovering_end": [
        [
            -0.9921147013144778, 
            0.12533323356430498, 
            0.0, 
            -0.059526882078868665
        ], 
        [
            -0.12533323356430498, 
            -0.9921147013144778, 
            0.0, 
            -0.0075199940138582985
        ], 
        [
            0.0, 
            0.0, 
            1.0, 
            0.0
        ], 
        [
            0.0, 
            0.0, 
            0.0, 
            1.0
        ]
    ], 
    "sample file path": "learned_samples/ur/simulator/pointcloud/pull/meiying_L_chain_pull_tool/meiying_tool_target/sample/sample_13.txt", 
    "v_start_goal_frame": [
        -0.9921147013144778, 
        -0.12533323356430498, 
        0.0
    ], 
    "Teffectiveend_unhoveringend": [
        [
            1.0, 
            -4.436248660930358e-18, 
            0.0, 
            0.0
        ], 
        [
            -4.436248660930358e-18, 
            1.0, 
            0.0, 
            -2.218124330465179e-18
        ], 
        [
            0.0, 
            0.0, 
            1.0, 
            0.1
        ], 
        [
            0.0, 
            0.0, 
            0.0, 
            1.0
        ]
    ], 
    "task_type": "pose_change", 
    "goal": "meiying_tool_target", 
    "trajectory": [
        [
            [
                1.0, 
                -4.436248660930358e-18, 
                0.0, 
                0.0
            ], 
            [
                -4.436248660930358e-18, 
                1.0, 
                0.0, 
                -3.223990016442604e-19
            ], 
            [
                0.0, 
                0.0, 
                1.0, 
                0.0
            ], 
            [
                0.0, 
                0.0, 
                0.0, 
                1.0
            ]
        ], 
        [
            [
                1.0, 
                -4.436248660930358e-18, 
                0.0, 
                0.39
            ], 
            [
                -4.436248660930358e-18, 
                1.0, 
                0.0, 
                -4.834008544883718e-19
            ], 
            [
                0.0, 
                0.0, 
                1.0, 
                0.0
            ], 
            [
                0.0, 
                0.0, 
                0.0, 
                1.0
            ]
        ]
    ], 
    "tool_contact_area_index": [
        942, 
        943, 
        945, 
        946, 
        1127, 
        1130, 
        1134, 
        1135, 
        1136, 
        1137, 
        1138, 
        1139, 
        1378, 
        1379, 
        1380, 
        1381, 
        1382, 
        1383, 
        1384, 
        1385, 
        1386, 
        1387, 
        1388, 
        1389, 
        1390, 
        1391, 
        1392, 
        1397, 
        1398, 
        1402, 
        1403, 
        1741, 
        1744, 
        1745, 
        1746, 
        1747, 
        1748, 
        1749, 
        1751, 
        1752, 
        1753, 
        1754, 
        1755, 
        1756, 
        1757, 
        1758, 
        1759, 
        1760, 
        1761, 
        1762, 
        1765, 
        2104, 
        2105, 
        2106, 
        2107, 
        2108, 
        2109, 
        2110, 
        2111, 
        2112, 
        2113, 
        2114, 
        2115, 
        2116, 
        2117, 
        2118, 
        2119, 
        2120, 
        2121, 
        2122, 
        2123, 
        2124, 
        2125, 
        2126, 
        2127, 
        2128, 
        2129, 
        2130, 
        2131, 
        2132, 
        2133, 
        2134, 
        2135, 
        2136, 
        2537, 
        2539, 
        2540, 
        2541, 
        2542, 
        2543, 
        2544, 
        2546, 
        2547, 
        2548, 
        2549, 
        2550, 
        2551, 
        2552, 
        2553, 
        2554, 
        2555, 
        2558, 
        2560, 
        2718, 
        3061, 
        3063, 
        3065, 
        3066, 
        3067, 
        3068, 
        3069, 
        3070, 
        3071, 
        3072
    ], 
    "v_start_world_frame": [
        -0.9921147013144778, 
        -0.12533323356430498, 
        0.0
    ], 
    "Ttool_goal": [
        [
            -0.9921147013144778, 
            -0.12533323356430498, 
            0.0, 
            -0.10999999999999999
        ], 
        [
            0.12533323356430498, 
            -0.9921147013144778, 
            0.0, 
            1.5874004358775602e-18
        ], 
        [
            0.0, 
            0.0, 
            1.0, 
            0.0
        ], 
        [
            0.0, 
            0.0, 
            0.0, 
            1.0
        ]
    ], 
    "tool_trajectory_world_frame": [
        [
            [
                -0.9921147013144778, 
                0.12533323356430498, 
                0.0, 
                -0.059526882078868665
            ], 
            [
                -0.12533323356430498, 
                -0.9921147013144778, 
                0.0, 
                -0.0075199940138582985
            ], 
            [
                0.0, 
                0.0, 
                1.0, 
                0.1
            ], 
            [
                0.0, 
                0.0, 
                0.0, 
                1.0
            ]
        ], 
        [
            [
                -0.9921147013144778, 
                0.12533323356430498, 
                0.0, 
                -0.059526882078868665
            ], 
            [
                -0.12533323356430498, 
                -0.9921147013144778, 
                0.0, 
                -0.0075199940138582985
            ], 
            [
                0.0, 
                0.0, 
                1.0, 
                0.0
            ], 
            [
                0.0, 
                0.0, 
                0.0, 
                1.0
            ]
        ], 
        [
            [
                -0.9921147013144778, 
                0.12533323356430498, 
                0.0, 
                -0.4960573506572389
            ], 
            [
                -0.12533323356430498, 
                -0.9921147013144778, 
                0.0, 
                -0.06266661678215249
            ], 
            [
                0.0, 
                0.0, 
                1.0, 
                0.0
            ], 
            [
                0.0, 
                0.0, 
                0.0, 
                1.0
            ]
        ], 
        [
            [
                -0.9921147013144778, 
                0.12533323356430498, 
                0.0, 
                -0.4960573506572389
            ], 
            [
                -0.12533323356430498, 
                -0.9921147013144778, 
                0.0, 
                -0.06266661678215249
            ], 
            [
                0.0, 
                0.0, 
                1.0, 
                0.1
            ], 
            [
                0.0, 
                0.0, 
                0.0, 
                1.0
            ]
        ]
    ], 
    "goal_contact_area_index": [
        4022, 
        4208, 
        4215, 
        4220, 
        4390, 
        4391, 
        4392, 
        4393, 
        4395, 
        4396, 
        4398, 
        4399, 
        4401, 
        4402, 
        4527, 
        4528, 
        4533, 
        4534, 
        4535, 
        4539, 
        4541, 
        4543, 
        4544, 
        4545, 
        4548, 
        4549, 
        4550, 
        4551, 
        4552, 
        4553, 
        4554, 
        4556, 
        4557, 
        4558, 
        4559, 
        4560, 
        4561, 
        4562, 
        4563, 
        4564, 
        4565, 
        4566, 
        4567, 
        4568, 
        4569, 
        4570, 
        4571, 
        4572, 
        4573, 
        4574, 
        4575, 
        4576, 
        4752, 
        4755, 
        4759, 
        4760, 
        4770, 
        4771, 
        4772, 
        4773, 
        4774, 
        4775, 
        4776, 
        4777, 
        4778, 
        4779, 
        4780, 
        4781, 
        4782, 
        4783, 
        4784, 
        4785, 
        4786, 
        4787, 
        4788, 
        4790, 
        4791, 
        4792, 
        4793, 
        4794, 
        4795, 
        4796, 
        4797, 
        4798, 
        4799, 
        4800, 
        4801, 
        4802, 
        4803, 
        4804, 
        4805, 
        4806, 
        4807, 
        4808, 
        4809, 
        4810, 
        4944, 
        4946, 
        4947, 
        4948, 
        4949, 
        4950, 
        4951, 
        4955, 
        4956, 
        4957, 
        4958, 
        4959, 
        4960, 
        4961, 
        4962, 
        4963, 
        4964, 
        4965, 
        4966, 
        4967, 
        4968, 
        4969, 
        4970, 
        4971, 
        4972, 
        4973, 
        4974, 
        4975, 
        4976, 
        4977, 
        4978, 
        5116, 
        5117, 
        5118, 
        5119, 
        5120, 
        5121, 
        5122, 
        5123, 
        5124, 
        5125, 
        5126, 
        5127, 
        5128, 
        5129, 
        5130, 
        5131, 
        5132, 
        5133, 
        5134, 
        5225, 
        5226, 
        5227, 
        5228, 
        5229, 
        5230, 
        5231, 
        5232, 
        5233, 
        5234, 
        5235, 
        5236, 
        5237, 
        5355, 
        5356, 
        5357, 
        5358, 
        5359, 
        5360, 
        5361, 
        5362, 
        5363, 
        5364, 
        5366, 
        5367, 
        5369, 
        5371, 
        5554, 
        5555, 
        5557, 
        5558, 
        5559, 
        5560, 
        5561, 
        5562, 
        5564, 
        5565, 
        5566, 
        5567, 
        5568, 
        5572, 
        5573, 
        5574, 
        5577, 
        5579, 
        5580, 
        5582, 
        5589
    ], 
    "changing_point": [
        1, 
        -2
    ], 
    "tool_trajectory_goal_frame": [
        [
            [
                -0.9921147013144778, 
                0.12533323356430498, 
                0.0, 
                -0.059526882078868665
            ], 
            [
                -0.12533323356430498, 
                -0.9921147013144778, 
                0.0, 
                -0.0075199940138582985
            ], 
            [
                0.0, 
                0.0, 
                1.0, 
                0.1
            ], 
            [
                0.0, 
                0.0, 
                0.0, 
                1.0
            ]
        ], 
        [
            [
                -0.9921147013144778, 
                0.12533323356430498, 
                0.0, 
                -0.059526882078868665
            ], 
            [
                -0.12533323356430498, 
                -0.9921147013144778, 
                0.0, 
                -0.0075199940138582985
            ], 
            [
                0.0, 
                0.0, 
                1.0, 
                0.0
            ], 
            [
                0.0, 
                0.0, 
                0.0, 
                1.0
            ]
        ], 
        [
            [
                -0.9921147013144778, 
                0.12533323356430498, 
                0.0, 
                -0.4960573506572389
            ], 
            [
                -0.12533323356430498, 
                -0.9921147013144778, 
                0.0, 
                -0.06266661678215249
            ], 
            [
                0.0, 
                0.0, 
                1.0, 
                0.0
            ], 
            [
                0.0, 
                0.0, 
                0.0, 
                1.0
            ]
        ], 
        [
            [
                -0.9921147013144778, 
                0.12533323356430498, 
                0.0, 
                -0.4960573506572389
            ], 
            [
                -0.12533323356430498, 
                -0.9921147013144778, 
                0.0, 
                -0.06266661678215249
            ], 
            [
                0.0, 
                0.0, 
                1.0, 
                0.1
            ], 
            [
                0.0, 
                0.0, 
                0.0, 
                1.0
            ]
        ]
    ], 
    "Teffectivestart_unhoveringstart": [
        [
            1.0, 
            -4.436248660930358e-18, 
            0.0, 
            0.39
        ], 
        [
            -4.436248660930358e-18, 
            1.0, 
            0.0, 
            -6.307238945876186e-19
        ], 
        [
            0.0, 
            0.0, 
            1.0, 
            0.0
        ], 
        [
            0.0, 
            0.0, 
            0.0, 
            1.0
        ]
    ], 
    "raw sample file path": "learned_samples/ur/simulator/pointcloud/pull/meiying_L_chain_pull_tool/meiying_tool_target/raw/raw_sample_13.txt", 
    "trajectory_thetas": [
        0.39
    ], 
    "tool": "meiying_L_chain_pull_tool", 
    "Tworld_goalend": [
        [
            1.0, 
            4.436248660930358e-18, 
            0.0, 
            -0.38692473351264633
        ], 
        [
            4.436248660930358e-18, 
            1.0, 
            0.0, 
            -0.048879961090078944
        ], 
        [
            0.0, 
            0.0, 
            1.0, 
            0.0
        ], 
        [
            0.0, 
            0.0, 
            0.0, 
            1.0
        ]
    ], 
    "Tworld_toolend": [
        [
            -0.9921147013144778, 
            0.12533323356430498, 
            0.0, 
            -0.4960573506572389
        ], 
        [
            -0.12533323356430498, 
            -0.9921147013144778, 
            0.0, 
            -0.06266661678215249
        ], 
        [
            0.0, 
            0.0, 
            1.0, 
            0.0
        ], 
        [
            0.0, 
            0.0, 
            0.0, 
            1.0
        ]
    ], 
    "hovering_start": [
        [
            -0.9921147013144778, 
            0.12533323356430498, 
            0.0, 
            -0.059526882078868665
        ], 
        [
            -0.12533323356430498, 
            -0.9921147013144778, 
            0.0, 
            -0.0075199940138582985
        ], 
        [
            0.0, 
            0.0, 
            1.0, 
            0.1
        ], 
        [
            0.0, 
            0.0, 
            0.0, 
            1.0
        ]
    ], 
    "v_start_tool_frame": [
        1.0, 
        -4.849073924633207e-18, 
        0.0
    ], 
    "task": "pull", 
    "unhovering_start": [
        [
            -0.9921147013144778, 
            0.12533323356430498, 
            0.0, 
            -0.4960573506572389
        ], 
        [
            -0.12533323356430498, 
            -0.9921147013144778, 
            0.0, 
            -0.06266661678215249
        ], 
        [
            0.0, 
            0.0, 
            1.0, 
            0.0
        ], 
        [
            0.0, 
            0.0, 
            0.0, 
            1.0
        ]
    ], 
    "Teffectivestart_hoveringend": [
        [
            1.0, 
            -4.436248660930358e-18, 
            0.0, 
            -0.04999999999999999
        ], 
        [
            -4.436248660930358e-18, 
            1.0, 
            0.0, 
            1.6356643519367423e-18
        ], 
        [
            0.0, 
            0.0, 
            1.0, 
            0.0
        ], 
        [
            0.0, 
            0.0, 
            0.0, 
            1.0
        ]
    ], 
    "Tworld_toolstart": [
        [
            -0.9921147013144778, 
            0.12533323356430498, 
            0.0, 
            -0.10913261714459255
        ], 
        [
            -0.12533323356430498, 
            -0.9921147013144778, 
            0.0, 
            -0.013786655692073544
        ], 
        [
            0.0, 
            0.0, 
            1.0, 
            0.0
        ], 
        [
            0.0, 
            0.0, 
            0.0, 
            1.0
        ]
    ], 
    "unhovering_end": [
        [
            -0.9921147013144778, 
            0.12533323356430498, 
            0.0, 
            -0.4960573506572389
        ], 
        [
            -0.12533323356430498, 
            -0.9921147013144778, 
            0.0, 
            -0.06266661678215249
        ], 
        [
            0.0, 
            0.0, 
            1.0, 
            0.1
        ], 
        [
            0.0, 
            0.0, 
            0.0, 
            1.0
        ]
    ], 
    "trajectory_screw_axes": [
        [
            -0.0, 
            -0.0, 
            -0.0, 
            -1.0, 
            4.849073924633207e-18, 
            -0.0
        ]
    ]
}