{
    "Tworld_goalstart": [
        [
            1.0, 
            -1.4501744564460953e-17, 
            0.0, 
            0.0
        ], 
        [
            -1.4501744564460953e-17, 
            1.0, 
            0.0, 
            0.0
        ], 
        [
            0.0, 
            0.0, 
            1.0, 
            0.0
        ], 
        [
            0.0, 
            0.0, 
            0.0, 
            1.0
        ]
    ], 
    "Teffectivestart_hoveringstart": [
        [
            1.0, 
            1.4501744564460953e-17, 
            0.0, 
            -0.05000000000000009
        ], 
        [
            1.4501744564460953e-17, 
            1.0, 
            0.0, 
            -2.465195648470987e-17
        ], 
        [
            0.0, 
            0.0, 
            1.0, 
            0.1
        ], 
        [
            0.0, 
            0.0, 
            0.0, 
            1.0
        ]
    ], 
    "hovering_end": [
        [
            0.5358267949789975, 
            -0.8443279255020145, 
            0.0, 
            0.032149607698739854
        ], 
        [
            0.8443279255020145, 
            0.5358267949789975, 
            0.0, 
            0.05065967553012087
        ], 
        [
            0.0, 
            0.0, 
            1.0, 
            0.0
        ], 
        [
            0.0, 
            0.0, 
            0.0, 
            1.0
        ]
    ], 
    "sample file path": "learned_samples/ur/simulator/pointcloud/pull/meiying_L_chain_pull_tool/meiying_tool_target/sample/sample_22.txt", 
    "v_start_goal_frame": [
        0.5358267949789975, 
        0.8443279255020145, 
        0.0
    ], 
    "Teffectiveend_unhoveringend": [
        [
            1.0, 
            1.4501744564460953e-17, 
            0.0, 
            -1.1102230246251565e-16
        ], 
        [
            1.4501744564460953e-17, 
            1.0, 
            0.0, 
            -5.933278840600373e-18
        ], 
        [
            0.0, 
            0.0, 
            1.0, 
            0.1
        ], 
        [
            0.0, 
            0.0, 
            0.0, 
            1.0
        ]
    ], 
    "task_type": "pose_change", 
    "goal": "meiying_tool_target", 
    "trajectory": [
        [
            [
                1.0, 
                1.4501744564460953e-17, 
                0.0, 
                0.0
            ], 
            [
                1.4501744564460953e-17, 
                1.0, 
                0.0, 
                -1.6843345948693851e-18
            ], 
            [
                0.0, 
                0.0, 
                1.0, 
                0.0
            ], 
            [
                0.0, 
                0.0, 
                0.0, 
                1.0
            ]
        ], 
        [
            [
                1.0, 
                1.4501744564460953e-17, 
                0.0, 
                0.6599999999999998
            ], 
            [
                1.4501744564460953e-17, 
                1.0, 
                0.0, 
                -3.3688854456229286e-17
            ], 
            [
                0.0, 
                0.0, 
                1.0, 
                0.0
            ], 
            [
                0.0, 
                0.0, 
                0.0, 
                1.0
            ]
        ]
    ], 
    "tool_contact_area_index": [
        724, 
        941, 
        942, 
        944, 
        945, 
        946, 
        1124, 
        1127, 
        1128, 
        1129, 
        1130, 
        1134, 
        1135, 
        1136, 
        1137, 
        1138, 
        1139, 
        1368, 
        1369, 
        1376, 
        1377, 
        1378, 
        1379, 
        1380, 
        1381, 
        1382, 
        1383, 
        1384, 
        1385, 
        1386, 
        1387, 
        1388, 
        1389, 
        1390, 
        1391, 
        1392, 
        1395, 
        1396, 
        1744, 
        1745, 
        1746, 
        1747, 
        1748, 
        1749, 
        1750, 
        1751, 
        1752, 
        1753, 
        1754, 
        1755, 
        1756, 
        1757, 
        1758, 
        1759, 
        1760, 
        1761, 
        1762, 
        1764, 
        1765, 
        1766, 
        2112, 
        2136, 
        2137, 
        2141, 
        2542, 
        2555, 
        2558, 
        2559, 
        2560, 
        2562, 
        3068, 
        3070
    ], 
    "v_start_world_frame": [
        0.5358267949789975, 
        0.8443279255020145, 
        0.0
    ], 
    "Ttool_goal": [
        [
            0.5358267949789975, 
            0.8443279255020145, 
            0.0, 
            -0.1100000000000001
        ], 
        [
            -0.8443279255020145, 
            0.5358267949789975, 
            0.0, 
            -2.208244600613707e-17
        ], 
        [
            0.0, 
            0.0, 
            1.0, 
            0.0
        ], 
        [
            0.0, 
            0.0, 
            0.0, 
            1.0
        ]
    ], 
    "tool_trajectory_world_frame": [
        [
            [
                0.5358267949789975, 
                -0.8443279255020145, 
                0.0, 
                0.032149607698739854
            ], 
            [
                0.8443279255020145, 
                0.5358267949789975, 
                0.0, 
                0.05065967553012087
            ], 
            [
                0.0, 
                0.0, 
                1.0, 
                0.1
            ], 
            [
                0.0, 
                0.0, 
                0.0, 
                1.0
            ]
        ], 
        [
            [
                0.5358267949789975, 
                -0.8443279255020145, 
                0.0, 
                0.032149607698739854
            ], 
            [
                0.8443279255020145, 
                0.5358267949789975, 
                0.0, 
                0.05065967553012087
            ], 
            [
                0.0, 
                0.0, 
                1.0, 
                0.0
            ], 
            [
                0.0, 
                0.0, 
                0.0, 
                1.0
            ]
        ], 
        [
            [
                0.5358267949789975, 
                -0.8443279255020145, 
                0.0, 
                0.41258663213382807
            ], 
            [
                0.8443279255020145, 
                0.5358267949789975, 
                0.0, 
                0.6501325026365511
            ], 
            [
                0.0, 
                0.0, 
                1.0, 
                0.0
            ], 
            [
                0.0, 
                0.0, 
                0.0, 
                1.0
            ]
        ], 
        [
            [
                0.5358267949789975, 
                -0.8443279255020145, 
                0.0, 
                0.41258663213382807
            ], 
            [
                0.8443279255020145, 
                0.5358267949789975, 
                0.0, 
                0.6501325026365511
            ], 
            [
                0.0, 
                0.0, 
                1.0, 
                0.1
            ], 
            [
                0.0, 
                0.0, 
                0.0, 
                1.0
            ]
        ]
    ], 
    "goal_contact_area_index": [
        9489, 
        9507, 
        9511, 
        9637, 
        9641, 
        9643, 
        9647, 
        9668, 
        9669, 
        9670, 
        9672, 
        9674, 
        9675, 
        9676, 
        9679, 
        9680, 
        9681, 
        9682, 
        9683, 
        9684, 
        9688, 
        9707, 
        9708, 
        9709, 
        9710, 
        9711, 
        9712, 
        9713, 
        9714, 
        9715, 
        9716, 
        9717, 
        9719, 
        9720, 
        9721, 
        9722, 
        9723, 
        9724, 
        9725, 
        9726, 
        9727, 
        9728, 
        9729, 
        9730, 
        9731, 
        9733, 
        9734, 
        9737, 
        9739, 
        9740, 
        9742, 
        9743, 
        9748, 
        9749, 
        9750, 
        9751, 
        9754, 
        9756, 
        9757, 
        9761, 
        9762, 
        9763, 
        9765, 
        9766, 
        9767, 
        9769, 
        9770, 
        9771, 
        9772, 
        9776, 
        9777, 
        9778, 
        9779, 
        9781, 
        9782, 
        9806, 
        9807, 
        9809, 
        9810, 
        9811, 
        9812, 
        9813, 
        9814, 
        9815, 
        9816, 
        9818, 
        9819, 
        9820, 
        9821, 
        9822, 
        9824, 
        9830
    ], 
    "changing_point": [
        1, 
        -2
    ], 
    "tool_trajectory_goal_frame": [
        [
            [
                0.5358267949789975, 
                -0.8443279255020145, 
                0.0, 
                0.032149607698739854
            ], 
            [
                0.8443279255020145, 
                0.5358267949789975, 
                0.0, 
                0.05065967553012087
            ], 
            [
                0.0, 
                0.0, 
                1.0, 
                0.1
            ], 
            [
                0.0, 
                0.0, 
                0.0, 
                1.0
            ]
        ], 
        [
            [
                0.5358267949789975, 
                -0.8443279255020145, 
                0.0, 
                0.032149607698739854
            ], 
            [
                0.8443279255020145, 
                0.5358267949789975, 
                0.0, 
                0.05065967553012087
            ], 
            [
                0.0, 
                0.0, 
                1.0, 
                0.0
            ], 
            [
                0.0, 
                0.0, 
                0.0, 
                1.0
            ]
        ], 
        [
            [
                0.5358267949789975, 
                -0.8443279255020145, 
                0.0, 
                0.41258663213382807
            ], 
            [
                0.8443279255020145, 
                0.5358267949789975, 
                0.0, 
                0.6501325026365511
            ], 
            [
                0.0, 
                0.0, 
                1.0, 
                0.0
            ], 
            [
                0.0, 
                0.0, 
                0.0, 
                1.0
            ]
        ], 
        [
            [
                0.5358267949789975, 
                -0.8443279255020145, 
                0.0, 
                0.41258663213382807
            ], 
            [
                0.8443279255020145, 
                0.5358267949789975, 
                0.0, 
                0.6501325026365511
            ], 
            [
                0.0, 
                0.0, 
                1.0, 
                0.1
            ], 
            [
                0.0, 
                0.0, 
                0.0, 
                1.0
            ]
        ]
    ], 
    "Teffectivestart_unhoveringstart": [
        [
            1.0, 
            1.4501744564460953e-17, 
            0.0, 
            0.6599999999999998
        ], 
        [
            1.4501744564460953e-17, 
            1.0, 
            0.0, 
            -2.8015724846737444e-17
        ], 
        [
            0.0, 
            0.0, 
            1.0, 
            0.0
        ], 
        [
            0.0, 
            0.0, 
            0.0, 
            1.0
        ]
    ], 
    "raw sample file path": "learned_samples/ur/simulator/pointcloud/pull/meiying_L_chain_pull_tool/meiying_tool_target/raw/raw_sample_22.txt", 
    "trajectory_thetas": [
        0.6599999999999998
    ], 
    "tool": "meiying_L_chain_pull_tool", 
    "Tworld_goalend": [
        [
            1.0, 
            -1.4501744564460953e-17, 
            0.0, 
            0.35364568468613833
        ], 
        [
            -1.4501744564460953e-17, 
            1.0, 
            0.0, 
            0.5572564308313295
        ], 
        [
            0.0, 
            0.0, 
            1.0, 
            0.0
        ], 
        [
            0.0, 
            0.0, 
            0.0, 
            1.0
        ]
    ], 
    "Tworld_toolend": [
        [
            0.5358267949789975, 
            -0.8443279255020145, 
            0.0, 
            0.41258663213382807
        ], 
        [
            0.8443279255020145, 
            0.5358267949789975, 
            0.0, 
            0.6501325026365511
        ], 
        [
            0.0, 
            0.0, 
            1.0, 
            0.0
        ], 
        [
            0.0, 
            0.0, 
            0.0, 
            1.0
        ]
    ], 
    "hovering_start": [
        [
            0.5358267949789975, 
            -0.8443279255020145, 
            0.0, 
            0.032149607698739854
        ], 
        [
            0.8443279255020145, 
            0.5358267949789975, 
            0.0, 
            0.05065967553012087
        ], 
        [
            0.0, 
            0.0, 
            1.0, 
            0.1
        ], 
        [
            0.0, 
            0.0, 
            0.0, 
            1.0
        ]
    ], 
    "v_start_tool_frame": [
        1.0, 
        -3.398995219517528e-17, 
        0.0
    ], 
    "task": "pull", 
    "unhovering_start": [
        [
            0.5358267949789975, 
            -0.8443279255020145, 
            0.0, 
            0.41258663213382807
        ], 
        [
            0.8443279255020145, 
            0.5358267949789975, 
            0.0, 
            0.6501325026365511
        ], 
        [
            0.0, 
            0.0, 
            1.0, 
            0.0
        ], 
        [
            0.0, 
            0.0, 
            0.0, 
            1.0
        ]
    ], 
    "Teffectivestart_hoveringend": [
        [
            1.0, 
            1.4501744564460953e-17, 
            0.0, 
            -0.05000000000000009
        ], 
        [
            1.4501744564460953e-17, 
            1.0, 
            0.0, 
            -2.465195648470987e-17
        ], 
        [
            0.0, 
            0.0, 
            1.0, 
            0.0
        ], 
        [
            0.0, 
            0.0, 
            0.0, 
            1.0
        ]
    ], 
    "Tworld_toolstart": [
        [
            0.5358267949789975, 
            -0.8443279255020145, 
            0.0, 
            0.05894094744768976
        ], 
        [
            0.8443279255020145, 
            0.5358267949789975, 
            0.0, 
            0.0928760718052217
        ], 
        [
            0.0, 
            0.0, 
            1.0, 
            0.0
        ], 
        [
            0.0, 
            0.0, 
            0.0, 
            1.0
        ]
    ], 
    "unhovering_end": [
        [
            0.5358267949789975, 
            -0.8443279255020145, 
            0.0, 
            0.41258663213382807
        ], 
        [
            0.8443279255020145, 
            0.5358267949789975, 
            0.0, 
            0.6501325026365511
        ], 
        [
            0.0, 
            0.0, 
            1.0, 
            0.1
        ], 
        [
            0.0, 
            0.0, 
            0.0, 
            1.0
        ]
    ], 
    "trajectory_screw_axes": [
        [
            -0.0, 
            -0.0, 
            -0.0, 
            -1.0, 
            3.398995219517528e-17, 
            -0.0
        ]
    ]
}