{
    "Tworld_goalstart": [
        [
            1.0, 
            1.2735666221977974e-17, 
            0.0, 
            0.0
        ], 
        [
            1.2735666221977974e-17, 
            1.0, 
            0.0, 
            0.0
        ], 
        [
            0.0, 
            0.0, 
            1.0, 
            0.0
        ], 
        [
            0.0, 
            0.0, 
            0.0, 
            1.0
        ]
    ], 
    "Teffectivestart_hoveringstart": [
        [
            1.0, 
            -1.2735666221977974e-17, 
            0.0, 
            -0.04999999999999999
        ], 
        [
            -1.2735666221977974e-17, 
            1.0, 
            0.0, 
            2.5756469090297997e-18
        ], 
        [
            0.0, 
            0.0, 
            1.0, 
            0.1
        ], 
        [
            0.0, 
            0.0, 
            0.0, 
            1.0
        ]
    ], 
    "hovering_end": [
        [
            -0.4257792915650723, 
            0.9048270524660197, 
            0.0, 
            -0.025546757493904337
        ], 
        [
            -0.9048270524660197, 
            -0.4257792915650723, 
            0.0, 
            -0.05428962314796118
        ], 
        [
            0.0, 
            0.0, 
            1.0, 
            0.0
        ], 
        [
            0.0, 
            0.0, 
            0.0, 
            1.0
        ]
    ], 
    "sample file path": "learned_samples/ur/simulator/pointcloud/pull/meiying_L_chain_pull_tool/meiying_tool_target/sample/sample_9.txt", 
    "v_start_goal_frame": [
        -0.4257792915650724, 
        -0.9048270524660197, 
        0.0
    ], 
    "Teffectiveend_unhoveringend": [
        [
            1.0, 
            -1.2735666221977974e-17, 
            0.0, 
            0.0
        ], 
        [
            -1.2735666221977974e-17, 
            1.0, 
            0.0, 
            -3.894133218543368e-18
        ], 
        [
            0.0, 
            0.0, 
            1.0, 
            0.1
        ], 
        [
            0.0, 
            0.0, 
            0.0, 
            1.0
        ]
    ], 
    "task_type": "pose_change", 
    "goal": "meiying_tool_target", 
    "trajectory": [
        [
            [
                1.0, 
                -1.2735666221977974e-17, 
                0.0, 
                0.0
            ], 
            [
                -1.2735666221977974e-17, 
                1.0, 
                0.0, 
                2.7017107820648652e-18
            ], 
            [
                0.0, 
                0.0, 
                1.0, 
                0.0
            ], 
            [
                0.0, 
                0.0, 
                0.0, 
                1.0
            ]
        ], 
        [
            [
                1.0, 
                -1.2735666221977974e-17, 
                0.0, 
                0.27
            ], 
            [
                -1.2735666221977974e-17, 
                1.0, 
                0.0, 
                -3.894133218543368e-18
            ], 
            [
                0.0, 
                0.0, 
                1.0, 
                0.0
            ], 
            [
                0.0, 
                0.0, 
                0.0, 
                1.0
            ]
        ]
    ], 
    "tool_contact_area_index": [
        945, 
        946, 
        1122, 
        1123, 
        1124, 
        1134, 
        1135, 
        1136, 
        1137, 
        1138, 
        1139, 
        1367, 
        1368, 
        1374, 
        1375, 
        1383, 
        1384, 
        1386, 
        1387, 
        1388, 
        1389, 
        1390, 
        1391, 
        1392, 
        1399, 
        1742, 
        1743, 
        2111, 
        2112, 
        2121, 
        2122, 
        2124, 
        2126, 
        2127, 
        2128, 
        2132, 
        2135, 
        2543, 
        2547, 
        2548, 
        2549, 
        2551, 
        2552, 
        2553, 
        2554, 
        2558, 
        2559, 
        2560, 
        2717, 
        2721, 
        2723, 
        2724, 
        3064, 
        3065, 
        3066, 
        3068, 
        3069, 
        3070, 
        3071, 
        3072
    ], 
    "v_start_world_frame": [
        -0.4257792915650724, 
        -0.9048270524660197, 
        0.0
    ], 
    "Ttool_goal": [
        [
            -0.4257792915650723, 
            -0.9048270524660197, 
            0.0, 
            -0.10999999999999999
        ], 
        [
            0.9048270524660197, 
            -0.4257792915650723, 
            0.0, 
            3.4304990329899497e-19
        ], 
        [
            0.0, 
            0.0, 
            1.0, 
            0.0
        ], 
        [
            0.0, 
            0.0, 
            0.0, 
            1.0
        ]
    ], 
    "tool_trajectory_world_frame": [
        [
            [
                -0.4257792915650723, 
                0.9048270524660197, 
                0.0, 
                -0.025546757493904337
            ], 
            [
                -0.9048270524660197, 
                -0.4257792915650723, 
                0.0, 
                -0.05428962314796118
            ], 
            [
                0.0, 
                0.0, 
                1.0, 
                0.1
            ], 
            [
                0.0, 
                0.0, 
                0.0, 
                1.0
            ]
        ], 
        [
            [
                -0.4257792915650723, 
                0.9048270524660197, 
                0.0, 
                -0.025546757493904337
            ], 
            [
                -0.9048270524660197, 
                -0.4257792915650723, 
                0.0, 
                -0.05428962314796118
            ], 
            [
                0.0, 
                0.0, 
                1.0, 
                0.0
            ], 
            [
                0.0, 
                0.0, 
                0.0, 
                1.0
            ]
        ], 
        [
            [
                -0.4257792915650723, 
                0.9048270524660197, 
                0.0, 
                -0.1617961307947275
            ], 
            [
                -0.9048270524660197, 
                -0.4257792915650723, 
                0.0, 
                -0.3438342799370875
            ], 
            [
                0.0, 
                0.0, 
                1.0, 
                0.0
            ], 
            [
                0.0, 
                0.0, 
                0.0, 
                1.0
            ]
        ], 
        [
            [
                -0.4257792915650723, 
                0.9048270524660197, 
                0.0, 
                -0.1617961307947275
            ], 
            [
                -0.9048270524660197, 
                -0.4257792915650723, 
                0.0, 
                -0.3438342799370875
            ], 
            [
                0.0, 
                0.0, 
                1.0, 
                0.1
            ], 
            [
                0.0, 
                0.0, 
                0.0, 
                1.0
            ]
        ]
    ], 
    "goal_contact_area_index": [
        4692, 
        4705, 
        4709, 
        4713, 
        4901, 
        4910, 
        4914, 
        4915, 
        4916, 
        4918, 
        4919, 
        4920, 
        4921, 
        4922, 
        4923, 
        4924, 
        4925, 
        4926, 
        4927, 
        4928, 
        4929, 
        4930, 
        4931, 
        4932, 
        4933, 
        4934, 
        4935, 
        4938, 
        4940, 
        5094, 
        5096, 
        5099, 
        5105, 
        5108, 
        5109, 
        5111, 
        5549, 
        5772, 
        5774
    ], 
    "changing_point": [
        1, 
        -2
    ], 
    "tool_trajectory_goal_frame": [
        [
            [
                -0.4257792915650723, 
                0.9048270524660197, 
                0.0, 
                -0.025546757493904337
            ], 
            [
                -0.9048270524660197, 
                -0.4257792915650723, 
                0.0, 
                -0.05428962314796118
            ], 
            [
                0.0, 
                0.0, 
                1.0, 
                0.1
            ], 
            [
                0.0, 
                0.0, 
                0.0, 
                1.0
            ]
        ], 
        [
            [
                -0.4257792915650723, 
                0.9048270524660197, 
                0.0, 
                -0.025546757493904337
            ], 
            [
                -0.9048270524660197, 
                -0.4257792915650723, 
                0.0, 
                -0.05428962314796118
            ], 
            [
                0.0, 
                0.0, 
                1.0, 
                0.0
            ], 
            [
                0.0, 
                0.0, 
                0.0, 
                1.0
            ]
        ], 
        [
            [
                -0.4257792915650723, 
                0.9048270524660197, 
                0.0, 
                -0.1617961307947275
            ], 
            [
                -0.9048270524660197, 
                -0.4257792915650723, 
                0.0, 
                -0.3438342799370875
            ], 
            [
                0.0, 
                0.0, 
                1.0, 
                0.0
            ], 
            [
                0.0, 
                0.0, 
                0.0, 
                1.0
            ]
        ], 
        [
            [
                -0.4257792915650723, 
                0.9048270524660197, 
                0.0, 
                -0.1617961307947275
            ], 
            [
                -0.9048270524660197, 
                -0.4257792915650723, 
                0.0, 
                -0.3438342799370875
            ], 
            [
                0.0, 
                0.0, 
                1.0, 
                0.1
            ], 
            [
                0.0, 
                0.0, 
                0.0, 
                1.0
            ]
        ]
    ], 
    "Teffectivestart_unhoveringstart": [
        [
            1.0, 
            -1.2735666221977974e-17, 
            0.0, 
            0.27
        ], 
        [
            -1.2735666221977974e-17, 
            1.0, 
            0.0, 
            -3.551083315244373e-18
        ], 
        [
            0.0, 
            0.0, 
            1.0, 
            0.0
        ], 
        [
            0.0, 
            0.0, 
            0.0, 
            1.0
        ]
    ], 
    "raw sample file path": "learned_samples/ur/simulator/pointcloud/pull/meiying_L_chain_pull_tool/meiying_tool_target/raw/raw_sample_9.txt", 
    "trajectory_thetas": [
        0.27
    ], 
    "tool": "meiying_L_chain_pull_tool", 
    "Tworld_goalend": [
        [
            1.0, 
            1.2735666221977974e-17, 
            0.0, 
            -0.11496040872256953
        ], 
        [
            1.2735666221977974e-17, 
            1.0, 
            0.0, 
            -0.24430330416582532
        ], 
        [
            0.0, 
            0.0, 
            1.0, 
            0.0
        ], 
        [
            0.0, 
            0.0, 
            0.0, 
            1.0
        ]
    ], 
    "Tworld_toolend": [
        [
            -0.4257792915650723, 
            0.9048270524660197, 
            0.0, 
            -0.1617961307947275
        ], 
        [
            -0.9048270524660197, 
            -0.4257792915650723, 
            0.0, 
            -0.3438342799370875
        ], 
        [
            0.0, 
            0.0, 
            1.0, 
            0.0
        ], 
        [
            0.0, 
            0.0, 
            0.0, 
            1.0
        ]
    ], 
    "hovering_start": [
        [
            -0.4257792915650723, 
            0.9048270524660197, 
            0.0, 
            -0.025546757493904337
        ], 
        [
            -0.9048270524660197, 
            -0.4257792915650723, 
            0.0, 
            -0.05428962314796118
        ], 
        [
            0.0, 
            0.0, 
            1.0, 
            0.1
        ], 
        [
            0.0, 
            0.0, 
            0.0, 
            1.0
        ]
    ], 
    "v_start_tool_frame": [
        1.0, 
        -3.716471807608254e-17, 
        0.0
    ], 
    "task": "pull", 
    "unhovering_start": [
        [
            -0.4257792915650723, 
            0.9048270524660197, 
            0.0, 
            -0.1617961307947275
        ], 
        [
            -0.9048270524660197, 
            -0.4257792915650723, 
            0.0, 
            -0.3438342799370875
        ], 
        [
            0.0, 
            0.0, 
            1.0, 
            0.0
        ], 
        [
            0.0, 
            0.0, 
            0.0, 
            1.0
        ]
    ], 
    "Teffectivestart_hoveringend": [
        [
            1.0, 
            -1.2735666221977974e-17, 
            0.0, 
            -0.04999999999999999
        ], 
        [
            -1.2735666221977974e-17, 
            1.0, 
            0.0, 
            2.5756469090297997e-18
        ], 
        [
            0.0, 
            0.0, 
            1.0, 
            0.0
        ], 
        [
            0.0, 
            0.0, 
            0.0, 
            1.0
        ]
    ], 
    "Tworld_toolstart": [
        [
            -0.4257792915650723, 
            0.9048270524660197, 
            0.0, 
            -0.04683572207215795
        ], 
        [
            -0.9048270524660197, 
            -0.4257792915650723, 
            0.0, 
            -0.09953097577126216
        ], 
        [
            0.0, 
            0.0, 
            1.0, 
            0.0
        ], 
        [
            0.0, 
            0.0, 
            0.0, 
            1.0
        ]
    ], 
    "unhovering_end": [
        [
            -0.4257792915650723, 
            0.9048270524660197, 
            0.0, 
            -0.1617961307947275
        ], 
        [
            -0.9048270524660197, 
            -0.4257792915650723, 
            0.0, 
            -0.3438342799370875
        ], 
        [
            0.0, 
            0.0, 
            1.0, 
            0.1
        ], 
        [
            0.0, 
            0.0, 
            0.0, 
            1.0
        ]
    ], 
    "trajectory_screw_axes": [
        [
            -0.0, 
            -0.0, 
            -0.0, 
            -1.0, 
            3.716471807608254e-17, 
            -0.0
        ]
    ]
}