{
    "Tworld_goalstart": [
        [
            1.0, 
            1.568951857518983e-17, 
            0.0, 
            0.0
        ], 
        [
            1.568951857518983e-17, 
            1.0, 
            0.0, 
            0.0
        ], 
        [
            0.0, 
            0.0, 
            1.0, 
            0.0
        ], 
        [
            0.0, 
            0.0, 
            0.0, 
            1.0
        ]
    ], 
    "Teffectivestart_hoveringstart": [
        [
            1.0, 
            -1.568951857518983e-17, 
            0.0, 
            -0.04999999999999999
        ], 
        [
            -1.568951857518983e-17, 
            1.0, 
            0.0, 
            2.2266159085714757e-17
        ], 
        [
            0.0, 
            0.0, 
            1.0, 
            0.1
        ], 
        [
            0.0, 
            0.0, 
            0.0, 
            1.0
        ]
    ], 
    "hovering_end": [
        [
            -0.8090169943749471, 
            0.5877852522924736, 
            0.0, 
            -0.048541019662496826
        ], 
        [
            -0.5877852522924736, 
            -0.8090169943749471, 
            0.0, 
            -0.03526711513754841
        ], 
        [
            0.0, 
            0.0, 
            1.0, 
            0.0
        ], 
        [
            0.0, 
            0.0, 
            0.0, 
            1.0
        ]
    ], 
    "sample file path": "learned_samples/ur/simulator/pointcloud/pull/meiying_L_chain_pull_tool/meiying_tool_target/sample/sample_11.txt", 
    "v_start_goal_frame": [
        -0.8090169943749471, 
        -0.5877852522924736, 
        0.0
    ], 
    "Teffectiveend_unhoveringend": [
        [
            1.0, 
            -1.568951857518983e-17, 
            0.0, 
            0.0
        ], 
        [
            -1.568951857518983e-17, 
            1.0, 
            0.0, 
            6.481158731055675e-18
        ], 
        [
            0.0, 
            0.0, 
            1.0, 
            0.1
        ], 
        [
            0.0, 
            0.0, 
            0.0, 
            1.0
        ]
    ], 
    "task_type": "pose_change", 
    "goal": "meiying_tool_target", 
    "trajectory": [
        [
            [
                1.0, 
                -1.568951857518983e-17, 
                0.0, 
                1.3877787807814457e-17
            ], 
            [
                -1.568951857518983e-17, 
                1.0, 
                0.0, 
                -2.6681825941801893e-18
            ], 
            [
                0.0, 
                0.0, 
                1.0, 
                0.0
            ], 
            [
                0.0, 
                0.0, 
                0.0, 
                1.0
            ]
        ], 
        [
            [
                1.0, 
                -1.568951857518983e-17, 
                0.0, 
                0.32999999999999996
            ], 
            [
                -1.568951857518983e-17, 
                1.0, 
                0.0, 
                2.0358946538870132e-17
            ], 
            [
                0.0, 
                0.0, 
                1.0, 
                0.0
            ], 
            [
                0.0, 
                0.0, 
                0.0, 
                1.0
            ]
        ]
    ], 
    "tool_contact_area_index": [
        720, 
        942, 
        944, 
        946, 
        1129, 
        1130, 
        1134, 
        1135, 
        1136, 
        1376, 
        1377, 
        1378, 
        1379, 
        1380, 
        1395, 
        1398, 
        1399, 
        1400, 
        1402, 
        1745, 
        1747, 
        1748, 
        1749, 
        1750, 
        1752, 
        1753, 
        1754, 
        1762, 
        1764, 
        1766, 
        2109, 
        2114, 
        2119, 
        2121, 
        2122, 
        2123, 
        2124, 
        2125, 
        2126, 
        2127, 
        2128, 
        2129, 
        2130, 
        2131, 
        2132, 
        2133, 
        2134, 
        2135, 
        2136, 
        2140, 
        2538, 
        2543, 
        2546, 
        2547, 
        2548, 
        2549, 
        2550, 
        2551, 
        2552, 
        2553, 
        2554, 
        2555, 
        2556, 
        2558, 
        2559, 
        2560, 
        2561, 
        2562, 
        2564, 
        2712, 
        2715, 
        2718, 
        2720, 
        2861, 
        3066, 
        3068, 
        3069, 
        3070, 
        3071, 
        3072
    ], 
    "v_start_world_frame": [
        -0.8090169943749471, 
        -0.5877852522924736, 
        0.0
    ], 
    "Ttool_goal": [
        [
            -0.8090169943749471, 
            -0.5877852522924736, 
            0.0, 
            -0.10999999999999999
        ], 
        [
            0.5877852522924736, 
            -0.8090169943749471, 
            0.0, 
            2.567755076001344e-17
        ], 
        [
            0.0, 
            0.0, 
            1.0, 
            0.0
        ], 
        [
            0.0, 
            0.0, 
            0.0, 
            1.0
        ]
    ], 
    "tool_trajectory_world_frame": [
        [
            [
                -0.8090169943749471, 
                0.5877852522924736, 
                0.0, 
                -0.048541019662496826
            ], 
            [
                -0.5877852522924736, 
                -0.8090169943749471, 
                0.0, 
                -0.03526711513754841
            ], 
            [
                0.0, 
                0.0, 
                1.0, 
                0.1
            ], 
            [
                0.0, 
                0.0, 
                0.0, 
                1.0
            ]
        ], 
        [
            [
                -0.8090169943749471, 
                0.5877852522924736, 
                0.0, 
                -0.048541019662496826
            ], 
            [
                -0.5877852522924736, 
                -0.8090169943749471, 
                0.0, 
                -0.03526711513754841
            ], 
            [
                0.0, 
                0.0, 
                1.0, 
                0.0
            ], 
            [
                0.0, 
                0.0, 
                0.0, 
                1.0
            ]
        ], 
        [
            [
                -0.8090169943749471, 
                0.5877852522924736, 
                0.0, 
                -0.3559674775249767
            ], 
            [
                -0.5877852522924736, 
                -0.8090169943749471, 
                0.0, 
                -0.25862551100868836
            ], 
            [
                0.0, 
                0.0, 
                1.0, 
                0.0
            ], 
            [
                0.0, 
                0.0, 
                0.0, 
                1.0
            ]
        ], 
        [
            [
                -0.8090169943749471, 
                0.5877852522924736, 
                0.0, 
                -0.3559674775249767
            ], 
            [
                -0.5877852522924736, 
                -0.8090169943749471, 
                0.0, 
                -0.25862551100868836
            ], 
            [
                0.0, 
                0.0, 
                1.0, 
                0.1
            ], 
            [
                0.0, 
                0.0, 
                0.0, 
                1.0
            ]
        ]
    ], 
    "goal_contact_area_index": [
        4348, 
        4349, 
        4350, 
        4351, 
        4352, 
        4356, 
        4359, 
        4360, 
        4361, 
        4365, 
        4366, 
        4367, 
        4513, 
        4516, 
        4517, 
        4522, 
        4523, 
        4524, 
        4526, 
        4527, 
        4529, 
        4532, 
        4533, 
        4534, 
        4535, 
        4714, 
        4715, 
        4716, 
        4717, 
        4718, 
        4719, 
        4720, 
        4721, 
        4722, 
        4723, 
        4724, 
        4725, 
        4726, 
        4727, 
        4728, 
        4730, 
        4731, 
        4732, 
        4733, 
        4734, 
        4735, 
        4736, 
        4737, 
        4738, 
        4740, 
        4741, 
        4743, 
        4746, 
        4747, 
        4749, 
        4750, 
        4751, 
        4754, 
        4755, 
        4756, 
        4757, 
        4758, 
        4760, 
        4761, 
        4763, 
        4764, 
        4766, 
        4768, 
        4769, 
        4794, 
        4801, 
        4943, 
        4944, 
        4945, 
        5346, 
        5542, 
        5770, 
        5772, 
        5775, 
        6021, 
        6022, 
        6024, 
        6031, 
        6032, 
        6033, 
        6034, 
        6035, 
        6038, 
        6039, 
        6040, 
        6041, 
        6042, 
        6043, 
        6044, 
        6045, 
        6046
    ], 
    "changing_point": [
        1, 
        -2
    ], 
    "tool_trajectory_goal_frame": [
        [
            [
                -0.8090169943749471, 
                0.5877852522924736, 
                0.0, 
                -0.048541019662496826
            ], 
            [
                -0.5877852522924736, 
                -0.8090169943749471, 
                0.0, 
                -0.03526711513754841
            ], 
            [
                0.0, 
                0.0, 
                1.0, 
                0.1
            ], 
            [
                0.0, 
                0.0, 
                0.0, 
                1.0
            ]
        ], 
        [
            [
                -0.8090169943749471, 
                0.5877852522924736, 
                0.0, 
                -0.048541019662496826
            ], 
            [
                -0.5877852522924736, 
                -0.8090169943749471, 
                0.0, 
                -0.03526711513754841
            ], 
            [
                0.0, 
                0.0, 
                1.0, 
                0.0
            ], 
            [
                0.0, 
                0.0, 
                0.0, 
                1.0
            ]
        ], 
        [
            [
                -0.8090169943749471, 
                0.5877852522924736, 
                0.0, 
                -0.3559674775249767
            ], 
            [
                -0.5877852522924736, 
                -0.8090169943749471, 
                0.0, 
                -0.25862551100868836
            ], 
            [
                0.0, 
                0.0, 
                1.0, 
                0.0
            ], 
            [
                0.0, 
                0.0, 
                0.0, 
                1.0
            ]
        ], 
        [
            [
                -0.8090169943749471, 
                0.5877852522924736, 
                0.0, 
                -0.3559674775249767
            ], 
            [
                -0.5877852522924736, 
                -0.8090169943749471, 
                0.0, 
                -0.25862551100868836
            ], 
            [
                0.0, 
                0.0, 
                1.0, 
                0.1
            ], 
            [
                0.0, 
                0.0, 
                0.0, 
                1.0
            ]
        ]
    ], 
    "Teffectivestart_unhoveringstart": [
        [
            1.0, 
            -1.568951857518983e-17, 
            0.0, 
            0.32999999999999996
        ], 
        [
            -1.568951857518983e-17, 
            1.0, 
            0.0, 
            3.2158709491069117e-17
        ], 
        [
            0.0, 
            0.0, 
            1.0, 
            0.0
        ], 
        [
            0.0, 
            0.0, 
            0.0, 
            1.0
        ]
    ], 
    "raw sample file path": "learned_samples/ur/simulator/pointcloud/pull/meiying_L_chain_pull_tool/meiying_tool_target/raw/raw_sample_11.txt", 
    "trajectory_thetas": [
        0.32999999999999996
    ], 
    "tool": "meiying_L_chain_pull_tool", 
    "Tworld_goalend": [
        [
            1.0, 
            1.568951857518983e-17, 
            0.0, 
            -0.2669756081437325
        ], 
        [
            1.568951857518983e-17, 
            1.0, 
            0.0, 
            -0.19396913325651627
        ], 
        [
            0.0, 
            0.0, 
            1.0, 
            0.0
        ], 
        [
            0.0, 
            0.0, 
            0.0, 
            1.0
        ]
    ], 
    "Tworld_toolend": [
        [
            -0.8090169943749471, 
            0.5877852522924736, 
            0.0, 
            -0.3559674775249767
        ], 
        [
            -0.5877852522924736, 
            -0.8090169943749471, 
            0.0, 
            -0.25862551100868836
        ], 
        [
            0.0, 
            0.0, 
            1.0, 
            0.0
        ], 
        [
            0.0, 
            0.0, 
            0.0, 
            1.0
        ]
    ], 
    "hovering_start": [
        [
            -0.8090169943749471, 
            0.5877852522924736, 
            0.0, 
            -0.048541019662496826
        ], 
        [
            -0.5877852522924736, 
            -0.8090169943749471, 
            0.0, 
            -0.03526711513754841
        ], 
        [
            0.0, 
            0.0, 
            1.0, 
            0.1
        ], 
        [
            0.0, 
            0.0, 
            0.0, 
            1.0
        ]
    ], 
    "v_start_tool_frame": [
        1.0, 
        5.408966061587175e-17, 
        0.0
    ], 
    "task": "pull", 
    "unhovering_start": [
        [
            -0.8090169943749471, 
            0.5877852522924736, 
            0.0, 
            -0.3559674775249767
        ], 
        [
            -0.5877852522924736, 
            -0.8090169943749471, 
            0.0, 
            -0.25862551100868836
        ], 
        [
            0.0, 
            0.0, 
            1.0, 
            0.0
        ], 
        [
            0.0, 
            0.0, 
            0.0, 
            1.0
        ]
    ], 
    "Teffectivestart_hoveringend": [
        [
            1.0, 
            -1.568951857518983e-17, 
            0.0, 
            -0.04999999999999999
        ], 
        [
            -1.568951857518983e-17, 
            1.0, 
            0.0, 
            2.2266159085714757e-17
        ], 
        [
            0.0, 
            0.0, 
            1.0, 
            0.0
        ], 
        [
            0.0, 
            0.0, 
            0.0, 
            1.0
        ]
    ], 
    "Tworld_toolstart": [
        [
            -0.8090169943749471, 
            0.5877852522924736, 
            0.0, 
            -0.08899186938124419
        ], 
        [
            -0.5877852522924736, 
            -0.8090169943749471, 
            0.0, 
            -0.06465637775217208
        ], 
        [
            0.0, 
            0.0, 
            1.0, 
            0.0
        ], 
        [
            0.0, 
            0.0, 
            0.0, 
            1.0
        ]
    ], 
    "unhovering_end": [
        [
            -0.8090169943749471, 
            0.5877852522924736, 
            0.0, 
            -0.3559674775249767
        ], 
        [
            -0.5877852522924736, 
            -0.8090169943749471, 
            0.0, 
            -0.25862551100868836
        ], 
        [
            0.0, 
            0.0, 
            1.0, 
            0.1
        ], 
        [
            0.0, 
            0.0, 
            0.0, 
            1.0
        ]
    ], 
    "trajectory_screw_axes": [
        [
            -0.0, 
            -0.0, 
            -0.0, 
            -1.0, 
            -5.408966061587175e-17, 
            -0.0
        ]
    ]
}