{
    "Tworld_goalstart": [
        [
            0.9999999999999999, 
            -2.4936262275483086e-17, 
            0.0, 
            0.0
        ], 
        [
            -2.4936262275483086e-17, 
            0.9999999999999999, 
            0.0, 
            0.0
        ], 
        [
            0.0, 
            0.0, 
            1.0, 
            0.0
        ], 
        [
            0.0, 
            0.0, 
            0.0, 
            1.0
        ]
    ], 
    "Teffectivestart_hoveringstart": [
        [
            0.9999999999999996, 
            -2.0973206545520682e-17, 
            0.0, 
            -0.049999999999999906
        ], 
        [
            -2.0973206545520682e-17, 
            0.9999999999999996, 
            0.0, 
            -4.0493347497442606e-17
        ], 
        [
            0.0, 
            0.0, 
            1.0, 
            0.1
        ], 
        [
            0.0, 
            0.0, 
            0.0, 
            1.0
        ]
    ], 
    "hovering_end": [
        [
            0.7289686274214123, 
            -0.6845471059286875, 
            0.0, 
            0.043738117645284735
        ], 
        [
            0.6845471059286875, 
            0.7289686274214123, 
            0.0, 
            0.04107282635572125
        ], 
        [
            0.0, 
            0.0, 
            1.0, 
            0.0
        ], 
        [
            0.0, 
            0.0, 
            0.0, 
            1.0
        ]
    ], 
    "sample file path": "learned_samples/ur/simulator/pointcloud/pull/meiying_L_chain_pull_tool/meiying_tool_target/sample/sample_23.txt", 
    "v_start_goal_frame": [
        0.7289686274214122, 
        0.6845471059286872, 
        0.0
    ], 
    "Teffectiveend_unhoveringend": [
        [
            0.9999999999999996, 
            -2.0973206545520682e-17, 
            0.0, 
            0.0
        ], 
        [
            -2.0973206545520682e-17, 
            0.9999999999999996, 
            0.0, 
            1.2377981223785459e-17
        ], 
        [
            0.0, 
            0.0, 
            1.0, 
            0.1
        ], 
        [
            0.0, 
            0.0, 
            0.0, 
            1.0
        ]
    ], 
    "task_type": "pose_change", 
    "goal": "meiying_tool_target", 
    "trajectory": [
        [
            [
                0.9999999999999996, 
                -2.0973206545520682e-17, 
                0.0, 
                1.3877787807814457e-17
            ], 
            [
                -2.0973206545520682e-17, 
                0.9999999999999996, 
                0.0, 
                -2.597404339206466e-18
            ], 
            [
                0.0, 
                0.0, 
                1.0, 
                0.0
            ], 
            [
                0.0, 
                0.0, 
                0.0, 
                1.0
            ]
        ], 
        [
            [
                0.9999999999999996, 
                -2.0973206545520682e-17, 
                0.0, 
                0.6899999999999997
            ], 
            [
                -2.0973206545520682e-17, 
                0.9999999999999996, 
                0.0, 
                -9.170542733482297e-17
            ], 
            [
                0.0, 
                0.0, 
                1.0, 
                0.0
            ], 
            [
                0.0, 
                0.0, 
                0.0, 
                1.0
            ]
        ]
    ], 
    "tool_contact_area_index": [
        942, 
        945, 
        946, 
        1125, 
        1126, 
        1134, 
        1135, 
        1136, 
        1137, 
        1138, 
        1139, 
        1376, 
        1377, 
        1378, 
        1379, 
        1380, 
        1381, 
        1382, 
        1383, 
        1384, 
        1385, 
        1386, 
        1387, 
        1388, 
        1389, 
        1390, 
        1391, 
        1392, 
        1393, 
        1395, 
        1398, 
        1400, 
        1401, 
        1405, 
        1740, 
        1744, 
        1745, 
        1746, 
        1747, 
        1748, 
        1749, 
        1750, 
        1751, 
        1752, 
        1753, 
        1754, 
        1755, 
        1756, 
        1757, 
        1758, 
        1759, 
        1760, 
        1761, 
        1762, 
        1763, 
        1764, 
        1765, 
        1766, 
        2104, 
        2106, 
        2107, 
        2111, 
        2112, 
        2114, 
        2117, 
        2119, 
        2120, 
        2127, 
        2128, 
        2129, 
        2131, 
        2132, 
        2133, 
        2134, 
        2135, 
        2136, 
        2138, 
        2546, 
        2547, 
        2548, 
        2549, 
        2550, 
        2551, 
        2552, 
        2553, 
        2554, 
        2558, 
        2559, 
        2564, 
        2717, 
        2722, 
        2723, 
        3061, 
        3063, 
        3064, 
        3066, 
        3067, 
        3068, 
        3069, 
        3070, 
        3071, 
        3072
    ], 
    "v_start_world_frame": [
        0.7289686274214123, 
        0.6845471059286873, 
        0.0
    ], 
    "Ttool_goal": [
        [
            0.7289686274214123, 
            0.6845471059286875, 
            0.0, 
            -0.10999999999999988
        ], 
        [
            -0.6845471059286875, 
            0.7289686274214123, 
            0.0, 
            -4.477439547079904e-17
        ], 
        [
            0.0, 
            0.0, 
            1.0, 
            0.0
        ], 
        [
            0.0, 
            0.0, 
            0.0, 
            1.0
        ]
    ], 
    "tool_trajectory_world_frame": [
        [
            [
                0.7289686274214124, 
                -0.6845471059286876, 
                0.0, 
                0.04373811764528474
            ], 
            [
                0.6845471059286876, 
                0.7289686274214124, 
                0.0, 
                0.04107282635572126
            ], 
            [
                0.0, 
                0.0, 
                1.0, 
                0.1
            ], 
            [
                0.0, 
                0.0, 
                0.0, 
                1.0
            ]
        ], 
        [
            [
                0.7289686274214124, 
                -0.6845471059286876, 
                0.0, 
                0.04373811764528474
            ], 
            [
                0.6845471059286876, 
                0.7289686274214124, 
                0.0, 
                0.04107282635572126
            ], 
            [
                0.0, 
                0.0, 
                1.0, 
                0.0
            ], 
            [
                0.0, 
                0.0, 
                0.0, 
                1.0
            ]
        ], 
        [
            [
                0.7289686274214124, 
                -0.6845471059286876, 
                0.0, 
                0.58317490193713
            ], 
            [
                0.6845471059286876, 
                0.7289686274214124, 
                0.0, 
                0.54763768474295
            ], 
            [
                0.0, 
                0.0, 
                1.0, 
                0.0
            ], 
            [
                0.0, 
                0.0, 
                0.0, 
                1.0
            ]
        ], 
        [
            [
                0.7289686274214124, 
                -0.6845471059286876, 
                0.0, 
                0.58317490193713
            ], 
            [
                0.6845471059286876, 
                0.7289686274214124, 
                0.0, 
                0.54763768474295
            ], 
            [
                0.0, 
                0.0, 
                1.0, 
                0.1
            ], 
            [
                0.0, 
                0.0, 
                0.0, 
                1.0
            ]
        ]
    ], 
    "goal_contact_area_index": [
        9489, 
        9490, 
        9491, 
        9492, 
        9493, 
        9495, 
        9496, 
        9497, 
        9498, 
        9503, 
        9504, 
        9510, 
        9512, 
        9513, 
        9514, 
        9515, 
        9517, 
        9534, 
        9536, 
        9538, 
        9540, 
        9562, 
        9563, 
        9564, 
        9565, 
        9566, 
        9567, 
        9568, 
        9570, 
        9571, 
        9572, 
        9573, 
        9574, 
        9575, 
        9576, 
        9577, 
        9578, 
        9579, 
        9580, 
        9581, 
        9582, 
        9583, 
        9584, 
        9585, 
        9586, 
        9588, 
        9589, 
        9591, 
        9593, 
        9594, 
        9595, 
        9596, 
        9597, 
        9600, 
        9610, 
        9617, 
        9619, 
        9620, 
        9621, 
        9622, 
        9623, 
        9624, 
        9625, 
        9636, 
        9637, 
        9638, 
        9639, 
        9640, 
        9641, 
        9642, 
        9643, 
        9644, 
        9645, 
        9646, 
        9647, 
        9648, 
        9649, 
        9650, 
        9651, 
        9653, 
        9654, 
        9655, 
        9656, 
        9657, 
        9658, 
        9659, 
        9660, 
        9661, 
        9662, 
        9663, 
        9668, 
        9669, 
        9670, 
        9671, 
        9672, 
        9673, 
        9674, 
        9675, 
        9676, 
        9677, 
        9678, 
        9679, 
        9681, 
        9682, 
        9684, 
        9685, 
        9687, 
        9688, 
        9689, 
        9690, 
        9691, 
        9693, 
        9694, 
        9695, 
        9696, 
        9697, 
        9699, 
        9700, 
        9701, 
        9702, 
        9703, 
        9704, 
        9705, 
        9707, 
        9708, 
        9709, 
        9710, 
        9711, 
        9712, 
        9713, 
        9714, 
        9719, 
        9720, 
        9722, 
        9723, 
        9726, 
        9730, 
        9731, 
        9732, 
        9734, 
        9740, 
        9741, 
        9742, 
        9743, 
        9768, 
        9775, 
        9777, 
        9780, 
        9782, 
        9785, 
        9788, 
        9789, 
        9793, 
        9794, 
        9796, 
        9797, 
        9798, 
        9811, 
        9812, 
        9817, 
        9820, 
        9852, 
        9857
    ], 
    "changing_point": [
        1, 
        -2
    ], 
    "tool_trajectory_goal_frame": [
        [
            [
                0.7289686274214123, 
                -0.6845471059286875, 
                0.0, 
                0.043738117645284735
            ], 
            [
                0.6845471059286875, 
                0.7289686274214123, 
                0.0, 
                0.04107282635572125
            ], 
            [
                0.0, 
                0.0, 
                1.0, 
                0.1
            ], 
            [
                0.0, 
                0.0, 
                0.0, 
                1.0
            ]
        ], 
        [
            [
                0.7289686274214123, 
                -0.6845471059286875, 
                0.0, 
                0.043738117645284735
            ], 
            [
                0.6845471059286875, 
                0.7289686274214123, 
                0.0, 
                0.04107282635572125
            ], 
            [
                0.0, 
                0.0, 
                1.0, 
                0.0
            ], 
            [
                0.0, 
                0.0, 
                0.0, 
                1.0
            ]
        ], 
        [
            [
                0.7289686274214123, 
                -0.6845471059286875, 
                0.0, 
                0.5831749019371298
            ], 
            [
                0.6845471059286875, 
                0.7289686274214123, 
                0.0, 
                0.5476376847429499
            ], 
            [
                0.0, 
                0.0, 
                1.0, 
                0.0
            ], 
            [
                0.0, 
                0.0, 
                0.0, 
                1.0
            ]
        ], 
        [
            [
                0.7289686274214123, 
                -0.6845471059286875, 
                0.0, 
                0.5831749019371298
            ], 
            [
                0.6845471059286875, 
                0.7289686274214123, 
                0.0, 
                0.5476376847429499
            ], 
            [
                0.0, 
                0.0, 
                1.0, 
                0.1
            ], 
            [
                0.0, 
                0.0, 
                0.0, 
                1.0
            ]
        ]
    ], 
    "Teffectivestart_unhoveringstart": [
        [
            0.9999999999999996, 
            -2.0973206545520682e-17, 
            0.0, 
            0.6899999999999997
        ], 
        [
            -2.0973206545520682e-17, 
            0.9999999999999996, 
            0.0, 
            -8.79075654782714e-17
        ], 
        [
            0.0, 
            0.0, 
            1.0, 
            0.0
        ], 
        [
            0.0, 
            0.0, 
            0.0, 
            1.0
        ]
    ], 
    "raw sample file path": "learned_samples/ur/simulator/pointcloud/pull/meiying_L_chain_pull_tool/meiying_tool_target/raw/raw_sample_23.txt", 
    "trajectory_thetas": [
        0.6899999999999994
    ], 
    "tool": "meiying_L_chain_pull_tool", 
    "Tworld_goalend": [
        [
            0.9999999999999999, 
            -2.4936262275483086e-17, 
            0.0, 
            0.5029883529207746
        ], 
        [
            -2.4936262275483086e-17, 
            0.9999999999999999, 
            0.0, 
            0.4723375030907944
        ], 
        [
            0.0, 
            0.0, 
            1.0, 
            0.0
        ], 
        [
            0.0, 
            0.0, 
            0.0, 
            1.0
        ]
    ], 
    "Tworld_toolend": [
        [
            0.7289686274214124, 
            -0.6845471059286876, 
            0.0, 
            0.58317490193713
        ], 
        [
            0.6845471059286876, 
            0.7289686274214124, 
            0.0, 
            0.54763768474295
        ], 
        [
            0.0, 
            0.0, 
            1.0, 
            0.0
        ], 
        [
            0.0, 
            0.0, 
            0.0, 
            1.0
        ]
    ], 
    "hovering_start": [
        [
            0.7289686274214123, 
            -0.6845471059286875, 
            0.0, 
            0.043738117645284735
        ], 
        [
            0.6845471059286875, 
            0.7289686274214123, 
            0.0, 
            0.04107282635572125
        ], 
        [
            0.0, 
            0.0, 
            1.0, 
            0.1
        ], 
        [
            0.0, 
            0.0, 
            0.0, 
            1.0
        ]
    ], 
    "v_start_tool_frame": [
        1.0, 
        -1.5011526885800842e-16, 
        0.0
    ], 
    "task": "pull", 
    "unhovering_start": [
        [
            0.7289686274214123, 
            -0.6845471059286875, 
            0.0, 
            0.5831749019371298
        ], 
        [
            0.6845471059286875, 
            0.7289686274214123, 
            0.0, 
            0.5476376847429499
        ], 
        [
            0.0, 
            0.0, 
            1.0, 
            0.0
        ], 
        [
            0.0, 
            0.0, 
            0.0, 
            1.0
        ]
    ], 
    "Teffectivestart_hoveringend": [
        [
            0.9999999999999996, 
            -2.0973206545520682e-17, 
            0.0, 
            -0.049999999999999906
        ], 
        [
            -2.0973206545520682e-17, 
            0.9999999999999996, 
            0.0, 
            -4.0493347497442606e-17
        ], 
        [
            0.0, 
            0.0, 
            1.0, 
            0.0
        ], 
        [
            0.0, 
            0.0, 
            0.0, 
            1.0
        ]
    ], 
    "Tworld_toolstart": [
        [
            0.7289686274214122, 
            -0.6845471059286874, 
            0.0, 
            0.08018654901635522
        ], 
        [
            0.6845471059286874, 
            0.7289686274214122, 
            0.0, 
            0.07530018165215556
        ], 
        [
            0.0, 
            0.0, 
            1.0, 
            0.0
        ], 
        [
            0.0, 
            0.0, 
            0.0, 
            1.0
        ]
    ], 
    "unhovering_end": [
        [
            0.7289686274214123, 
            -0.6845471059286875, 
            0.0, 
            0.5831749019371298
        ], 
        [
            0.6845471059286875, 
            0.7289686274214123, 
            0.0, 
            0.5476376847429499
        ], 
        [
            0.0, 
            0.0, 
            1.0, 
            0.1
        ], 
        [
            0.0, 
            0.0, 
            0.0, 
            1.0
        ]
    ], 
    "trajectory_screw_axes": [
        [
            -0.0, 
            -0.0, 
            -0.0, 
            -1.0, 
            1.5011526885800842e-16, 
            -0.0
        ]
    ]
}