{
    "Tworld_goalstart": [
        [
            0.9999999999999999, 
            -2.1735156603604546e-17, 
            0.0, 
            0.0
        ], 
        [
            -2.1735156603604546e-17, 
            0.9999999999999999, 
            0.0, 
            0.0
        ], 
        [
            0.0, 
            0.0, 
            1.0, 
            0.0
        ], 
        [
            0.0, 
            0.0, 
            0.0, 
            1.0
        ]
    ], 
    "Teffectivestart_hoveringstart": [
        [
            0.9999999999999997, 
            4.293852961930939e-17, 
            0.0, 
            -0.0499999999999999
        ], 
        [
            4.293852961930939e-17, 
            0.9999999999999997, 
            0.0, 
            3.315830738250961e-17
        ], 
        [
            0.0, 
            0.0, 
            1.0, 
            0.1
        ], 
        [
            0.0, 
            0.0, 
            0.0, 
            1.0
        ]
    ], 
    "hovering_end": [
        [
            0.309016994374948, 
            -0.9510565162951532, 
            0.0, 
            0.01854101966249688
        ], 
        [
            0.9510565162951532, 
            0.30901699437494806, 
            0.0, 
            0.05706339097770919
        ], 
        [
            0.0, 
            0.0, 
            1.0, 
            0.0
        ], 
        [
            0.0, 
            0.0, 
            0.0, 
            1.0
        ]
    ], 
    "sample file path": "learned_samples/ur/simulator/pointcloud/pull/meiying_L_chain_pull_tool/meiying_tool_target/sample/sample_21.txt", 
    "v_start_goal_frame": [
        0.30901699437494773, 
        0.951056516295153, 
        0.0
    ], 
    "Teffectiveend_unhoveringend": [
        [
            0.9999999999999997, 
            4.293852961930939e-17, 
            0.0, 
            -1.1102230246251565e-16
        ], 
        [
            4.293852961930939e-17, 
            0.9999999999999997, 
            0.0, 
            1.0804015667685586e-17
        ], 
        [
            0.0, 
            0.0, 
            1.0, 
            0.1
        ], 
        [
            0.0, 
            0.0, 
            0.0, 
            1.0
        ]
    ], 
    "task_type": "pose_change", 
    "goal": "meiying_tool_target", 
    "trajectory": [
        [
            [
                0.9999999999999997, 
                4.293852961930939e-17, 
                0.0, 
                0.0
            ], 
            [
                4.293852961930939e-17, 
                0.9999999999999997, 
                0.0, 
                3.04781145181208e-18
            ], 
            [
                0.0, 
                0.0, 
                1.0, 
                0.0
            ], 
            [
                0.0, 
                0.0, 
                0.0, 
                1.0
            ]
        ], 
        [
            [
                0.9999999999999997, 
                4.293852961930939e-17, 
                0.0, 
                0.6299999999999998
            ], 
            [
                4.293852961930939e-17, 
                0.9999999999999997, 
                0.0, 
                7.325406080285064e-17
            ], 
            [
                0.0, 
                0.0, 
                1.0, 
                0.0
            ], 
            [
                0.0, 
                0.0, 
                0.0, 
                1.0
            ]
        ]
    ], 
    "tool_contact_area_index": [
        719, 
        945, 
        946, 
        1124, 
        1134, 
        1135, 
        1136, 
        1137, 
        1138, 
        1139, 
        1376, 
        1377, 
        1378, 
        1379, 
        1380, 
        1381, 
        1382, 
        1383, 
        1384, 
        1385, 
        1386, 
        1387, 
        1388, 
        1389, 
        1390, 
        1391, 
        1392, 
        1394, 
        1398, 
        1399, 
        1401, 
        1736, 
        1738, 
        1739, 
        1740, 
        1742, 
        1744, 
        1745, 
        1746, 
        1747, 
        1748, 
        1749, 
        1750, 
        1751, 
        1752, 
        1753, 
        1754, 
        1755, 
        1756, 
        1757, 
        1758, 
        1759, 
        1760, 
        1762, 
        1763, 
        1764, 
        1766, 
        2104, 
        2105, 
        2106, 
        2107, 
        2108, 
        2109, 
        2110, 
        2111, 
        2112, 
        2114, 
        2115, 
        2116, 
        2118, 
        2120, 
        2122, 
        2124, 
        2126, 
        2127, 
        2128, 
        2129, 
        2131, 
        2132, 
        2133, 
        2138, 
        2139, 
        2539, 
        2541, 
        2543, 
        2544, 
        2549, 
        2718, 
        2719, 
        2721, 
        2722, 
        2724, 
        3070
    ], 
    "v_start_world_frame": [
        0.3090169943749478, 
        0.9510565162951531, 
        0.0
    ], 
    "Ttool_goal": [
        [
            0.309016994374948, 
            0.9510565162951532, 
            0.0, 
            -0.10999999999999988
        ], 
        [
            -0.9510565162951532, 
            0.30901699437494806, 
            0.0, 
            3.021093657757621e-17
        ], 
        [
            0.0, 
            0.0, 
            1.0, 
            0.0
        ], 
        [
            0.0, 
            0.0, 
            0.0, 
            1.0
        ]
    ], 
    "tool_trajectory_world_frame": [
        [
            [
                0.30901699437494806, 
                -0.9510565162951533, 
                0.0, 
                0.018541019662496883
            ], 
            [
                0.9510565162951533, 
                0.30901699437494806, 
                0.0, 
                0.0570633909777092
            ], 
            [
                0.0, 
                0.0, 
                1.0, 
                0.1
            ], 
            [
                0.0, 
                0.0, 
                0.0, 
                1.0
            ]
        ], 
        [
            [
                0.30901699437494806, 
                -0.9510565162951533, 
                0.0, 
                0.018541019662496883
            ], 
            [
                0.9510565162951533, 
                0.30901699437494806, 
                0.0, 
                0.0570633909777092
            ], 
            [
                0.0, 
                0.0, 
                1.0, 
                0.0
            ], 
            [
                0.0, 
                0.0, 
                0.0, 
                1.0
            ]
        ], 
        [
            [
                0.30901699437494806, 
                -0.9510565162951533, 
                0.0, 
                0.22867257583746156
            ], 
            [
                0.9510565162951533, 
                0.30901699437494806, 
                0.0, 
                0.7037818220584134
            ], 
            [
                0.0, 
                0.0, 
                1.0, 
                0.0
            ], 
            [
                0.0, 
                0.0, 
                0.0, 
                1.0
            ]
        ], 
        [
            [
                0.30901699437494806, 
                -0.9510565162951533, 
                0.0, 
                0.22867257583746156
            ], 
            [
                0.9510565162951533, 
                0.30901699437494806, 
                0.0, 
                0.7037818220584134
            ], 
            [
                0.0, 
                0.0, 
                1.0, 
                0.1
            ], 
            [
                0.0, 
                0.0, 
                0.0, 
                1.0
            ]
        ]
    ], 
    "goal_contact_area_index": [
        4609, 
        4615, 
        4631, 
        4836, 
        4837, 
        4840, 
        4841, 
        4842, 
        4843, 
        4844, 
        4845, 
        4846, 
        4847, 
        4848, 
        4851, 
        4852, 
        4853, 
        4854, 
        4855, 
        4857, 
        4858, 
        4860, 
        4862, 
        4863, 
        4865, 
        4869, 
        4871, 
        4872, 
        5034, 
        5039, 
        5041, 
        5043, 
        5048, 
        5177, 
        5185, 
        5186, 
        5190, 
        5191, 
        5192, 
        5193, 
        5194, 
        5195, 
        5197, 
        5198, 
        5199, 
        5200, 
        5201, 
        5278, 
        5279, 
        9710, 
        9714, 
        9728, 
        9733, 
        9743, 
        9744, 
        9745, 
        9746, 
        9748, 
        9749, 
        9751, 
        9752, 
        9753, 
        9754, 
        9755, 
        9757, 
        9758, 
        9759, 
        9760, 
        9761, 
        9762, 
        9763, 
        9764, 
        9765, 
        9767, 
        9770, 
        9771, 
        9776, 
        9806, 
        9807, 
        9808, 
        9809, 
        9810, 
        9812, 
        9813, 
        9814, 
        9817, 
        9818, 
        9820, 
        9821, 
        9822, 
        9823, 
        9824, 
        9826, 
        9827, 
        9829, 
        9830, 
        9831, 
        9832, 
        9833, 
        9844
    ], 
    "changing_point": [
        1, 
        -2
    ], 
    "tool_trajectory_goal_frame": [
        [
            [
                0.309016994374948, 
                -0.9510565162951532, 
                0.0, 
                0.01854101966249688
            ], 
            [
                0.9510565162951532, 
                0.30901699437494806, 
                0.0, 
                0.05706339097770919
            ], 
            [
                0.0, 
                0.0, 
                1.0, 
                0.1
            ], 
            [
                0.0, 
                0.0, 
                0.0, 
                1.0
            ]
        ], 
        [
            [
                0.309016994374948, 
                -0.9510565162951532, 
                0.0, 
                0.01854101966249688
            ], 
            [
                0.9510565162951532, 
                0.30901699437494806, 
                0.0, 
                0.05706339097770919
            ], 
            [
                0.0, 
                0.0, 
                1.0, 
                0.0
            ], 
            [
                0.0, 
                0.0, 
                0.0, 
                1.0
            ]
        ], 
        [
            [
                0.309016994374948, 
                -0.9510565162951532, 
                0.0, 
                0.2286725758374615
            ], 
            [
                0.9510565162951532, 
                0.30901699437494806, 
                0.0, 
                0.7037818220584133
            ], 
            [
                0.0, 
                0.0, 
                1.0, 
                0.0
            ], 
            [
                0.0, 
                0.0, 
                0.0, 
                1.0
            ]
        ], 
        [
            [
                0.309016994374948, 
                -0.9510565162951532, 
                0.0, 
                0.2286725758374615
            ], 
            [
                0.9510565162951532, 
                0.30901699437494806, 
                0.0, 
                0.7037818220584133
            ], 
            [
                0.0, 
                0.0, 
                1.0, 
                0.1
            ], 
            [
                0.0, 
                0.0, 
                0.0, 
                1.0
            ]
        ]
    ], 
    "Teffectivestart_unhoveringstart": [
        [
            0.9999999999999997, 
            4.293852961930939e-17, 
            0.0, 
            0.6299999999999998
        ], 
        [
            4.293852961930939e-17, 
            0.9999999999999997, 
            0.0, 
            6.877052786089071e-17
        ], 
        [
            0.0, 
            0.0, 
            1.0, 
            0.0
        ], 
        [
            0.0, 
            0.0, 
            0.0, 
            1.0
        ]
    ], 
    "raw sample file path": "learned_samples/ur/simulator/pointcloud/pull/meiying_L_chain_pull_tool/meiying_tool_target/raw/raw_sample_21.txt", 
    "trajectory_thetas": [
        0.6299999999999996
    ], 
    "tool": "meiying_L_chain_pull_tool", 
    "Tworld_goalend": [
        [
            0.9999999999999999, 
            -2.1735156603604546e-17, 
            0.0, 
            0.19468070645621727
        ], 
        [
            -2.1735156603604546e-17, 
            0.9999999999999999, 
            0.0, 
            0.5991656052659466
        ], 
        [
            0.0, 
            0.0, 
            1.0, 
            0.0
        ], 
        [
            0.0, 
            0.0, 
            0.0, 
            1.0
        ]
    ], 
    "Tworld_toolend": [
        [
            0.30901699437494806, 
            -0.9510565162951533, 
            0.0, 
            0.22867257583746156
        ], 
        [
            0.9510565162951533, 
            0.30901699437494806, 
            0.0, 
            0.7037818220584134
        ], 
        [
            0.0, 
            0.0, 
            1.0, 
            0.0
        ], 
        [
            0.0, 
            0.0, 
            0.0, 
            1.0
        ]
    ], 
    "hovering_start": [
        [
            0.309016994374948, 
            -0.9510565162951532, 
            0.0, 
            0.01854101966249688
        ], 
        [
            0.9510565162951532, 
            0.30901699437494806, 
            0.0, 
            0.05706339097770919
        ], 
        [
            0.0, 
            0.0, 
            1.0, 
            0.1
        ], 
        [
            0.0, 
            0.0, 
            0.0, 
            1.0
        ]
    ], 
    "v_start_tool_frame": [
        1.0, 
        1.54377020652704e-16, 
        0.0
    ], 
    "task": "pull", 
    "unhovering_start": [
        [
            0.309016994374948, 
            -0.9510565162951532, 
            0.0, 
            0.2286725758374615
        ], 
        [
            0.9510565162951532, 
            0.30901699437494806, 
            0.0, 
            0.7037818220584133
        ], 
        [
            0.0, 
            0.0, 
            1.0, 
            0.0
        ], 
        [
            0.0, 
            0.0, 
            0.0, 
            1.0
        ]
    ], 
    "Teffectivestart_hoveringend": [
        [
            0.9999999999999997, 
            4.293852961930939e-17, 
            0.0, 
            -0.0499999999999999
        ], 
        [
            4.293852961930939e-17, 
            0.9999999999999997, 
            0.0, 
            3.315830738250961e-17
        ], 
        [
            0.0, 
            0.0, 
            1.0, 
            0.0
        ], 
        [
            0.0, 
            0.0, 
            0.0, 
            1.0
        ]
    ], 
    "Tworld_toolstart": [
        [
            0.30901699437494795, 
            -0.9510565162951531, 
            0.0, 
            0.033991869381244266
        ], 
        [
            0.9510565162951531, 
            0.30901699437494806, 
            0.0, 
            0.1046162167924667
        ], 
        [
            0.0, 
            0.0, 
            1.0, 
            0.0
        ], 
        [
            0.0, 
            0.0, 
            0.0, 
            1.0
        ]
    ], 
    "unhovering_end": [
        [
            0.309016994374948, 
            -0.9510565162951532, 
            0.0, 
            0.2286725758374615
        ], 
        [
            0.9510565162951532, 
            0.30901699437494806, 
            0.0, 
            0.7037818220584133
        ], 
        [
            0.0, 
            0.0, 
            1.0, 
            0.1
        ], 
        [
            0.0, 
            0.0, 
            0.0, 
            1.0
        ]
    ], 
    "trajectory_screw_axes": [
        [
            -0.0, 
            -0.0, 
            -0.0, 
            -1.0, 
            -1.54377020652704e-16, 
            -0.0
        ]
    ]
}