{
    "Tworld_goalstart": [
        [
            0.9999999999999999, 
            9.381188111297005e-18, 
            0.0, 
            0.0
        ], 
        [
            9.381188111297005e-18, 
            0.9999999999999999, 
            0.0, 
            0.0
        ], 
        [
            0.0, 
            0.0, 
            1.0, 
            0.0
        ], 
        [
            0.0, 
            0.0, 
            0.0, 
            1.0
        ]
    ], 
    "Teffectivestart_hoveringstart": [
        [
            0.9999999999999997, 
            -2.2904501935825037e-17, 
            0.0, 
            -0.05000000000000001
        ], 
        [
            -2.2904501935825037e-17, 
            0.9999999999999997, 
            0.0, 
            -5.824228330489864e-18
        ], 
        [
            0.0, 
            0.0, 
            1.0, 
            0.1
        ], 
        [
            0.0, 
            0.0, 
            0.0, 
            1.0
        ]
    ], 
    "hovering_end": [
        [
            -0.4257792915650729, 
            -0.9048270524660192, 
            0.0, 
            -0.025546757493904372
        ], 
        [
            0.9048270524660192, 
            -0.4257792915650729, 
            0.0, 
            0.05428962314796115
        ], 
        [
            0.0, 
            0.0, 
            1.0, 
            0.0
        ], 
        [
            0.0, 
            0.0, 
            0.0, 
            1.0
        ]
    ], 
    "sample file path": "learned_samples/ur/simulator/pointcloud/pull/meiying_L_chain_pull_tool/meiying_tool_target/sample/sample_18.txt", 
    "v_start_goal_frame": [
        -0.42577929156507266, 
        0.9048270524660191, 
        0.0
    ], 
    "Teffectiveend_unhoveringend": [
        [
            0.9999999999999997, 
            -2.2904501935825037e-17, 
            0.0, 
            1.1102230246251565e-16
        ], 
        [
            -2.2904501935825037e-17, 
            0.9999999999999997, 
            0.0, 
            1.353411414048841e-18
        ], 
        [
            0.0, 
            0.0, 
            1.0, 
            0.1
        ], 
        [
            0.0, 
            0.0, 
            0.0, 
            1.0
        ]
    ], 
    "task_type": "pose_change", 
    "goal": "meiying_tool_target", 
    "trajectory": [
        [
            [
                0.9999999999999997, 
                -2.2904501935825037e-17, 
                0.0, 
                0.0
            ], 
            [
                -2.2904501935825037e-17, 
                0.9999999999999997, 
                0.0, 
                3.77466900345934e-19
            ], 
            [
                0.0, 
                0.0, 
                1.0, 
                0.0
            ], 
            [
                0.0, 
                0.0, 
                0.0, 
                1.0
            ]
        ], 
        [
            [
                0.9999999999999997, 
                -2.2904501935825037e-17, 
                0.0, 
                0.5399999999999998
            ], 
            [
                -2.2904501935825037e-17, 
                0.9999999999999997, 
                0.0, 
                -6.109663372111621e-17
            ], 
            [
                0.0, 
                0.0, 
                1.0, 
                0.0
            ], 
            [
                0.0, 
                0.0, 
                0.0, 
                1.0
            ]
        ]
    ], 
    "tool_contact_area_index": [
        943, 
        944, 
        1123, 
        1125, 
        1136, 
        1137, 
        1366, 
        1376, 
        1377, 
        1378, 
        1379, 
        1380, 
        1381, 
        1384, 
        1385, 
        1396, 
        1399, 
        1736, 
        1737, 
        1743, 
        1744, 
        1745, 
        1746, 
        1747, 
        1748, 
        1749, 
        1750, 
        1751, 
        1752, 
        1753, 
        1755, 
        1757, 
        1760, 
        1761, 
        1762, 
        1764, 
        1765, 
        1766, 
        2104, 
        2105, 
        2106, 
        2107, 
        2108, 
        2109, 
        2110, 
        2111, 
        2112, 
        2114, 
        2115, 
        2116, 
        2117, 
        2119, 
        2120, 
        2129, 
        2131, 
        2132, 
        2133, 
        2134, 
        2135, 
        2136, 
        2139, 
        2141, 
        2542, 
        2544, 
        2545, 
        2546, 
        2547, 
        2548, 
        2549, 
        2550, 
        2551, 
        2552, 
        2553, 
        2554, 
        2555, 
        2556, 
        2557, 
        2558, 
        2559, 
        2562, 
        2717, 
        2719, 
        2722, 
        2723, 
        2724, 
        2858, 
        3064, 
        3066, 
        3067, 
        3068, 
        3069, 
        3070, 
        3071, 
        3072
    ], 
    "v_start_world_frame": [
        -0.4257792915650727, 
        0.9048270524660192, 
        0.0
    ], 
    "Ttool_goal": [
        [
            -0.4257792915650729, 
            0.9048270524660192, 
            0.0, 
            -0.10999999999999999
        ], 
        [
            -0.9048270524660192, 
            -0.4257792915650729, 
            0.0, 
            -6.089267550539348e-18
        ], 
        [
            0.0, 
            0.0, 
            1.0, 
            0.0
        ], 
        [
            0.0, 
            0.0, 
            0.0, 
            1.0
        ]
    ], 
    "tool_trajectory_world_frame": [
        [
            [
                -0.42577929156507294, 
                -0.9048270524660194, 
                0.0, 
                -0.025546757493904376
            ], 
            [
                0.9048270524660194, 
                -0.42577929156507294, 
                0.0, 
                0.05428962314796116
            ], 
            [
                0.0, 
                0.0, 
                1.0, 
                0.1
            ], 
            [
                0.0, 
                0.0, 
                0.0, 
                1.0
            ]
        ], 
        [
            [
                -0.42577929156507294, 
                -0.9048270524660194, 
                0.0, 
                -0.025546757493904376
            ], 
            [
                0.9048270524660194, 
                -0.42577929156507294, 
                0.0, 
                0.05428962314796116
            ], 
            [
                0.0, 
                0.0, 
                1.0, 
                0.0
            ], 
            [
                0.0, 
                0.0, 
                0.0, 
                1.0
            ]
        ], 
        [
            [
                -0.42577929156507294, 
                -0.9048270524660194, 
                0.0, 
                -0.2767565395172974
            ], 
            [
                0.9048270524660194, 
                -0.42577929156507294, 
                0.0, 
                0.5881375841029126
            ], 
            [
                0.0, 
                0.0, 
                1.0, 
                0.0
            ], 
            [
                0.0, 
                0.0, 
                0.0, 
                1.0
            ]
        ], 
        [
            [
                -0.42577929156507294, 
                -0.9048270524660194, 
                0.0, 
                -0.2767565395172974
            ], 
            [
                0.9048270524660194, 
                -0.42577929156507294, 
                0.0, 
                0.5881375841029126
            ], 
            [
                0.0, 
                0.0, 
                1.0, 
                0.1
            ], 
            [
                0.0, 
                0.0, 
                0.0, 
                1.0
            ]
        ]
    ], 
    "goal_contact_area_index": [
        4412, 
        4421, 
        4423, 
        4424, 
        4431, 
        4579, 
        4581, 
        4585, 
        4587, 
        4590, 
        4595, 
        4596, 
        4600, 
        4604, 
        4610, 
        4625, 
        4822, 
        4823, 
        4831, 
        4980, 
        4981, 
        4982, 
        4983, 
        4999, 
        5001, 
        5003, 
        5010, 
        5011, 
        5012, 
        5013, 
        5014, 
        5015, 
        5018, 
        5020, 
        5021, 
        5022, 
        5023, 
        5024, 
        5026, 
        5027, 
        5028, 
        5031, 
        5139, 
        5140, 
        5143, 
        5144, 
        5147, 
        5149, 
        5151, 
        5153, 
        5154, 
        5155, 
        5158, 
        5159, 
        5160, 
        5161, 
        5162, 
        5164, 
        5165, 
        5169, 
        5170, 
        5171, 
        5172, 
        5173, 
        5174, 
        5175, 
        5176, 
        5261, 
        5263, 
        5264, 
        5265, 
        5266, 
        5267, 
        5268, 
        5270, 
        5272, 
        5273, 
        5274, 
        5275, 
        5276, 
        5425, 
        5426, 
        5427, 
        5428, 
        5429, 
        5430, 
        5431, 
        5433, 
        5434
    ], 
    "changing_point": [
        1, 
        -2
    ], 
    "tool_trajectory_goal_frame": [
        [
            [
                -0.4257792915650729, 
                -0.9048270524660192, 
                0.0, 
                -0.025546757493904372
            ], 
            [
                0.9048270524660192, 
                -0.4257792915650729, 
                0.0, 
                0.05428962314796115
            ], 
            [
                0.0, 
                0.0, 
                1.0, 
                0.1
            ], 
            [
                0.0, 
                0.0, 
                0.0, 
                1.0
            ]
        ], 
        [
            [
                -0.4257792915650729, 
                -0.9048270524660192, 
                0.0, 
                -0.025546757493904372
            ], 
            [
                0.9048270524660192, 
                -0.4257792915650729, 
                0.0, 
                0.05428962314796115
            ], 
            [
                0.0, 
                0.0, 
                1.0, 
                0.0
            ], 
            [
                0.0, 
                0.0, 
                0.0, 
                1.0
            ]
        ], 
        [
            [
                -0.4257792915650729, 
                -0.9048270524660192, 
                0.0, 
                -0.27675653951729734
            ], 
            [
                0.9048270524660192, 
                -0.4257792915650729, 
                0.0, 
                0.5881375841029125
            ], 
            [
                0.0, 
                0.0, 
                1.0, 
                0.0
            ], 
            [
                0.0, 
                0.0, 
                0.0, 
                1.0
            ]
        ], 
        [
            [
                -0.4257792915650729, 
                -0.9048270524660192, 
                0.0, 
                -0.27675653951729734
            ], 
            [
                0.9048270524660192, 
                -0.4257792915650729, 
                0.0, 
                0.5881375841029125
            ], 
            [
                0.0, 
                0.0, 
                1.0, 
                0.1
            ], 
            [
                0.0, 
                0.0, 
                0.0, 
                1.0
            ]
        ]
    ], 
    "Teffectivestart_unhoveringstart": [
        [
            0.9999999999999997, 
            -2.2904501935825037e-17, 
            0.0, 
            0.5399999999999998
        ], 
        [
            -2.2904501935825037e-17, 
            0.9999999999999997, 
            0.0, 
            -6.024700736774833e-17
        ], 
        [
            0.0, 
            0.0, 
            1.0, 
            0.0
        ], 
        [
            0.0, 
            0.0, 
            0.0, 
            1.0
        ]
    ], 
    "raw sample file path": "learned_samples/ur/simulator/pointcloud/pull/meiying_L_chain_pull_tool/meiying_tool_target/raw/raw_sample_18.txt", 
    "trajectory_thetas": [
        0.5399999999999996
    ], 
    "tool": "meiying_L_chain_pull_tool", 
    "Tworld_goalend": [
        [
            0.9999999999999999, 
            9.381188111297005e-18, 
            0.0, 
            -0.2299208174451394
        ], 
        [
            9.381188111297005e-18, 
            0.9999999999999999, 
            0.0, 
            0.4886066083316505
        ], 
        [
            0.0, 
            0.0, 
            1.0, 
            0.0
        ], 
        [
            0.0, 
            0.0, 
            0.0, 
            1.0
        ]
    ], 
    "Tworld_toolend": [
        [
            -0.42577929156507294, 
            -0.9048270524660194, 
            0.0, 
            -0.2767565395172974
        ], 
        [
            0.9048270524660194, 
            -0.42577929156507294, 
            0.0, 
            0.5881375841029126
        ], 
        [
            0.0, 
            0.0, 
            1.0, 
            0.0
        ], 
        [
            0.0, 
            0.0, 
            0.0, 
            1.0
        ]
    ], 
    "hovering_start": [
        [
            -0.4257792915650729, 
            -0.9048270524660192, 
            0.0, 
            -0.025546757493904372
        ], 
        [
            0.9048270524660192, 
            -0.4257792915650729, 
            0.0, 
            0.05428962314796115
        ], 
        [
            0.0, 
            0.0, 
            1.0, 
            0.1
        ], 
        [
            0.0, 
            0.0, 
            0.0, 
            1.0
        ]
    ], 
    "v_start_tool_frame": [
        1.0, 
        -1.3674542901260685e-16, 
        0.0
    ], 
    "task": "pull", 
    "unhovering_start": [
        [
            -0.4257792915650729, 
            -0.9048270524660192, 
            0.0, 
            -0.27675653951729734
        ], 
        [
            0.9048270524660192, 
            -0.4257792915650729, 
            0.0, 
            0.5881375841029125
        ], 
        [
            0.0, 
            0.0, 
            1.0, 
            0.0
        ], 
        [
            0.0, 
            0.0, 
            0.0, 
            1.0
        ]
    ], 
    "Teffectivestart_hoveringend": [
        [
            0.9999999999999997, 
            -2.2904501935825037e-17, 
            0.0, 
            -0.05000000000000001
        ], 
        [
            -2.2904501935825037e-17, 
            0.9999999999999997, 
            0.0, 
            -5.824228330489864e-18
        ], 
        [
            0.0, 
            0.0, 
            1.0, 
            0.0
        ], 
        [
            0.0, 
            0.0, 
            0.0, 
            1.0
        ]
    ], 
    "Tworld_toolstart": [
        [
            -0.4257792915650728, 
            -0.9048270524660191, 
            0.0, 
            -0.04683572207215801
        ], 
        [
            0.9048270524660191, 
            -0.4257792915650728, 
            0.0, 
            0.09953097577126209
        ], 
        [
            0.0, 
            0.0, 
            1.0, 
            0.0
        ], 
        [
            0.0, 
            0.0, 
            0.0, 
            1.0
        ]
    ], 
    "unhovering_end": [
        [
            -0.4257792915650729, 
            -0.9048270524660192, 
            0.0, 
            -0.27675653951729734
        ], 
        [
            0.9048270524660192, 
            -0.4257792915650729, 
            0.0, 
            0.5881375841029125
        ], 
        [
            0.0, 
            0.0, 
            1.0, 
            0.1
        ], 
        [
            0.0, 
            0.0, 
            0.0, 
            1.0
        ]
    ], 
    "trajectory_screw_axes": [
        [
            -0.0, 
            -0.0, 
            -0.0, 
            -1.0, 
            1.3674542901260685e-16, 
            -0.0
        ]
    ]
}