{
    "Tworld_goalstart": [
        [
            1.0, 
            3.525493841940718e-18, 
            0.0, 
            0.0
        ], 
        [
            3.525493841940718e-18, 
            1.0, 
            0.0, 
            0.0
        ], 
        [
            0.0, 
            0.0, 
            1.0, 
            0.0
        ], 
        [
            0.0, 
            0.0, 
            0.0, 
            1.0
        ]
    ], 
    "Teffectivestart_hoveringstart": [
        [
            1.0, 
            -3.525493841940718e-18, 
            0.0, 
            -0.05000000000000009
        ], 
        [
            -3.525493841940718e-18, 
            1.0, 
            0.0, 
            -4.796294448231905e-17
        ], 
        [
            0.0, 
            0.0, 
            1.0, 
            0.1
        ], 
        [
            0.0, 
            0.0, 
            0.0, 
            1.0
        ]
    ], 
    "hovering_end": [
        [
            0.8763066800438645, 
            -0.48175367410171377, 
            0.0, 
            0.05257840080263187
        ], 
        [
            0.48175367410171377, 
            0.8763066800438645, 
            0.0, 
            0.028905220446102824
        ], 
        [
            0.0, 
            0.0, 
            1.0, 
            0.0
        ], 
        [
            0.0, 
            0.0, 
            0.0, 
            1.0
        ]
    ], 
    "sample file path": "learned_samples/ur/simulator/pointcloud/pull/meiying_L_chain_pull_tool/meiying_tool_target/sample/sample_24.txt", 
    "v_start_goal_frame": [
        0.8763066800438645, 
        0.48175367410171377, 
        0.0
    ], 
    "Teffectiveend_unhoveringend": [
        [
            1.0, 
            -3.525493841940718e-18, 
            0.0, 
            0.0
        ], 
        [
            -3.525493841940718e-18, 
            1.0, 
            0.0, 
            -2.048276721002088e-17
        ], 
        [
            0.0, 
            0.0, 
            1.0, 
            0.1
        ], 
        [
            0.0, 
            0.0, 
            0.0, 
            1.0
        ]
    ], 
    "task_type": "pose_change", 
    "goal": "meiying_tool_target", 
    "trajectory": [
        [
            [
                1.0, 
                -3.525493841940718e-18, 
                0.0, 
                0.0
            ], 
            [
                -3.525493841940718e-18, 
                1.0, 
                0.0, 
                1.0816991668573857e-18
            ], 
            [
                0.0, 
                0.0, 
                1.0, 
                0.0
            ], 
            [
                0.0, 
                0.0, 
                0.0, 
                1.0
            ]
        ], 
        [
            [
                1.0, 
                -3.525493841940718e-18, 
                0.0, 
                0.7200000000000001
            ], 
            [
                -3.525493841940718e-18, 
                1.0, 
                0.0, 
                -1.354387330611365e-17
            ], 
            [
                0.0, 
                0.0, 
                1.0, 
                0.0
            ], 
            [
                0.0, 
                0.0, 
                0.0, 
                1.0
            ]
        ]
    ], 
    "tool_contact_area_index": [
        712, 
        719, 
        720, 
        1122, 
        1123, 
        1125, 
        1127, 
        1129, 
        1130, 
        1132, 
        1134, 
        1135, 
        1136, 
        1137, 
        1365, 
        1366, 
        1373, 
        1374, 
        1376, 
        1377, 
        1378, 
        1379, 
        1380, 
        1381, 
        1382, 
        1383, 
        1384, 
        1385, 
        1744, 
        1745, 
        1746, 
        1747, 
        1748, 
        1749, 
        1750, 
        1751, 
        1752, 
        1753, 
        1754, 
        1755, 
        1756, 
        1757, 
        1758, 
        1759, 
        1760, 
        1761, 
        1762, 
        1763, 
        2104, 
        2105, 
        2107, 
        2108, 
        2109, 
        2110, 
        2112, 
        2113, 
        2114, 
        2115, 
        2116, 
        2117, 
        2118, 
        2119, 
        2120, 
        2121, 
        2122, 
        2123, 
        2124, 
        2125, 
        2126, 
        2128, 
        2129, 
        2130, 
        2131, 
        2132, 
        2133, 
        2134, 
        2135, 
        2537, 
        2538, 
        2539, 
        2541, 
        2543, 
        2545, 
        2546, 
        2547, 
        2548, 
        2549, 
        2551, 
        2552, 
        2554, 
        2699, 
        2717, 
        2718, 
        2721, 
        2722, 
        2724, 
        3062, 
        3063
    ], 
    "v_start_world_frame": [
        0.8763066800438645, 
        0.48175367410171377, 
        0.0
    ], 
    "Ttool_goal": [
        [
            0.8763066800438645, 
            0.48175367410171377, 
            0.0, 
            -0.1100000000000001
        ], 
        [
            -0.48175367410171377, 
            0.8763066800438645, 
            0.0, 
            -4.667262220758832e-17
        ], 
        [
            0.0, 
            0.0, 
            1.0, 
            0.0
        ], 
        [
            0.0, 
            0.0, 
            0.0, 
            1.0
        ]
    ], 
    "tool_trajectory_world_frame": [
        [
            [
                0.8763066800438645, 
                -0.48175367410171377, 
                0.0, 
                0.05257840080263187
            ], 
            [
                0.48175367410171377, 
                0.8763066800438645, 
                0.0, 
                0.028905220446102824
            ], 
            [
                0.0, 
                0.0, 
                1.0, 
                0.1
            ], 
            [
                0.0, 
                0.0, 
                0.0, 
                1.0
            ]
        ], 
        [
            [
                0.8763066800438645, 
                -0.48175367410171377, 
                0.0, 
                0.05257840080263187
            ], 
            [
                0.48175367410171377, 
                0.8763066800438645, 
                0.0, 
                0.028905220446102824
            ], 
            [
                0.0, 
                0.0, 
                1.0, 
                0.0
            ], 
            [
                0.0, 
                0.0, 
                0.0, 
                1.0
            ]
        ], 
        [
            [
                0.8763066800438645, 
                -0.48175367410171377, 
                0.0, 
                0.7273345444364075
            ], 
            [
                0.48175367410171377, 
                0.8763066800438645, 
                0.0, 
                0.3998555495044225
            ], 
            [
                0.0, 
                0.0, 
                1.0, 
                0.0
            ], 
            [
                0.0, 
                0.0, 
                0.0, 
                1.0
            ]
        ], 
        [
            [
                0.8763066800438645, 
                -0.48175367410171377, 
                0.0, 
                0.7273345444364075
            ], 
            [
                0.48175367410171377, 
                0.8763066800438645, 
                0.0, 
                0.3998555495044225
            ], 
            [
                0.0, 
                0.0, 
                1.0, 
                0.1
            ], 
            [
                0.0, 
                0.0, 
                0.0, 
                1.0
            ]
        ]
    ], 
    "goal_contact_area_index": [
        9490, 
        9491, 
        9492, 
        9493, 
        9495, 
        9512, 
        9513, 
        9514, 
        9515, 
        9516, 
        9517, 
        9534, 
        9535, 
        9536, 
        9538, 
        9539, 
        9540, 
        9542, 
        9543, 
        9544, 
        9546, 
        9562, 
        9563, 
        9564, 
        9565, 
        9566, 
        9567, 
        9568, 
        9569, 
        9571, 
        9573, 
        9574, 
        9575, 
        9576, 
        9577, 
        9578, 
        9579, 
        9580, 
        9581, 
        9582, 
        9583, 
        9584, 
        9585, 
        9586, 
        9587, 
        9588, 
        9589, 
        9590, 
        9591, 
        9592, 
        9593, 
        9594, 
        9595, 
        9596, 
        9597, 
        9598, 
        9599, 
        9600, 
        9601, 
        9602, 
        9603, 
        9604, 
        9605, 
        9606, 
        9607, 
        9608, 
        9609, 
        9610, 
        9611, 
        9612, 
        9613, 
        9614, 
        9615, 
        9616, 
        9617, 
        9618, 
        9619, 
        9620, 
        9623, 
        9624, 
        9625, 
        9626, 
        9627, 
        9628, 
        9629, 
        9630, 
        9631, 
        9632, 
        9633, 
        9634, 
        9635, 
        9636, 
        9639, 
        9640, 
        9641, 
        9644, 
        9646, 
        9647, 
        9648, 
        9649, 
        9650, 
        9651, 
        9653, 
        9654, 
        9655, 
        9656, 
        9657, 
        9658, 
        9659, 
        9661, 
        9663, 
        9666, 
        9692, 
        9693, 
        9694, 
        9695, 
        9696, 
        9697, 
        9698, 
        9701, 
        9702, 
        9703, 
        9704, 
        9705, 
        9706, 
        9783, 
        9787, 
        9797, 
        9801, 
        9802, 
        9803, 
        9804, 
        9805
    ], 
    "changing_point": [
        1, 
        -2
    ], 
    "tool_trajectory_goal_frame": [
        [
            [
                0.8763066800438645, 
                -0.48175367410171377, 
                0.0, 
                0.05257840080263187
            ], 
            [
                0.48175367410171377, 
                0.8763066800438645, 
                0.0, 
                0.028905220446102824
            ], 
            [
                0.0, 
                0.0, 
                1.0, 
                0.1
            ], 
            [
                0.0, 
                0.0, 
                0.0, 
                1.0
            ]
        ], 
        [
            [
                0.8763066800438645, 
                -0.48175367410171377, 
                0.0, 
                0.05257840080263187
            ], 
            [
                0.48175367410171377, 
                0.8763066800438645, 
                0.0, 
                0.028905220446102824
            ], 
            [
                0.0, 
                0.0, 
                1.0, 
                0.0
            ], 
            [
                0.0, 
                0.0, 
                0.0, 
                1.0
            ]
        ], 
        [
            [
                0.8763066800438645, 
                -0.48175367410171377, 
                0.0, 
                0.7273345444364075
            ], 
            [
                0.48175367410171377, 
                0.8763066800438645, 
                0.0, 
                0.3998555495044225
            ], 
            [
                0.0, 
                0.0, 
                1.0, 
                0.0
            ], 
            [
                0.0, 
                0.0, 
                0.0, 
                1.0
            ]
        ], 
        [
            [
                0.8763066800438645, 
                -0.48175367410171377, 
                0.0, 
                0.7273345444364075
            ], 
            [
                0.48175367410171377, 
                0.8763066800438645, 
                0.0, 
                0.3998555495044225
            ], 
            [
                0.0, 
                0.0, 
                1.0, 
                0.1
            ], 
            [
                0.0, 
                0.0, 
                0.0, 
                1.0
            ]
        ]
    ], 
    "Teffectivestart_unhoveringstart": [
        [
            1.0, 
            -3.525493841940718e-18, 
            0.0, 
            0.7200000000000001
        ], 
        [
            -3.525493841940718e-18, 
            1.0, 
            0.0, 
            -1.1644238186351374e-17
        ], 
        [
            0.0, 
            0.0, 
            1.0, 
            0.0
        ], 
        [
            0.0, 
            0.0, 
            0.0, 
            1.0
        ]
    ], 
    "raw sample file path": "learned_samples/ur/simulator/pointcloud/pull/meiying_L_chain_pull_tool/meiying_tool_target/raw/raw_sample_24.txt", 
    "trajectory_thetas": [
        0.7200000000000001
    ], 
    "tool": "meiying_L_chain_pull_tool", 
    "Tworld_goalend": [
        [
            1.0, 
            3.525493841940718e-18, 
            0.0, 
            0.6309408096315824
        ], 
        [
            3.525493841940718e-18, 
            1.0, 
            0.0, 
            0.3468626453532339
        ], 
        [
            0.0, 
            0.0, 
            1.0, 
            0.0
        ], 
        [
            0.0, 
            0.0, 
            0.0, 
            1.0
        ]
    ], 
    "Tworld_toolend": [
        [
            0.8763066800438645, 
            -0.48175367410171377, 
            0.0, 
            0.7273345444364075
        ], 
        [
            0.48175367410171377, 
            0.8763066800438645, 
            0.0, 
            0.3998555495044225
        ], 
        [
            0.0, 
            0.0, 
            1.0, 
            0.0
        ], 
        [
            0.0, 
            0.0, 
            0.0, 
            1.0
        ]
    ], 
    "hovering_start": [
        [
            0.8763066800438645, 
            -0.48175367410171377, 
            0.0, 
            0.05257840080263187
        ], 
        [
            0.48175367410171377, 
            0.8763066800438645, 
            0.0, 
            0.028905220446102824
        ], 
        [
            0.0, 
            0.0, 
            1.0, 
            0.1
        ], 
        [
            0.0, 
            0.0, 
            0.0, 
            1.0
        ]
    ], 
    "v_start_tool_frame": [
        1.0, 
        -2.3838788943289376e-17, 
        0.0
    ], 
    "task": "pull", 
    "unhovering_start": [
        [
            0.8763066800438645, 
            -0.48175367410171377, 
            0.0, 
            0.7273345444364075
        ], 
        [
            0.48175367410171377, 
            0.8763066800438645, 
            0.0, 
            0.3998555495044225
        ], 
        [
            0.0, 
            0.0, 
            1.0, 
            0.0
        ], 
        [
            0.0, 
            0.0, 
            0.0, 
            1.0
        ]
    ], 
    "Teffectivestart_hoveringend": [
        [
            1.0, 
            -3.525493841940718e-18, 
            0.0, 
            -0.05000000000000009
        ], 
        [
            -3.525493841940718e-18, 
            1.0, 
            0.0, 
            -4.796294448231905e-17
        ], 
        [
            0.0, 
            0.0, 
            1.0, 
            0.0
        ], 
        [
            0.0, 
            0.0, 
            0.0, 
            1.0
        ]
    ], 
    "Tworld_toolstart": [
        [
            0.8763066800438645, 
            -0.48175367410171377, 
            0.0, 
            0.09639373480482515
        ], 
        [
            0.48175367410171377, 
            0.8763066800438645, 
            0.0, 
            0.052992904151188604
        ], 
        [
            0.0, 
            0.0, 
            1.0, 
            0.0
        ], 
        [
            0.0, 
            0.0, 
            0.0, 
            1.0
        ]
    ], 
    "unhovering_end": [
        [
            0.8763066800438645, 
            -0.48175367410171377, 
            0.0, 
            0.7273345444364075
        ], 
        [
            0.48175367410171377, 
            0.8763066800438645, 
            0.0, 
            0.3998555495044225
        ], 
        [
            0.0, 
            0.0, 
            1.0, 
            0.1
        ], 
        [
            0.0, 
            0.0, 
            0.0, 
            1.0
        ]
    ], 
    "trajectory_screw_axes": [
        [
            -0.0, 
            -0.0, 
            -0.0, 
            -1.0, 
            2.3838788943289376e-17, 
            -0.0
        ]
    ]
}