{
    "Tworld_goalstart": [
        [
            0.5877852522924731, 
            -0.8090169943749475, 
            0.0, 
            -0.5
        ], 
        [
            0.8090169943749475, 
            0.5877852522924731, 
            0.0, 
            0.0
        ], 
        [
            0.0, 
            0.0, 
            1.0, 
            0.0445
        ], 
        [
            0.0, 
            0.0, 
            0.0, 
            1.0
        ]
    ], 
    "Teffectivestart_hoveringstart": [
        [
            0.9999996606897795, 
            0.0005781049045626355, 
            0.00058479258481811, 
            0.11365442734151404
        ], 
        [
            -0.0005776358485330226, 
            0.9999995028008167, 
            -0.000808899506426589, 
            -0.008977262024165569
        ], 
        [
            -0.0005852515672346545, 
            0.000808562621040711, 
            0.9999995015848734, 
            -0.1943192822933573
        ], 
        [
            0.0, 
            0.0, 
            0.0, 
            1.0
        ]
    ], 
    "hovering_end": [
        [
            0.8065288129206682, 
            0.5906112345795538, 
            -0.02626098950931299, 
            0.20911576986160324
        ], 
        [
            0.5911842335935663, 
            -0.805452865646337, 
            0.041795769298941646, 
            0.16018979384551024
        ], 
        [
            0.00353306, 
            -0.04923457, 
            -0.99878099, 
            0.010460700000000003
        ], 
        [
            0.0, 
            0.0, 
            0.0, 
            1.0
        ]
    ], 
    "sample file path": "learned_samples/ur/simulator/pointcloud/push/plunger/blue_puck/sample/sample_4.txt", 
    "v_start_goal_frame": [
        -0.8091196875438961, 
        -0.5876438240568703, 
        -0.00024451448593186455
    ], 
    "Teffectiveend_unhoveringend": [
        [
            0.9999988974473782, 
            0.001484331758102434, 
            -2.5419750117898072e-05, 
            0.0507163159571409
        ], 
        [
            -0.0014843299119946393, 
            0.9999988863013299, 
            0.00017180786928659464, 
            -0.009254436983117616
        ], 
        [
            2.5679245298297976e-05, 
            -0.00017176930532420998, 
            0.999999976521504, 
            -0.19453222541991222
        ], 
        [
            0.0, 
            0.0, 
            0.0, 
            1.0
        ]
    ], 
    "task_type": "pose_change", 
    "goal": "blue_puck", 
    "trajectory": [
        [
            [
                0.9999999925421807, 
                -5.0375878495864555e-09, 
                1.7825618495393885e-09, 
                0.0
            ], 
            [
                -5.0375878495864555e-09, 
                1.000000001593908, 
                -2.183448313202343e-09, 
                8.673617379884035e-19
            ], 
            [
                1.7825618495393885e-09, 
                -2.183448313202343e-09, 
                0.9999999927410214, 
                0.0
            ], 
            [
                0.0, 
                0.0, 
                0.0, 
                1.0
            ]
        ], 
        [
            [
                0.9999999359186881, 
                -0.000127872687016884, 
                -0.00030978659178168734, 
                -0.19997906081937422
            ], 
            [
                0.00012812524068744075, 
                0.9999996340103464, 
                0.0008479088334904648, 
                -0.0008516461895119324
            ], 
            [
                0.00030968161837881215, 
                -0.0008479528506971135, 
                0.9999995853363989, 
                -0.0006319107848433651
            ], 
            [
                0.0, 
                0.0, 
                0.0, 
                1.0
            ]
        ]
    ], 
    "tool_contact_area_index": [
        1124, 
        1125, 
        1127, 
        1373, 
        1374, 
        1375, 
        1376, 
        1377, 
        1378, 
        1379, 
        1381, 
        1384, 
        1628, 
        1629, 
        1632, 
        1633, 
        1634, 
        1636, 
        1638, 
        1639, 
        1640, 
        1641, 
        1642, 
        1643, 
        1644, 
        1650, 
        1651, 
        1942, 
        1943, 
        1944, 
        1945, 
        1946, 
        1947, 
        1948, 
        1949, 
        1950, 
        1951, 
        1952, 
        1953, 
        1954, 
        1956, 
        1957, 
        1958, 
        2307, 
        2308, 
        2309, 
        2310, 
        2661, 
        2664, 
        2671, 
        2672, 
        2673, 
        2674, 
        2676
    ], 
    "v_start_world_frame": [
        -0.00017477937630624996, 
        -0.9999999510877405, 
        -0.00024451448593186455
    ], 
    "Ttool_goal": [
        [
            0.8066984086713357, 
            0.5909523277419254, 
            0.003607814534503161, 
            -0.22036373422052769
        ], 
        [
            0.590398074366268, 
            -0.8056448213556768, 
            -0.04864706775634255, 
            0.00628215972371482
        ], 
        [
            -0.025841480665384144, 
            0.041373561683042924, 
            -0.9988095108736708, 
            0.0094521416152844
        ], 
        [
            0.0, 
            0.0, 
            0.0, 
            1.0
        ]
    ], 
    "tool_trajectory_world_frame": [
        [
            [
                -0.00447351, 
                0.99876552, 
                -0.04947136, 
                -0.50663651
            ], 
            [
                0.99998109, 
                0.00467679, 
                0.00399404, 
                0.33325553
            ], 
            [
                0.00422047, 
                -0.04945256, 
                -0.99876756, 
                0.24997624
            ], 
            [
                0.0, 
                0.0, 
                0.0, 
                1.0
            ]
        ], 
        [
            [
                -0.00421235, 
                0.99877763, 
                -0.04924931, 
                -0.5066811
            ], 
            [
                0.99998489, 
                0.00438121, 
                0.00332135, 
                0.26333541
            ], 
            [
                0.00353306, 
                -0.04923457, 
                -0.99878099, 
                0.0549607
            ], 
            [
                0.0, 
                0.0, 
                0.0, 
                1.0
            ]
        ], 
        [
            [
                -0.00381214, 
                0.99884903, 
                -0.04781302, 
                -0.50671461
            ], 
            [
                0.99998731, 
                0.00396517, 
                0.00310626, 
                0.02032075
            ], 
            [
                0.00329227, 
                -0.04780057, 
                -0.99885147, 
                0.05499263
            ], 
            [
                0.0, 
                0.0, 
                0.0, 
                1.0
            ]
        ], 
        [
            [
                -0.00529598, 
                0.99885047, 
                -0.04764131, 
                -0.50685056
            ], 
            [
                0.99998041, 
                0.00544895, 
                0.00308152, 
                0.07039546
            ], 
            [
                0.00333757, 
                -0.04762406, 
                -0.99885975, 
                0.24991077
            ], 
            [
                0.0, 
                0.0, 
                0.0, 
                1.0
            ]
        ]
    ], 
    "goal_contact_area_index": [
        2840, 
        2871, 
        2882, 
        2959, 
        3003, 
        3031, 
        3048, 
        3051, 
        3071, 
        3094, 
        3116, 
        3146, 
        3173, 
        3184, 
        3209, 
        3231, 
        3255, 
        3271, 
        3277, 
        3309, 
        3315
    ], 
    "changing_point": [
        1, 
        -2
    ], 
    "tool_trajectory_goal_frame": [
        [
            [
                0.8063722326596009, 
                0.5908432457433459, 
                -0.025847289582638447, 
                0.2657085445347387
            ], 
            [
                0.5913932828878585, 
                -0.8052693308856625, 
                0.04237080878390723, 
                0.20125173515225114
            ], 
            [
                0.00422047, 
                -0.04945256, 
                -0.99876756, 
                0.20547623999999998
            ], 
            [
                0.0, 
                0.0, 
                0.0, 
                1.0
            ]
        ], 
        [
            [
                0.8065288129206682, 
                0.5906112345795538, 
                -0.02626098950931299, 
                0.20911576986160324
            ], 
            [
                0.5911842335935663, 
                -0.805452865646337, 
                0.041795769298941646, 
                0.16018979384551024
            ], 
            [
                0.00353306, 
                -0.04923457, 
                -0.99878099, 
                0.010460700000000003
            ], 
            [
                0.0, 
                0.0, 
                0.0, 
                1.0
            ]
        ], 
        [
            [
                0.8067660082776146, 
                0.5903166190162278, 
                -0.02559077089461794, 
                0.012493083355549217
            ], 
            [
                0.5908618793425581, 
                -0.8057551716360992, 
                0.040507359550175266, 
                0.0173764707661222
            ], 
            [
                0.00329227, 
                -0.04780057, 
                -0.99885147, 
                0.010492630000000003
            ], 
            [
                0.0, 
                0.0, 
                0.0, 
                1.0
            ]
        ], 
        [
            [
                0.8058882467915918, 
                0.5915178686629048, 
                -0.025509857369387635, 
                0.05292446532889716
            ], 
            [
                0.5920582754012506, 
                -0.8048841926189246, 
                0.04035390143492943, 
                0.0469196326773299
            ], 
            [
                0.00333757, 
                -0.04762406, 
                -0.99885975, 
                0.20541077000000002
            ], 
            [
                0.0, 
                0.0, 
                0.0, 
                1.0
            ]
        ]
    ], 
    "Teffectivestart_unhoveringstart": [
        [
            0.9999999359186881, 
            -0.000127872687016884, 
            -0.00030978659178168734, 
            -0.19997906244800917
        ], 
        [
            0.00012812524068744075, 
            0.9999996340103464, 
            0.0008479088334904648, 
            -0.0008516472889885411
        ], 
        [
            0.00030968161837881215, 
            -0.0008479528506971135, 
            0.9999995853363989, 
            -0.0006319103097017151
        ], 
        [
            0.0, 
            0.0, 
            0.0, 
            1.0
        ]
    ], 
    "raw sample file path": "learned_samples/ur/simulator/pointcloud/push/plunger/blue_puck/raw/raw_sample_4.txt", 
    "trajectory_thetas": [
        0.19998187112743868
    ], 
    "tool": "plunger", 
    "Tworld_goalend": [
        [
            0.5878788587793318, 
            -0.8089485316443998, 
            -0.000848732552, 
            -0.50005156
        ], 
        [
            0.8089489398413663, 
            0.5878788277505114, 
            0.000312314357, 
            -0.199985919
        ], 
        [
            0.00024630565629785216, 
            -0.0008701843058510962, 
            0.999999591, 
            0.0445255563
        ], 
        [
            0.0, 
            0.0, 
            0.0, 
            1.0
        ]
    ], 
    "Tworld_toolend": [
        [
            -0.00381214, 
            0.99884903, 
            -0.04781302, 
            -0.50671461
        ], 
        [
            0.99998731, 
            0.00396517, 
            0.00310626, 
            0.02032075
        ], 
        [
            0.00329227, 
            -0.04780057, 
            -0.99885147, 
            0.05499263
        ], 
        [
            0.0, 
            0.0, 
            0.0, 
            1.0
        ]
    ], 
    "hovering_start": [
        [
            0.8063722326596009, 
            0.5908432457433459, 
            -0.025847289582638447, 
            0.2657085445347387
        ], 
        [
            0.5913932828878585, 
            -0.8052693308856625, 
            0.04237080878390723, 
            0.20125173515225114
        ], 
        [
            0.00422047, 
            -0.04945256, 
            -0.99876756, 
            0.20547623999999998
        ], 
        [
            0.0, 
            0.0, 
            0.0, 
            1.0
        ]
    ], 
    "v_start_tool_frame": [
        -0.9999859397123344, 
        -0.004258611929552531, 
        -0.003159842096232669
    ], 
    "task": "push", 
    "unhovering_start": [
        [
            0.8067660082776146, 
            0.5903166190162278, 
            -0.02559077089461794, 
            0.012493083355549217
        ], 
        [
            0.5908618793425581, 
            -0.8057551716360992, 
            0.040507359550175266, 
            0.0173764707661222
        ], 
        [
            0.00329227, 
            -0.04780057, 
            -0.99885147, 
            0.010492630000000003
        ], 
        [
            0.0, 
            0.0, 
            0.0, 
            1.0
        ]
    ], 
    "Teffectivestart_hoveringend": [
        [
            0.9999999555223479, 
            0.0002832680413858045, 
            -8.880786283081857e-05, 
            0.043031896373913414
        ], 
        [
            -0.00028333120171410777, 
            0.9999997831116583, 
            -0.0005892162332431867, 
            0.0001787473422774702
        ], 
        [
            8.864469897386859e-05, 
            0.0005892341610268957, 
            0.9999998147836594, 
            0.00022765615784379675
        ], 
        [
            0.0, 
            0.0, 
            0.0, 
            1.0
        ]
    ], 
    "Tworld_toolstart": [
        [
            -0.003925048343833698, 
            0.9988076330012783, 
            -0.04866115575191576, 
            -0.5066796552584923
        ], 
        [
            0.999985785004949, 
            0.004095931029883915, 
            0.003412572373998189, 
            0.22030261434083784
        ], 
        [
            0.003607814534503161, 
            -0.04864706775634255, 
            -0.9988095108736708, 
            0.05504152907640481
        ], 
        [
            0.0, 
            0.0, 
            0.0, 
            1.0
        ]
    ], 
    "unhovering_end": [
        [
            0.8058882467915918, 
            0.5915178686629048, 
            -0.025509857369387635, 
            0.05292446532889716
        ], 
        [
            0.5920582754012506, 
            -0.8048841926189246, 
            0.04035390143492943, 
            0.0469196326773299
        ], 
        [
            0.00333757, 
            -0.04762406, 
            -0.99885975, 
            0.20541077000000002
        ], 
        [
            0.0, 
            0.0, 
            0.0, 
            1.0
        ]
    ], 
    "trajectory_screw_axes": [
        [
            -0.0, 
            -0.0, 
            -0.0, 
            0.9999859397123344, 
            0.004258611929552531, 
            0.003159842096232669
        ]
    ]
}