{
    "Tworld_goalstart": [
        [
            0.9510565162951535, 
            -0.3090169943749474, 
            0.0, 
            -0.5
        ], 
        [
            0.3090169943749474, 
            0.9510565162951535, 
            0.0, 
            0.0
        ], 
        [
            0.0, 
            0.0, 
            1.0, 
            0.0445
        ], 
        [
            0.0, 
            0.0, 
            0.0, 
            1.0
        ]
    ], 
    "Teffectivestart_hoveringstart": [
        [
            0.9999996606897795, 
            0.0005781049045625918, 
            0.0005847925848181126, 
            0.11365442734151399
        ], 
        [
            -0.0005776358485328908, 
            0.9999995028008166, 
            -0.000808899506426589, 
            -0.00897726202416551
        ], 
        [
            -0.0005852515672346636, 
            0.0008085626210407249, 
            0.9999995015848734, 
            -0.1943192822933573
        ], 
        [
            0.0, 
            0.0, 
            0.0, 
            1.0
        ]
    ], 
    "hovering_end": [
        [
            0.3050061422117465, 
            0.9512478416872552, 
            -0.045812523604272834, 
            0.07502101321967497
        ], 
        [
            0.9523438335674477, 
            -0.3044724829517758, 
            0.018377665311636947, 
            0.25251143109287444
        ], 
        [
            0.00353306, 
            -0.04923457, 
            -0.99878099, 
            0.010460700000000003
        ], 
        [
            0.0, 
            0.0, 
            0.0, 
            1.0
        ]
    ], 
    "sample file path": "learned_samples/ur/simulator/pointcloud/push/plunger/blue_puck/sample/sample_2.txt", 
    "v_start_goal_frame": [
        -0.30918320432497853, 
        -0.9510024599792853, 
        -0.00024451448593186976
    ], 
    "Teffectiveend_unhoveringend": [
        [
            0.999998897447378, 
            0.0014843317581025195, 
            -2.541975011790241e-05, 
            0.0507163159571409
        ], 
        [
            -0.001484329911994586, 
            0.9999988863013297, 
            0.00017180786928660158, 
            -0.00925443698311753
        ], 
        [
            2.567924529830058e-05, 
            -0.0001717693053241961, 
            0.999999976521504, 
            -0.19453222541991222
        ], 
        [
            0.0, 
            0.0, 
            0.0, 
            1.0
        ]
    ], 
    "task_type": "pose_change", 
    "goal": "blue_puck", 
    "trajectory": [
        [
            [
                0.9999999925421807, 
                -5.037587772580996e-09, 
                1.782561840865771e-09, 
                0.0
            ], 
            [
                -5.037587772580996e-09, 
                1.000000001593908, 
                -2.183448299324555e-09, 
                2.6020852139652106e-18
            ], 
            [
                1.782561840865771e-09, 
                -2.183448299324555e-09, 
                0.9999999927410214, 
                0.0
            ], 
            [
                0.0, 
                0.0, 
                0.0, 
                1.0
            ]
        ], 
        [
            [
                0.999999935918688, 
                -0.00012787268701693234, 
                -0.00030978659178168474, 
                -0.19997906081937422
            ], 
            [
                0.000128125240687596, 
                0.9999996340103463, 
                0.0008479088334904717, 
                -0.0008516461895120364
            ], 
            [
                0.00030968161837879784, 
                -0.0008479528506970996, 
                0.9999995853363989, 
                -0.0006319107848433599
            ], 
            [
                0.0, 
                0.0, 
                0.0, 
                1.0
            ]
        ]
    ], 
    "tool_contact_area_index": [
        1124, 
        1125, 
        1126, 
        1127, 
        1369, 
        1370, 
        1371, 
        1372, 
        1373, 
        1374, 
        1375, 
        1376, 
        1377, 
        1378, 
        1379, 
        1380, 
        1381, 
        1627, 
        1628, 
        1630, 
        1631, 
        1632, 
        1633, 
        1634, 
        1636, 
        1639, 
        1640, 
        1641, 
        1642, 
        1643, 
        1644, 
        1942, 
        1943, 
        1944, 
        1945, 
        1946, 
        1947, 
        1952, 
        2307, 
        2308, 
        2310, 
        2671, 
        2672, 
        2673
    ], 
    "v_start_world_frame": [
        -0.0001747793763067886, 
        -0.9999999510877404, 
        -0.00024451448593186976
    ], 
    "Ttool_goal": [
        [
            0.30527965889572506, 
            0.952255903673469, 
            0.003607814534503161, 
            -0.22036373422052769
        ], 
        [
            0.9511882201872258, 
            -0.3047530708125438, 
            -0.04864706775634255, 
            0.00628215972371482
        ], 
        [
            -0.04522496641021297, 
            0.018282673286887978, 
            -0.9988095108736708, 
            0.0094521416152844
        ], 
        [
            0.0, 
            0.0, 
            0.0, 
            1.0
        ]
    ], 
    "tool_trajectory_world_frame": [
        [
            [
                -0.00447351, 
                0.99876552, 
                -0.04947136, 
                -0.50663651
            ], 
            [
                0.99998109, 
                0.00467679, 
                0.00399404, 
                0.33325553
            ], 
            [
                0.00422047, 
                -0.04945256, 
                -0.99876756, 
                0.24997624
            ], 
            [
                0.0, 
                0.0, 
                0.0, 
                1.0
            ]
        ], 
        [
            [
                -0.00421235, 
                0.99877763, 
                -0.04924931, 
                -0.5066811
            ], 
            [
                0.99998489, 
                0.00438121, 
                0.00332135, 
                0.26333541
            ], 
            [
                0.00353306, 
                -0.04923457, 
                -0.99878099, 
                0.0549607
            ], 
            [
                0.0, 
                0.0, 
                0.0, 
                1.0
            ]
        ], 
        [
            [
                -0.00381214, 
                0.99884903, 
                -0.04781302, 
                -0.50671461
            ], 
            [
                0.99998731, 
                0.00396517, 
                0.00310626, 
                0.02032075
            ], 
            [
                0.00329227, 
                -0.04780057, 
                -0.99885147, 
                0.05499263
            ], 
            [
                0.0, 
                0.0, 
                0.0, 
                1.0
            ]
        ], 
        [
            [
                -0.00529598, 
                0.99885047, 
                -0.04764131, 
                -0.50685056
            ], 
            [
                0.99998041, 
                0.00544895, 
                0.00308152, 
                0.07039546
            ], 
            [
                0.00333757, 
                -0.04762406, 
                -0.99885975, 
                0.24991077
            ], 
            [
                0.0, 
                0.0, 
                0.0, 
                1.0
            ]
        ]
    ], 
    "goal_contact_area_index": [
        3046, 
        3121, 
        3137, 
        3149, 
        3265, 
        4998, 
        5000, 
        5006, 
        5010, 
        5020, 
        5050, 
        5091, 
        5093, 
        5103, 
        5154, 
        5176, 
        5181, 
        5191, 
        5200, 
        5205, 
        5212, 
        5229, 
        5233, 
        5245, 
        5246, 
        5252, 
        5254, 
        5267, 
        5268, 
        5276, 
        5296, 
        5308, 
        5310, 
        5316, 
        5324, 
        5326
    ], 
    "changing_point": [
        1, 
        -2
    ], 
    "tool_trajectory_goal_frame": [
        [
            [
                0.30475659002737226, 
                0.9513276636360403, 
                -0.04581583306177009, 
                0.0966699261584722
            ], 
            [
                0.9524209224309367, 
                -0.3041876274708874, 
                0.01908604874318449, 
                0.3189956377712343
            ], 
            [
                0.00422047, 
                -0.04945256, 
                -0.99876756, 
                0.20547623999999998
            ], 
            [
                0.0, 
                0.0, 
                0.0, 
                1.0
            ]
        ], 
        [
            [
                0.3050061422117465, 
                0.9512478416872552, 
                -0.045812523604272834, 
                0.07502101321967497
            ], 
            [
                0.9523438335674477, 
                -0.3044724829517758, 
                0.018377665311636947, 
                0.25251143109287444
            ], 
            [
                0.00353306, 
                -0.04923457, 
                -0.99878099, 
                0.010460700000000003
            ], 
            [
                0.0, 
                0.0, 
                0.0, 
                1.0
            ]
        ], 
        [
            [
                0.3053875123612594, 
                0.951187183692179, 
                -0.04451299710580338, 
                -0.00010651650643589416
            ], 
            [
                0.9522224634328982, 
                -0.3048902243182136, 
                0.01772926454669623, 
                0.021401110304104715
            ], 
            [
                0.00329227, 
                -0.04780057, 
                -0.99885147, 
                0.010492630000000003
            ], 
            [
                0.0, 
                0.0, 
                0.0, 
                1.0
            ]
        ], 
        [
            [
                0.3039741644428588, 
                0.9516470664494762, 
                -0.04435733627183117, 
                0.015238123738570974
            ], 
            [
                0.9526744329198692, 
                -0.3034795106649371, 
                0.017652674100378966, 
                0.06906700041158007
            ], 
            [
                0.00333757, 
                -0.04762406, 
                -0.99885975, 
                0.20541077000000002
            ], 
            [
                0.0, 
                0.0, 
                0.0, 
                1.0
            ]
        ]
    ], 
    "Teffectivestart_unhoveringstart": [
        [
            0.999999935918688, 
            -0.00012787268701693234, 
            -0.00030978659178168474, 
            -0.1999790624480092
        ], 
        [
            0.000128125240687596, 
            0.9999996340103463, 
            0.0008479088334904717, 
            -0.0008516472889886174
        ], 
        [
            0.00030968161837879784, 
            -0.0008479528506970996, 
            0.9999995853363989, 
            -0.0006319103097017116
        ], 
        [
            0.0, 
            0.0, 
            0.0, 
            1.0
        ]
    ], 
    "raw sample file path": "learned_samples/ur/simulator/pointcloud/push/plunger/blue_puck/raw/raw_sample_2.txt", 
    "trajectory_thetas": [
        0.19998187112743868
    ], 
    "tool": "plunger", 
    "Tworld_goalend": [
        [
            0.9510920041504584, 
            -0.30890658634995855, 
            -0.000848732552, 
            -0.50005156
        ], 
        [
            0.3089069348265246, 
            0.9510922189797723, 
            0.000312314357, 
            -0.199985919
        ], 
        [
            0.0007107469635112743, 
            -0.0005592190593438076, 
            0.999999591, 
            0.0445255563
        ], 
        [
            0.0, 
            0.0, 
            0.0, 
            1.0
        ]
    ], 
    "Tworld_toolend": [
        [
            -0.00381214, 
            0.99884903, 
            -0.04781302, 
            -0.50671461
        ], 
        [
            0.99998731, 
            0.00396517, 
            0.00310626, 
            0.02032075
        ], 
        [
            0.00329227, 
            -0.04780057, 
            -0.99885147, 
            0.05499263
        ], 
        [
            0.0, 
            0.0, 
            0.0, 
            1.0
        ]
    ], 
    "hovering_start": [
        [
            0.30475659002737226, 
            0.9513276636360403, 
            -0.04581583306177009, 
            0.0966699261584722
        ], 
        [
            0.9524209224309367, 
            -0.3041876274708874, 
            0.01908604874318449, 
            0.3189956377712343
        ], 
        [
            0.00422047, 
            -0.04945256, 
            -0.99876756, 
            0.20547623999999998
        ], 
        [
            0.0, 
            0.0, 
            0.0, 
            1.0
        ]
    ], 
    "v_start_tool_frame": [
        -0.9999859397123344, 
        -0.004258611929553137, 
        -0.0031598420962326342
    ], 
    "task": "push", 
    "unhovering_start": [
        [
            0.3053875123612594, 
            0.951187183692179, 
            -0.04451299710580338, 
            -0.00010651650643589416
        ], 
        [
            0.9522224634328982, 
            -0.3048902243182136, 
            0.01772926454669623, 
            0.021401110304104715
        ], 
        [
            0.00329227, 
            -0.04780057, 
            -0.99885147, 
            0.010492630000000003
        ], 
        [
            0.0, 
            0.0, 
            0.0, 
            1.0
        ]
    ], 
    "Teffectivestart_hoveringend": [
        [
            0.9999999555223479, 
            0.0002832680413857383, 
            -8.880786283081423e-05, 
            0.04303189637391347
        ], 
        [
            -0.00028333120171404244, 
            0.999999783111658, 
            -0.0005892162332431798, 
            0.0001787473422774806
        ], 
        [
            8.864469897385861e-05, 
            0.0005892341610269096, 
            0.9999998147836594, 
            0.00022765615784379502
        ], 
        [
            0.0, 
            0.0, 
            0.0, 
            1.0
        ]
    ], 
    "Tworld_toolstart": [
        [
            -0.003925048343833767, 
            0.9988076330012782, 
            -0.04866115575191575, 
            -0.5066796552584923
        ], 
        [
            0.9999857850049488, 
            0.004095931029884049, 
            0.003412572373998177, 
            0.2203026143408378
        ], 
        [
            0.003607814534503161, 
            -0.04864706775634255, 
            -0.9988095108736708, 
            0.05504152907640481
        ], 
        [
            0.0, 
            0.0, 
            0.0, 
            1.0
        ]
    ], 
    "unhovering_end": [
        [
            0.3039741644428588, 
            0.9516470664494762, 
            -0.04435733627183117, 
            0.015238123738570974
        ], 
        [
            0.9526744329198692, 
            -0.3034795106649371, 
            0.017652674100378966, 
            0.06906700041158007
        ], 
        [
            0.00333757, 
            -0.04762406, 
            -0.99885975, 
            0.20541077000000002
        ], 
        [
            0.0, 
            0.0, 
            0.0, 
            1.0
        ]
    ], 
    "trajectory_screw_axes": [
        [
            -0.0, 
            -0.0, 
            -0.0, 
            0.9999859397123344, 
            0.004258611929553137, 
            0.0031598420962326342
        ]
    ]
}