{
    "Tworld_goalstart": [
        [
            0.8090169943749473, 
            0.5877852522924734, 
            0.0, 
            -0.5
        ], 
        [
            -0.5877852522924734, 
            0.8090169943749473, 
            0.0, 
            0.0
        ], 
        [
            0.0, 
            0.0, 
            1.0, 
            0.0445
        ], 
        [
            0.0, 
            0.0, 
            0.0, 
            1.0
        ]
    ], 
    "Teffectivestart_hoveringstart": [
        [
            0.9999996606897796, 
            0.0005781049045626627, 
            0.00058479258481811, 
            0.11365442734151404
        ], 
        [
            -0.0005776358485330073, 
            0.9999995028008168, 
            -0.0008088995064265959, 
            -0.008977262024165537
        ], 
        [
            -0.0005852515672346588, 
            0.0008085626210407041, 
            0.9999995015848734, 
            -0.1943192822933573
        ], 
        [
            0.0, 
            0.0, 
            0.0, 
            1.0
        ]
    ], 
    "hovering_end": [
        [
            -0.5911842335935665, 
            0.8054528656463369, 
            -0.041795769298941646, 
            -0.1601897938455103
        ], 
        [
            0.8065288129206681, 
            0.590611234579554, 
            -0.026260989509313, 
            0.20911576986160324
        ], 
        [
            0.00353306, 
            -0.04923457, 
            -0.99878099, 
            0.010460700000000003
        ], 
        [
            0.0, 
            0.0, 
            0.0, 
            1.0
        ]
    ], 
    "sample file path": "learned_samples/ur/simulator/pointcloud/push/plunger/blue_puck/sample/sample_19.txt", 
    "v_start_goal_frame": [
        0.5876438240568705, 
        -0.8091196875438961, 
        -0.00024451448593187887
    ], 
    "Teffectiveend_unhoveringend": [
        [
            0.9999988974473782, 
            0.001484331758102436, 
            -2.541975011789894e-05, 
            0.05071631595714095
        ], 
        [
            -0.001484329911994596, 
            0.99999888630133, 
            0.00017180786928660158, 
            -0.009254436983117571
        ], 
        [
            2.5679245298296675e-05, 
            -0.00017176930532420998, 
            0.999999976521504, 
            -0.19453222541991222
        ], 
        [
            0.0, 
            0.0, 
            0.0, 
            1.0
        ]
    ], 
    "task_type": "pose_change", 
    "goal": "blue_puck", 
    "trajectory": [
        [
            [
                0.9999999925421807, 
                -5.037587852622222e-09, 
                1.7825618421668137e-09, 
                0.0
            ], 
            [
                -5.037587852622222e-09, 
                1.0000000015939081, 
                -2.183448320141237e-09, 
                6.071532165918825e-18
            ], 
            [
                1.7825618421668137e-09, 
                -2.183448320141237e-09, 
                0.9999999927410214, 
                0.0
            ], 
            [
                0.0, 
                0.0, 
                0.0, 
                1.0
            ]
        ], 
        [
            [
                0.9999999359186883, 
                -0.00012787268701693044, 
                -0.0003097865917816882, 
                -0.19997906081937425
            ], 
            [
                0.00012812524068743278, 
                0.9999996340103465, 
                0.0008479088334904648, 
                -0.000851646189511974
            ], 
            [
                0.0003096816183788052, 
                -0.0008479528506971204, 
                0.9999995853363989, 
                -0.0006319107848433616
            ], 
            [
                0.0, 
                0.0, 
                0.0, 
                1.0
            ]
        ]
    ], 
    "tool_contact_area_index": [
        1119, 
        1120, 
        1124, 
        1125, 
        1126, 
        1127, 
        1369, 
        1370, 
        1371, 
        1372, 
        1373, 
        1374, 
        1375, 
        1376, 
        1377, 
        1378, 
        1379, 
        1626, 
        1627, 
        1628, 
        1629, 
        1630, 
        1631, 
        1632, 
        1633, 
        1634, 
        1638, 
        1639, 
        1640, 
        1641, 
        1642, 
        1643, 
        1644, 
        1940, 
        1942, 
        1943, 
        1944, 
        1945, 
        1946, 
        1947, 
        1950, 
        1952, 
        1953, 
        2306, 
        2307, 
        2308, 
        2310, 
        2663, 
        2671, 
        2672, 
        2673
    ], 
    "v_start_world_frame": [
        -0.00017477937630643037, 
        -0.9999999510877406, 
        -0.00024451448593187887
    ], 
    "Ttool_goal": [
        [
            -0.5909523277419256, 
            0.8066984086713356, 
            0.003607814534503161, 
            -0.22036373422052769
        ], 
        [
            0.8056448213556767, 
            0.5903980743662682, 
            -0.04864706775634255, 
            0.00628215972371482
        ], 
        [
            -0.04137356168304292, 
            -0.02584148066538416, 
            -0.9988095108736708, 
            0.0094521416152844
        ], 
        [
            0.0, 
            0.0, 
            0.0, 
            1.0
        ]
    ], 
    "tool_trajectory_world_frame": [
        [
            [
                -0.00447351, 
                0.99876552, 
                -0.04947136, 
                -0.50663651
            ], 
            [
                0.99998109, 
                0.00467679, 
                0.00399404, 
                0.33325553
            ], 
            [
                0.00422047, 
                -0.04945256, 
                -0.99876756, 
                0.24997624
            ], 
            [
                0.0, 
                0.0, 
                0.0, 
                1.0
            ]
        ], 
        [
            [
                -0.00421235, 
                0.99877763, 
                -0.04924931, 
                -0.5066811
            ], 
            [
                0.99998489, 
                0.00438121, 
                0.00332135, 
                0.26333541
            ], 
            [
                0.00353306, 
                -0.04923457, 
                -0.99878099, 
                0.0549607
            ], 
            [
                0.0, 
                0.0, 
                0.0, 
                1.0
            ]
        ], 
        [
            [
                -0.00381214, 
                0.99884903, 
                -0.04781302, 
                -0.50671461
            ], 
            [
                0.99998731, 
                0.00396517, 
                0.00310626, 
                0.02032075
            ], 
            [
                0.00329227, 
                -0.04780057, 
                -0.99885147, 
                0.05499263
            ], 
            [
                0.0, 
                0.0, 
                0.0, 
                1.0
            ]
        ], 
        [
            [
                -0.00529598, 
                0.99885047, 
                -0.04764131, 
                -0.50685056
            ], 
            [
                0.99998041, 
                0.00544895, 
                0.00308152, 
                0.07039546
            ], 
            [
                0.00333757, 
                -0.04762406, 
                -0.99885975, 
                0.24991077
            ], 
            [
                0.0, 
                0.0, 
                0.0, 
                1.0
            ]
        ]
    ], 
    "goal_contact_area_index": [
        3480, 
        3502, 
        3512, 
        3515, 
        3532, 
        3549, 
        3550, 
        3563, 
        3569, 
        3589, 
        3599, 
        3658, 
        3675, 
        3676, 
        3692, 
        3742, 
        3772, 
        3777, 
        3778, 
        3788, 
        3835, 
        3851, 
        3854, 
        3861, 
        3862, 
        3875
    ], 
    "changing_point": [
        1, 
        -2
    ], 
    "tool_trajectory_goal_frame": [
        [
            [
                -0.5913932828878588, 
                0.8052693308856624, 
                -0.04237080878390723, 
                -0.2012517351522512
            ], 
            [
                0.8063722326596008, 
                0.5908432457433461, 
                -0.02584728958263846, 
                0.26570854453473863
            ], 
            [
                0.00422047, 
                -0.04945256, 
                -0.99876756, 
                0.20547623999999998
            ], 
            [
                0.0, 
                0.0, 
                0.0, 
                1.0
            ]
        ], 
        [
            [
                -0.5911842335935665, 
                0.8054528656463369, 
                -0.041795769298941646, 
                -0.1601897938455103
            ], 
            [
                0.8065288129206681, 
                0.590611234579554, 
                -0.026260989509313, 
                0.20911576986160324
            ], 
            [
                0.00353306, 
                -0.04923457, 
                -0.99878099, 
                0.010460700000000003
            ], 
            [
                0.0, 
                0.0, 
                0.0, 
                1.0
            ]
        ], 
        [
            [
                -0.5908618793425583, 
                0.8057551716360991, 
                -0.04050735955017526, 
                -0.0173764707661222
            ], 
            [
                0.8067660082776145, 
                0.590316619016228, 
                -0.02559077089461795, 
                0.012493083355549162
            ], 
            [
                0.00329227, 
                -0.04780057, 
                -0.99885147, 
                0.010492630000000003
            ], 
            [
                0.0, 
                0.0, 
                0.0, 
                1.0
            ]
        ], 
        [
            [
                -0.5920582754012508, 
                0.8048841926189245, 
                -0.04035390143492942, 
                -0.0469196326773299
            ], 
            [
                0.8058882467915917, 
                0.591517868662905, 
                -0.025509857369387646, 
                0.05292446532889716
            ], 
            [
                0.00333757, 
                -0.04762406, 
                -0.99885975, 
                0.20541077000000002
            ], 
            [
                0.0, 
                0.0, 
                0.0, 
                1.0
            ]
        ]
    ], 
    "Teffectivestart_unhoveringstart": [
        [
            0.9999999359186883, 
            -0.00012787268701693044, 
            -0.0003097865917816882, 
            -0.19997906244800923
        ], 
        [
            0.00012812524068743278, 
            0.9999996340103465, 
            0.0008479088334904648, 
            -0.0008516472889885688
        ], 
        [
            0.0003096816183788052, 
            -0.0008479528506971204, 
            0.9999995853363989, 
            -0.0006319103097017133
        ], 
        [
            0.0, 
            0.0, 
            0.0, 
            1.0
        ]
    ], 
    "raw sample file path": "learned_samples/ur/simulator/pointcloud/push/plunger/blue_puck/raw/raw_sample_19.txt", 
    "trajectory_thetas": [
        0.1999818711274387
    ], 
    "tool": "plunger", 
    "Tworld_goalend": [
        [
            0.8089485316443997, 
            0.587878858779332, 
            -0.000848732552, 
            -0.50005156
        ], 
        [
            -0.5878788277505116, 
            0.8089489398413662, 
            0.000312314357, 
            -0.199985919
        ], 
        [
            0.0008701843058510962, 
            0.0002463056562978524, 
            0.999999591, 
            0.0445255563
        ], 
        [
            0.0, 
            0.0, 
            0.0, 
            1.0
        ]
    ], 
    "Tworld_toolend": [
        [
            -0.00381214, 
            0.99884903, 
            -0.04781302, 
            -0.50671461
        ], 
        [
            0.99998731, 
            0.00396517, 
            0.00310626, 
            0.02032075
        ], 
        [
            0.00329227, 
            -0.04780057, 
            -0.99885147, 
            0.05499263
        ], 
        [
            0.0, 
            0.0, 
            0.0, 
            1.0
        ]
    ], 
    "hovering_start": [
        [
            -0.5913932828878588, 
            0.8052693308856624, 
            -0.04237080878390723, 
            -0.2012517351522512
        ], 
        [
            0.8063722326596008, 
            0.5908432457433461, 
            -0.02584728958263846, 
            0.26570854453473863
        ], 
        [
            0.00422047, 
            -0.04945256, 
            -0.99876756, 
            0.20547623999999998
        ], 
        [
            0.0, 
            0.0, 
            0.0, 
            1.0
        ]
    ], 
    "v_start_tool_frame": [
        -0.9999859397123344, 
        -0.004258611929552763, 
        -0.0031598420962326433
    ], 
    "task": "push", 
    "unhovering_start": [
        [
            -0.5908618793425583, 
            0.8057551716360991, 
            -0.04050735955017526, 
            -0.0173764707661222
        ], 
        [
            0.8067660082776145, 
            0.590316619016228, 
            -0.02559077089461795, 
            0.012493083355549162
        ], 
        [
            0.00329227, 
            -0.04780057, 
            -0.99885147, 
            0.010492630000000003
        ], 
        [
            0.0, 
            0.0, 
            0.0, 
            1.0
        ]
    ], 
    "Teffectivestart_hoveringend": [
        [
            0.999999955522348, 
            0.0002832680413857924, 
            -8.880786283081467e-05, 
            0.04303189637391347
        ], 
        [
            -0.0002833312017141454, 
            0.9999997831116583, 
            -0.0005892162332431937, 
            0.00017874734227747886
        ], 
        [
            8.864469897386208e-05, 
            0.0005892341610268888, 
            0.9999998147836594, 
            0.00022765615784379502
        ], 
        [
            0.0, 
            0.0, 
            0.0, 
            1.0
        ]
    ], 
    "Tworld_toolstart": [
        [
            -0.00392504834383375, 
            0.9988076330012784, 
            -0.04866115575191577, 
            -0.5066796552584923
        ], 
        [
            0.9999857850049491, 
            0.004095931029883911, 
            0.00341257237399818, 
            0.22030261434083784
        ], 
        [
            0.003607814534503161, 
            -0.04864706775634255, 
            -0.9988095108736708, 
            0.05504152907640481
        ], 
        [
            0.0, 
            0.0, 
            0.0, 
            1.0
        ]
    ], 
    "unhovering_end": [
        [
            -0.5920582754012508, 
            0.8048841926189245, 
            -0.04035390143492942, 
            -0.0469196326773299
        ], 
        [
            0.8058882467915917, 
            0.591517868662905, 
            -0.025509857369387646, 
            0.05292446532889716
        ], 
        [
            0.00333757, 
            -0.04762406, 
            -0.99885975, 
            0.20541077000000002
        ], 
        [
            0.0, 
            0.0, 
            0.0, 
            1.0
        ]
    ], 
    "trajectory_screw_axes": [
        [
            -0.0, 
            -0.0, 
            -0.0, 
            0.9999859397123344, 
            0.004258611929552763, 
            0.0031598420962326433
        ]
    ]
}