{
    "Tworld_goalstart": [
        [
            -0.30901699437494756, 
            0.9510565162951535, 
            0.0, 
            -0.5
        ], 
        [
            -0.9510565162951535, 
            -0.30901699437494756, 
            0.0, 
            0.0
        ], 
        [
            0.0, 
            0.0, 
            1.0, 
            0.0445
        ], 
        [
            0.0, 
            0.0, 
            0.0, 
            1.0
        ]
    ], 
    "Teffectivestart_hoveringstart": [
        [
            0.9999996606897795, 
            0.0005781049045625093, 
            0.0005847925848181178, 
            0.11365442734151399
        ], 
        [
            -0.0005776358485329887, 
            0.9999995028008167, 
            -0.0008088995064266029, 
            -0.008977262024165544
        ], 
        [
            -0.0005852515672346554, 
            0.000808562621040711, 
            0.9999995015848734, 
            -0.1943192822933573
        ], 
        [
            0.0, 
            0.0, 
            0.0, 
            1.0
        ]
    ], 
    "hovering_end": [
        [
            -0.949740458094937, 
            -0.31280603959129094, 
            0.01206008219084314, 
            -0.24838228421063746
        ], 
        [
            -0.3130185080445784, 
            0.9485401049954043, 
            -0.0478652307928073, 
            -0.08772922060171401
        ], 
        [
            0.00353306, 
            -0.04923457, 
            -0.99878099, 
            0.010460700000000003
        ], 
        [
            0.0, 
            0.0, 
            0.0, 
            1.0
        ]
    ], 
    "sample file path": "learned_samples/ur/simulator/pointcloud/push/plunger/blue_puck/sample/sample_15.txt", 
    "v_start_goal_frame": [
        0.9511104795743752, 
        0.30885075419547803, 
        -0.000244514485931868
    ], 
    "Teffectiveend_unhoveringend": [
        [
            0.9999988974473781, 
            0.00148433175810246, 
            -2.5419750117899807e-05, 
            0.05071631595714088
        ], 
        [
            -0.001484329911994655, 
            0.9999988863013299, 
            0.00017180786928660158, 
            -0.009254436983117564
        ], 
        [
            2.5679245298303614e-05, 
            -0.00017176930532420304, 
            0.999999976521504, 
            -0.19453222541991222
        ], 
        [
            0.0, 
            0.0, 
            0.0, 
            1.0
        ]
    ], 
    "task_type": "pose_change", 
    "goal": "blue_puck", 
    "trajectory": [
        [
            [
                0.9999999925421806, 
                -5.037587927269541e-09, 
                1.7825618530088354e-09, 
                0.0
            ], 
            [
                -5.037587927269541e-09, 
                1.0000000015939081, 
                -2.183448320141237e-09, 
                -8.673617379884035e-19
            ], 
            [
                1.7825618530088354e-09, 
                -2.183448320141237e-09, 
                0.9999999927410214, 
                0.0
            ], 
            [
                0.0, 
                0.0, 
                0.0, 
                1.0
            ]
        ], 
        [
            [
                0.9999999359186881, 
                -0.0001278726870170137, 
                -0.00030978659178167997, 
                -0.19997906081937417
            ], 
            [
                0.00012812524068749832, 
                0.9999996340103465, 
                0.0008479088334904648, 
                -0.000851646189511987
            ], 
            [
                0.0003096816183788087, 
                -0.0008479528506971135, 
                0.9999995853363989, 
                -0.0006319107848433616
            ], 
            [
                0.0, 
                0.0, 
                0.0, 
                1.0
            ]
        ]
    ], 
    "tool_contact_area_index": [
        1124, 
        1125, 
        1369, 
        1370, 
        1371, 
        1373, 
        1374, 
        1375, 
        1376, 
        1377, 
        1378, 
        1379, 
        1626, 
        1632, 
        1633, 
        1634, 
        1641, 
        1642, 
        1643, 
        1644, 
        1943, 
        1945, 
        1946, 
        1947, 
        2305, 
        2307, 
        2310, 
        2671, 
        2672
    ], 
    "v_start_world_frame": [
        -0.00017477937630627858, 
        -0.9999999510877404, 
        -0.000244514485931868
    ], 
    "Ttool_goal": [
        [
            -0.9498300903894932, 
            -0.3127455445040785, 
            0.003607814534503161, 
            -0.22036373422052769
        ], 
        [
            -0.31254399460507737, 
            0.9486567955951822, 
            -0.04864706775634255, 
            0.00628215972371482
        ], 
        [
            0.011791574899648405, 
            -0.04733405212641278, 
            -0.9988095108736708, 
            0.0094521416152844
        ], 
        [
            0.0, 
            0.0, 
            0.0, 
            1.0
        ]
    ], 
    "tool_trajectory_world_frame": [
        [
            [
                -0.00447351, 
                0.99876552, 
                -0.04947136, 
                -0.50663651
            ], 
            [
                0.99998109, 
                0.00467679, 
                0.00399404, 
                0.33325553
            ], 
            [
                0.00422047, 
                -0.04945256, 
                -0.99876756, 
                0.24997624
            ], 
            [
                0.0, 
                0.0, 
                0.0, 
                1.0
            ]
        ], 
        [
            [
                -0.00421235, 
                0.99877763, 
                -0.04924931, 
                -0.5066811
            ], 
            [
                0.99998489, 
                0.00438121, 
                0.00332135, 
                0.26333541
            ], 
            [
                0.00353306, 
                -0.04923457, 
                -0.99878099, 
                0.0549607
            ], 
            [
                0.0, 
                0.0, 
                0.0, 
                1.0
            ]
        ], 
        [
            [
                -0.00381214, 
                0.99884903, 
                -0.04781302, 
                -0.50671461
            ], 
            [
                0.99998731, 
                0.00396517, 
                0.00310626, 
                0.02032075
            ], 
            [
                0.00329227, 
                -0.04780057, 
                -0.99885147, 
                0.05499263
            ], 
            [
                0.0, 
                0.0, 
                0.0, 
                1.0
            ]
        ], 
        [
            [
                -0.00529598, 
                0.99885047, 
                -0.04764131, 
                -0.50685056
            ], 
            [
                0.99998041, 
                0.00544895, 
                0.00308152, 
                0.07039546
            ], 
            [
                0.00333757, 
                -0.04762406, 
                -0.99885975, 
                0.24991077
            ], 
            [
                0.0, 
                0.0, 
                0.0, 
                1.0
            ]
        ]
    ], 
    "goal_contact_area_index": [
        3900, 
        3903, 
        3912, 
        3917, 
        3918, 
        3919, 
        3922, 
        3926, 
        3927, 
        3929, 
        3944, 
        3957, 
        3964, 
        3965, 
        3967, 
        3974, 
        3989, 
        3990, 
        4025, 
        4033, 
        4050, 
        4057, 
        4062, 
        4091, 
        4109, 
        4110, 
        4115, 
        4119, 
        4134, 
        4138, 
        4143, 
        4145, 
        4153, 
        4158, 
        4162, 
        4174, 
        4195, 
        4201, 
        4203, 
        4209, 
        4221, 
        4235, 
        4244, 
        4247, 
        4250, 
        4256, 
        4258, 
        4260, 
        4263, 
        4288, 
        4290, 
        4296, 
        4300, 
        4328, 
        4330, 
        9474
    ], 
    "changing_point": [
        1, 
        -2
    ], 
    "tool_trajectory_goal_frame": [
        [
            [
                -0.9496561412019241, 
                -0.31308341068057555, 
                0.01148893320649751, 
                -0.31489404902455576
            ], 
            [
                -0.31326571169979545, 
                0.9484372484577946, 
                -0.048284285534196725, 
                -0.10929331832038808
            ], 
            [
                0.00422047, 
                -0.04945256, 
                -0.99876756, 
                0.20547623999999998
            ], 
            [
                0.0, 
                0.0, 
                0.0, 
                1.0
            ]
        ], 
        [
            [
                -0.949740458094937, 
                -0.31280603959129094, 
                0.01206008219084314, 
                -0.24838228421063746
            ], 
            [
                -0.3130185080445784, 
                0.9485401049954043, 
                -0.0478652307928073, 
                -0.08772922060171401
            ], 
            [
                0.00353306, 
                -0.04923457, 
                -0.99878099, 
                0.010460700000000003
            ], 
            [
                0.0, 
                0.0, 
                0.0, 
                1.0
            ]
        ], 
        [
            [
                -0.9498664313430252, 
                -0.3124324258516499, 
                0.01182080691808227, 
                -0.01725125310290479
            ], 
            [
                -0.31263863353731836, 
                0.9487365738610076, 
                -0.046432771363697625, 
                -0.012665430683325318
            ], 
            [
                0.00329227, 
                -0.04780057, 
                -0.99885147, 
                0.010492630000000003
            ], 
            [
                0.0, 
                0.0, 
                0.0, 
                1.0
            ]
        ], 
        [
            [
                -0.9494013372761295, 
                -0.31384402947387025, 
                0.011791274748191293, 
                -0.0648331214896096
            ], 
            [
                -0.3140477170211966, 
                0.9482794301464775, 
                -0.04626182036884375, 
                -0.02826866319511273
            ], 
            [
                0.00333757, 
                -0.04762406, 
                -0.99885975, 
                0.20541077000000002
            ], 
            [
                0.0, 
                0.0, 
                0.0, 
                1.0
            ]
        ]
    ], 
    "Teffectivestart_unhoveringstart": [
        [
            0.9999999359186881, 
            -0.0001278726870170137, 
            -0.00030978659178167997, 
            -0.1999790624480092
        ], 
        [
            0.00012812524068749832, 
            0.9999996340103465, 
            0.0008479088334904648, 
            -0.0008516472889886096
        ], 
        [
            0.0003096816183788087, 
            -0.0008479528506971135, 
            0.9999995853363989, 
            -0.0006319103097017116
        ], 
        [
            0.0, 
            0.0, 
            0.0, 
            1.0
        ]
    ], 
    "raw sample file path": "learned_samples/ur/simulator/pointcloud/push/plunger/blue_puck/raw/raw_sample_15.txt", 
    "trajectory_thetas": [
        0.19998187112743862
    ], 
    "tool": "plunger", 
    "Tworld_goalend": [
        [
            -0.3091271755814625, 
            0.951020330364366, 
            -0.000848732552, 
            -0.50005156
        ], 
        [
            -0.951020708994318, 
            -0.309127019931501, 
            0.000312314357, 
            -0.199985919
        ], 
        [
            3.465113932392887e-05, 
            0.000903707088064171, 
            0.999999591, 
            0.0445255563
        ], 
        [
            0.0, 
            0.0, 
            0.0, 
            1.0
        ]
    ], 
    "Tworld_toolend": [
        [
            -0.00381214, 
            0.99884903, 
            -0.04781302, 
            -0.50671461
        ], 
        [
            0.99998731, 
            0.00396517, 
            0.00310626, 
            0.02032075
        ], 
        [
            0.00329227, 
            -0.04780057, 
            -0.99885147, 
            0.05499263
        ], 
        [
            0.0, 
            0.0, 
            0.0, 
            1.0
        ]
    ], 
    "hovering_start": [
        [
            -0.9496561412019241, 
            -0.31308341068057555, 
            0.01148893320649751, 
            -0.31489404902455576
        ], 
        [
            -0.31326571169979545, 
            0.9484372484577946, 
            -0.048284285534196725, 
            -0.10929331832038808
        ], 
        [
            0.00422047, 
            -0.04945256, 
            -0.99876756, 
            0.20547623999999998
        ], 
        [
            0.0, 
            0.0, 
            0.0, 
            1.0
        ]
    ], 
    "v_start_tool_frame": [
        -0.9999859397123344, 
        -0.004258611929552722, 
        -0.003159842096232656
    ], 
    "task": "push", 
    "unhovering_start": [
        [
            -0.9498664313430252, 
            -0.3124324258516499, 
            0.01182080691808227, 
            -0.01725125310290479
        ], 
        [
            -0.31263863353731836, 
            0.9487365738610076, 
            -0.046432771363697625, 
            -0.012665430683325318
        ], 
        [
            0.00329227, 
            -0.04780057, 
            -0.99885147, 
            0.010492630000000003
        ], 
        [
            0.0, 
            0.0, 
            0.0, 
            1.0
        ]
    ], 
    "Teffectivestart_hoveringend": [
        [
            0.9999999555223478, 
            0.00028326804138573526, 
            -8.880786283080903e-05, 
            0.043031896373913414
        ], 
        [
            -0.00028333120171405925, 
            0.9999997831116584, 
            -0.0005892162332431937, 
            0.00017874734227745284
        ], 
        [
            8.864469897386425e-05, 
            0.0005892341610268957, 
            0.9999998147836594, 
            0.00022765615784379675
        ], 
        [
            0.0, 
            0.0, 
            0.0, 
            1.0
        ]
    ], 
    "Tworld_toolstart": [
        [
            -0.003925048343833861, 
            0.9988076330012784, 
            -0.04866115575191576, 
            -0.5066796552584923
        ], 
        [
            0.9999857850049488, 
            0.004095931029883927, 
            0.0034125723739981844, 
            0.2203026143408378
        ], 
        [
            0.003607814534503161, 
            -0.04864706775634255, 
            -0.9988095108736708, 
            0.05504152907640481
        ], 
        [
            0.0, 
            0.0, 
            0.0, 
            1.0
        ]
    ], 
    "unhovering_end": [
        [
            -0.9494013372761295, 
            -0.31384402947387025, 
            0.011791274748191293, 
            -0.0648331214896096
        ], 
        [
            -0.3140477170211966, 
            0.9482794301464775, 
            -0.04626182036884375, 
            -0.02826866319511273
        ], 
        [
            0.00333757, 
            -0.04762406, 
            -0.99885975, 
            0.20541077000000002
        ], 
        [
            0.0, 
            0.0, 
            0.0, 
            1.0
        ]
    ], 
    "trajectory_screw_axes": [
        [
            -0.0, 
            -0.0, 
            -0.0, 
            0.9999859397123344, 
            0.004258611929552722, 
            0.003159842096232656
        ]
    ]
}