{
    "Tworld_goalstart": [
        [
            1.0, 
            0.0, 
            0.0, 
            -0.5
        ], 
        [
            0.0, 
            1.0, 
            0.0, 
            0.0
        ], 
        [
            0.0, 
            0.0, 
            1.0, 
            0.0445
        ], 
        [
            0.0, 
            0.0, 
            0.0, 
            1.0
        ]
    ], 
    "Teffectivestart_hoveringstart": [
        [
            0.9999996606897797, 
            0.0005781049045626443, 
            0.0005847925848181126, 
            0.11365442734151404
        ], 
        [
            -0.0005776358485329463, 
            0.9999995028008167, 
            -0.0008088995064266029, 
            -0.008977262024165546
        ], 
        [
            -0.0005852515672346601, 
            0.000808562621040711, 
            0.9999995015848734, 
            -0.1943192822933573
        ], 
        [
            0.0, 
            0.0, 
            0.0, 
            1.0
        ]
    ], 
    "hovering_end": [
        [
            -0.00421235, 
            0.99877763, 
            -0.04924931, 
            -0.006681099999999995
        ], 
        [
            0.99998489, 
            0.00438121, 
            0.00332135, 
            0.26333541
        ], 
        [
            0.00353306, 
            -0.04923457, 
            -0.99878099, 
            0.010460700000000003
        ], 
        [
            0.0, 
            0.0, 
            0.0, 
            1.0
        ]
    ], 
    "sample file path": "learned_samples/ur/simulator/pointcloud/push/plunger/blue_puck/sample/sample_1.txt", 
    "v_start_goal_frame": [
        -0.00017477937630648067, 
        -0.9999999510877406, 
        -0.0002445144859318754
    ], 
    "Teffectiveend_unhoveringend": [
        [
            0.9999988974473781, 
            0.0014843317581025, 
            -2.541975011790024e-05, 
            0.050716315957140906
        ], 
        [
            -0.0014843299119946, 
            0.9999988863013299, 
            0.00017180786928660158, 
            -0.009254436983117596
        ], 
        [
            2.5679245298300145e-05, 
            -0.0001717693053241961, 
            0.999999976521504, 
            -0.19453222541991222
        ], 
        [
            0.0, 
            0.0, 
            0.0, 
            1.0
        ]
    ], 
    "task_type": "pose_change", 
    "goal": "blue_puck", 
    "trajectory": [
        [
            [
                0.999999992542181, 
                -5.037587805838898e-09, 
                1.7825618439015372e-09, 
                0.0
            ], 
            [
                -5.037587805838898e-09, 
                1.0000000015939081, 
                -2.183448313202343e-09, 
                0.0
            ], 
            [
                1.7825618439015372e-09, 
                -2.183448313202343e-09, 
                0.9999999927410214, 
                0.0
            ], 
            [
                0.0, 
                0.0, 
                0.0, 
                1.0
            ]
        ], 
        [
            [
                0.9999999359186883, 
                -0.00012787268701691827, 
                -0.0003097865917816843, 
                -0.1999790608193743
            ], 
            [
                0.00012812524068755264, 
                0.9999996340103465, 
                0.0008479088334904648, 
                -0.0008516461895119827
            ], 
            [
                0.0003096816183788022, 
                -0.0008479528506971135, 
                0.9999995853363989, 
                -0.0006319107848433616
            ], 
            [
                0.0, 
                0.0, 
                0.0, 
                1.0
            ]
        ]
    ], 
    "tool_contact_area_index": [
        1369, 
        1370, 
        1371, 
        1372, 
        1373, 
        1374, 
        1375, 
        1376, 
        1377, 
        1378, 
        1379, 
        1628, 
        1630, 
        1631, 
        1632, 
        1633, 
        1634, 
        1639, 
        1641, 
        1642, 
        1643, 
        1644, 
        1652, 
        1653, 
        1654, 
        1942, 
        1943, 
        1944, 
        1945, 
        1946, 
        1947, 
        1948, 
        1949, 
        1950, 
        1951, 
        1952, 
        1953, 
        2305, 
        2307, 
        2308, 
        2310, 
        2671, 
        2672, 
        2673, 
        2674
    ], 
    "v_start_world_frame": [
        -0.00017477937630648067, 
        -0.9999999510877406, 
        -0.0002445144859318754
    ], 
    "Ttool_goal": [
        [
            -0.003925048343833758, 
            0.9999857850049491, 
            0.003607814534503161, 
            -0.22036373422052769
        ], 
        [
            0.9988076330012784, 
            0.004095931029883989, 
            -0.04864706775634255, 
            0.00628215972371482
        ], 
        [
            -0.04866115575191576, 
            0.00341257237399818, 
            -0.9988095108736708, 
            0.0094521416152844
        ], 
        [
            0.0, 
            0.0, 
            0.0, 
            1.0
        ]
    ], 
    "tool_trajectory_world_frame": [
        [
            [
                -0.00447351, 
                0.99876552, 
                -0.04947136, 
                -0.50663651
            ], 
            [
                0.99998109, 
                0.00467679, 
                0.00399404, 
                0.33325553
            ], 
            [
                0.00422047, 
                -0.04945256, 
                -0.99876756, 
                0.24997624
            ], 
            [
                0.0, 
                0.0, 
                0.0, 
                1.0
            ]
        ], 
        [
            [
                -0.00421235, 
                0.99877763, 
                -0.04924931, 
                -0.5066811
            ], 
            [
                0.99998489, 
                0.00438121, 
                0.00332135, 
                0.26333541
            ], 
            [
                0.00353306, 
                -0.04923457, 
                -0.99878099, 
                0.0549607
            ], 
            [
                0.0, 
                0.0, 
                0.0, 
                1.0
            ]
        ], 
        [
            [
                -0.00381214, 
                0.99884903, 
                -0.04781302, 
                -0.50671461
            ], 
            [
                0.99998731, 
                0.00396517, 
                0.00310626, 
                0.02032075
            ], 
            [
                0.00329227, 
                -0.04780057, 
                -0.99885147, 
                0.05499263
            ], 
            [
                0.0, 
                0.0, 
                0.0, 
                1.0
            ]
        ], 
        [
            [
                -0.00529598, 
                0.99885047, 
                -0.04764131, 
                -0.50685056
            ], 
            [
                0.99998041, 
                0.00544895, 
                0.00308152, 
                0.07039546
            ], 
            [
                0.00333757, 
                -0.04762406, 
                -0.99885975, 
                0.24991077
            ], 
            [
                0.0, 
                0.0, 
                0.0, 
                1.0
            ]
        ]
    ], 
    "goal_contact_area_index": [
        3591, 
        4993, 
        5005, 
        5021, 
        5054, 
        5097, 
        5107, 
        5114, 
        5122, 
        5148, 
        5152, 
        5179, 
        5197, 
        5222, 
        5232, 
        5236, 
        5239, 
        5246, 
        5253, 
        5305, 
        5321, 
        5325
    ], 
    "changing_point": [
        1, 
        -2
    ], 
    "tool_trajectory_goal_frame": [
        [
            [
                -0.00447351, 
                0.99876552, 
                -0.04947136, 
                -0.006636509999999984
            ], 
            [
                0.99998109, 
                0.00467679, 
                0.00399404, 
                0.33325553
            ], 
            [
                0.00422047, 
                -0.04945256, 
                -0.99876756, 
                0.20547623999999998
            ], 
            [
                0.0, 
                0.0, 
                0.0, 
                1.0
            ]
        ], 
        [
            [
                -0.00421235, 
                0.99877763, 
                -0.04924931, 
                -0.006681099999999995
            ], 
            [
                0.99998489, 
                0.00438121, 
                0.00332135, 
                0.26333541
            ], 
            [
                0.00353306, 
                -0.04923457, 
                -0.99878099, 
                0.010460700000000003
            ], 
            [
                0.0, 
                0.0, 
                0.0, 
                1.0
            ]
        ], 
        [
            [
                -0.00381214, 
                0.99884903, 
                -0.04781302, 
                -0.006714609999999954
            ], 
            [
                0.99998731, 
                0.00396517, 
                0.00310626, 
                0.02032075
            ], 
            [
                0.00329227, 
                -0.04780057, 
                -0.99885147, 
                0.010492630000000003
            ], 
            [
                0.0, 
                0.0, 
                0.0, 
                1.0
            ]
        ], 
        [
            [
                -0.00529598, 
                0.99885047, 
                -0.04764131, 
                -0.00685055999999995
            ], 
            [
                0.99998041, 
                0.00544895, 
                0.00308152, 
                0.07039546
            ], 
            [
                0.00333757, 
                -0.04762406, 
                -0.99885975, 
                0.20541077000000002
            ], 
            [
                0.0, 
                0.0, 
                0.0, 
                1.0
            ]
        ]
    ], 
    "Teffectivestart_unhoveringstart": [
        [
            0.9999999359186883, 
            -0.00012787268701691827, 
            -0.0003097865917816843, 
            -0.19997906244800923
        ], 
        [
            0.00012812524068755264, 
            0.9999996340103465, 
            0.0008479088334904648, 
            -0.0008516472889885662
        ], 
        [
            0.0003096816183788022, 
            -0.0008479528506971135, 
            0.9999995853363989, 
            -0.0006319103097017133
        ], 
        [
            0.0, 
            0.0, 
            0.0, 
            1.0
        ]
    ], 
    "raw sample file path": "learned_samples/ur/simulator/pointcloud/push/plunger/blue_puck/raw/raw_sample_1.txt", 
    "trajectory_thetas": [
        0.19998187112743881
    ], 
    "tool": "plunger", 
    "Tworld_goalend": [
        [
            0.999999633, 
            0.000115970622, 
            -0.000848732552, 
            -0.50005156
        ], 
        [
            -0.000115705587, 
            0.999999945, 
            0.000312314357, 
            -0.199985919
        ], 
        [
            0.000848768724, 
            -0.00031221604, 
            0.999999591, 
            0.0445255563
        ], 
        [
            0.0, 
            0.0, 
            0.0, 
            1.0
        ]
    ], 
    "Tworld_toolend": [
        [
            -0.00381214, 
            0.99884903, 
            -0.04781302, 
            -0.50671461
        ], 
        [
            0.99998731, 
            0.00396517, 
            0.00310626, 
            0.02032075
        ], 
        [
            0.00329227, 
            -0.04780057, 
            -0.99885147, 
            0.05499263
        ], 
        [
            0.0, 
            0.0, 
            0.0, 
            1.0
        ]
    ], 
    "hovering_start": [
        [
            -0.00447351, 
            0.99876552, 
            -0.04947136, 
            -0.006636509999999984
        ], 
        [
            0.99998109, 
            0.00467679, 
            0.00399404, 
            0.33325553
        ], 
        [
            0.00422047, 
            -0.04945256, 
            -0.99876756, 
            0.20547623999999998
        ], 
        [
            0.0, 
            0.0, 
            0.0, 
            1.0
        ]
    ], 
    "v_start_tool_frame": [
        -0.9999859397123344, 
        -0.004258611929552821, 
        -0.0031598420962326438
    ], 
    "task": "push", 
    "unhovering_start": [
        [
            -0.00381214, 
            0.99884903, 
            -0.04781302, 
            -0.006714609999999954
        ], 
        [
            0.99998731, 
            0.00396517, 
            0.00310626, 
            0.02032075
        ], 
        [
            0.00329227, 
            -0.04780057, 
            -0.99885147, 
            0.010492630000000003
        ], 
        [
            0.0, 
            0.0, 
            0.0, 
            1.0
        ]
    ], 
    "Teffectivestart_hoveringend": [
        [
            0.999999955522348, 
            0.0002832680413858141, 
            -8.880786283081337e-05, 
            0.04303189637391347
        ], 
        [
            -0.0002833312017140313, 
            0.9999997831116584, 
            -0.0005892162332431937, 
            0.0001787473422774329
        ], 
        [
            8.864469897385991e-05, 
            0.0005892341610268957, 
            0.9999998147836594, 
            0.0002276561578437985
        ], 
        [
            0.0, 
            0.0, 
            0.0, 
            1.0
        ]
    ], 
    "Tworld_toolstart": [
        [
            -0.003925048343833758, 
            0.9988076330012784, 
            -0.04866115575191576, 
            -0.5066796552584923
        ], 
        [
            0.9999857850049491, 
            0.004095931029883989, 
            0.00341257237399818, 
            0.22030261434083784
        ], 
        [
            0.003607814534503161, 
            -0.04864706775634255, 
            -0.9988095108736708, 
            0.05504152907640481
        ], 
        [
            0.0, 
            0.0, 
            0.0, 
            1.0
        ]
    ], 
    "unhovering_end": [
        [
            -0.00529598, 
            0.99885047, 
            -0.04764131, 
            -0.00685055999999995
        ], 
        [
            0.99998041, 
            0.00544895, 
            0.00308152, 
            0.07039546
        ], 
        [
            0.00333757, 
            -0.04762406, 
            -0.99885975, 
            0.20541077000000002
        ], 
        [
            0.0, 
            0.0, 
            0.0, 
            1.0
        ]
    ], 
    "trajectory_screw_axes": [
        [
            -0.0, 
            -0.0, 
            -0.0, 
            0.9999859397123344, 
            0.004258611929552821, 
            0.0031598420962326438
        ]
    ]
}