{
    "Tworld_goalstart": [
        [
            6.123233995736766e-17, 
            -1.0, 
            0.0, 
            -0.5
        ], 
        [
            1.0, 
            6.123233995736766e-17, 
            0.0, 
            0.0
        ], 
        [
            0.0, 
            0.0, 
            1.0, 
            0.0445
        ], 
        [
            0.0, 
            0.0, 
            0.0, 
            1.0
        ]
    ], 
    "Teffectivestart_hoveringstart": [
        [
            0.9999996606897797, 
            0.0005781049045626447, 
            0.0005847925848181134, 
            0.11365442734151404
        ], 
        [
            -0.0005776358485329458, 
            0.9999995028008167, 
            -0.0008088995064265959, 
            -0.008977262024165527
        ], 
        [
            -0.0005852515672346606, 
            0.000808562621040711, 
            0.9999995015848734, 
            -0.1943192822933573
        ], 
        [
            0.0, 
            0.0, 
            0.0, 
            1.0
        ]
    ], 
    "hovering_end": [
        [
            0.99998489, 
            0.0043812100000000615, 
            0.003321349999999997, 
            0.26333541
        ], 
        [
            0.004212350000000062, 
            -0.99877763, 
            0.04924931, 
            0.006681099999999995
        ], 
        [
            0.00353306, 
            -0.04923457, 
            -0.99878099, 
            0.010460700000000003
        ], 
        [
            0.0, 
            0.0, 
            0.0, 
            1.0
        ]
    ], 
    "sample file path": "learned_samples/ur/simulator/pointcloud/push/plunger/blue_puck/sample/sample_6.txt", 
    "v_start_goal_frame": [
        -0.9999999510877406, 
        0.00017477937630641129, 
        -0.0002445144859318754
    ], 
    "Teffectiveend_unhoveringend": [
        [
            0.9999988974473782, 
            0.0014843317581025002, 
            -2.5419750117900674e-05, 
            0.050716315957140906
        ], 
        [
            -0.0014843299119946002, 
            0.9999988863013298, 
            0.00017180786928660158, 
            -0.009254436983117594
        ], 
        [
            2.5679245298300145e-05, 
            -0.0001717693053241961, 
            0.999999976521504, 
            -0.19453222541991222
        ], 
        [
            0.0, 
            0.0, 
            0.0, 
            1.0
        ]
    ], 
    "task_type": "pose_change", 
    "goal": "blue_puck", 
    "trajectory": [
        [
            [
                0.999999992542181, 
                -5.037587805920213e-09, 
                1.7825618439015372e-09, 
                0.0
            ], 
            [
                -5.037587805920213e-09, 
                1.0000000015939081, 
                -2.183448320141237e-09, 
                0.0
            ], 
            [
                1.7825618439015372e-09, 
                -2.183448320141237e-09, 
                0.9999999927410214, 
                0.0
            ], 
            [
                0.0, 
                0.0, 
                0.0, 
                1.0
            ]
        ], 
        [
            [
                0.9999999359186882, 
                -0.00012787268701691781, 
                -0.0003097865917816843, 
                -0.19997906081937428
            ], 
            [
                0.0001281252406875534, 
                0.9999996340103465, 
                0.0008479088334904648, 
                -0.0008516461895119809
            ], 
            [
                0.0003096816183788022, 
                -0.0008479528506971135, 
                0.9999995853363989, 
                -0.0006319107848433616
            ], 
            [
                0.0, 
                0.0, 
                0.0, 
                1.0
            ]
        ]
    ], 
    "tool_contact_area_index": [
        1373, 
        1639, 
        1641, 
        1642, 
        1643, 
        1644, 
        1653, 
        1942, 
        1943, 
        1944, 
        1945, 
        1946, 
        1947, 
        1949, 
        1950, 
        1952, 
        1953, 
        2307, 
        2308, 
        2310, 
        2671, 
        2673
    ], 
    "v_start_world_frame": [
        -0.00017477937630647287, 
        -0.9999999510877406, 
        -0.0002445144859318754
    ], 
    "Ttool_goal": [
        [
            0.9999857850049491, 
            0.0039250483438338195, 
            0.003607814534503161, 
            -0.22036373422052769
        ], 
        [
            0.004095931029884051, 
            -0.9988076330012784, 
            -0.04864706775634255, 
            0.00628215972371482
        ], 
        [
            0.003412572373998177, 
            0.04866115575191576, 
            -0.9988095108736708, 
            0.0094521416152844
        ], 
        [
            0.0, 
            0.0, 
            0.0, 
            1.0
        ]
    ], 
    "tool_trajectory_world_frame": [
        [
            [
                -0.00447351, 
                0.99876552, 
                -0.04947136, 
                -0.50663651
            ], 
            [
                0.99998109, 
                0.00467679, 
                0.00399404, 
                0.33325553
            ], 
            [
                0.00422047, 
                -0.04945256, 
                -0.99876756, 
                0.24997624
            ], 
            [
                0.0, 
                0.0, 
                0.0, 
                1.0
            ]
        ], 
        [
            [
                -0.00421235, 
                0.99877763, 
                -0.04924931, 
                -0.5066811
            ], 
            [
                0.99998489, 
                0.00438121, 
                0.00332135, 
                0.26333541
            ], 
            [
                0.00353306, 
                -0.04923457, 
                -0.99878099, 
                0.0549607
            ], 
            [
                0.0, 
                0.0, 
                0.0, 
                1.0
            ]
        ], 
        [
            [
                -0.00381214, 
                0.99884903, 
                -0.04781302, 
                -0.50671461
            ], 
            [
                0.99998731, 
                0.00396517, 
                0.00310626, 
                0.02032075
            ], 
            [
                0.00329227, 
                -0.04780057, 
                -0.99885147, 
                0.05499263
            ], 
            [
                0.0, 
                0.0, 
                0.0, 
                1.0
            ]
        ], 
        [
            [
                -0.00529598, 
                0.99885047, 
                -0.04764131, 
                -0.50685056
            ], 
            [
                0.99998041, 
                0.00544895, 
                0.00308152, 
                0.07039546
            ], 
            [
                0.00333757, 
                -0.04762406, 
                -0.99885975, 
                0.24991077
            ], 
            [
                0.0, 
                0.0, 
                0.0, 
                1.0
            ]
        ]
    ], 
    "goal_contact_area_index": [
        2688, 
        2693, 
        2727, 
        2805, 
        2812, 
        2826, 
        2828
    ], 
    "changing_point": [
        1, 
        -2
    ], 
    "tool_trajectory_goal_frame": [
        [
            [
                0.99998109, 
                0.004676790000000062, 
                0.003994039999999997, 
                0.33325553
            ], 
            [
                0.004473510000000062, 
                -0.99876552, 
                0.04947136, 
                0.006636509999999984
            ], 
            [
                0.00422047, 
                -0.04945256, 
                -0.99876756, 
                0.20547623999999998
            ], 
            [
                0.0, 
                0.0, 
                0.0, 
                1.0
            ]
        ], 
        [
            [
                0.99998489, 
                0.0043812100000000615, 
                0.003321349999999997, 
                0.26333541
            ], 
            [
                0.004212350000000062, 
                -0.99877763, 
                0.04924931, 
                0.006681099999999995
            ], 
            [
                0.00353306, 
                -0.04923457, 
                -0.99878099, 
                0.010460700000000003
            ], 
            [
                0.0, 
                0.0, 
                0.0, 
                1.0
            ]
        ], 
        [
            [
                0.99998731, 
                0.003965170000000061, 
                0.003106259999999997, 
                0.02032075
            ], 
            [
                0.003812140000000061, 
                -0.99884903, 
                0.04781302, 
                0.006714609999999954
            ], 
            [
                0.00329227, 
                -0.04780057, 
                -0.99885147, 
                0.010492630000000003
            ], 
            [
                0.0, 
                0.0, 
                0.0, 
                1.0
            ]
        ], 
        [
            [
                0.99998041, 
                0.005448950000000062, 
                0.003081519999999997, 
                0.07039546
            ], 
            [
                0.005295980000000061, 
                -0.99885047, 
                0.04764131, 
                0.00685055999999995
            ], 
            [
                0.00333757, 
                -0.04762406, 
                -0.99885975, 
                0.20541077000000002
            ], 
            [
                0.0, 
                0.0, 
                0.0, 
                1.0
            ]
        ]
    ], 
    "Teffectivestart_unhoveringstart": [
        [
            0.9999999359186882, 
            -0.00012787268701691781, 
            -0.0003097865917816843, 
            -0.19997906244800923
        ], 
        [
            0.0001281252406875534, 
            0.9999996340103465, 
            0.0008479088334904648, 
            -0.0008516472889885645
        ], 
        [
            0.0003096816183788022, 
            -0.0008479528506971135, 
            0.9999995853363989, 
            -0.0006319103097017133
        ], 
        [
            0.0, 
            0.0, 
            0.0, 
            1.0
        ]
    ], 
    "raw sample file path": "learned_samples/ur/simulator/pointcloud/push/plunger/blue_puck/raw/raw_sample_6.txt", 
    "trajectory_thetas": [
        0.19998187112743881
    ], 
    "tool": "plunger", 
    "Tworld_goalend": [
        [
            0.00011597062200006123, 
            -0.999999633, 
            -0.000848732552, 
            -0.50005156
        ], 
        [
            0.999999945, 
            0.00011570558700006123, 
            0.000312314357, 
            -0.199985919
        ], 
        [
            -0.00031221603999999993, 
            -0.000848768724, 
            0.999999591, 
            0.0445255563
        ], 
        [
            0.0, 
            0.0, 
            0.0, 
            1.0
        ]
    ], 
    "Tworld_toolend": [
        [
            -0.00381214, 
            0.99884903, 
            -0.04781302, 
            -0.50671461
        ], 
        [
            0.99998731, 
            0.00396517, 
            0.00310626, 
            0.02032075
        ], 
        [
            0.00329227, 
            -0.04780057, 
            -0.99885147, 
            0.05499263
        ], 
        [
            0.0, 
            0.0, 
            0.0, 
            1.0
        ]
    ], 
    "hovering_start": [
        [
            0.99998109, 
            0.004676790000000062, 
            0.003994039999999997, 
            0.33325553
        ], 
        [
            0.004473510000000062, 
            -0.99876552, 
            0.04947136, 
            0.006636509999999984
        ], 
        [
            0.00422047, 
            -0.04945256, 
            -0.99876756, 
            0.20547623999999998
        ], 
        [
            0.0, 
            0.0, 
            0.0, 
            1.0
        ]
    ], 
    "v_start_tool_frame": [
        -0.9999859397123344, 
        -0.004258611929552813, 
        -0.003159842096232644
    ], 
    "task": "push", 
    "unhovering_start": [
        [
            0.99998731, 
            0.003965170000000061, 
            0.003106259999999997, 
            0.02032075
        ], 
        [
            0.003812140000000061, 
            -0.99884903, 
            0.04781302, 
            0.006714609999999954
        ], 
        [
            0.00329227, 
            -0.04780057, 
            -0.99885147, 
            0.010492630000000003
        ], 
        [
            0.0, 
            0.0, 
            0.0, 
            1.0
        ]
    ], 
    "Teffectivestart_hoveringend": [
        [
            0.999999955522348, 
            0.0002832680413858135, 
            -8.88078628308138e-05, 
            0.04303189637391347
        ], 
        [
            -0.0002833312017140309, 
            0.9999997831116584, 
            -0.0005892162332431867, 
            0.00017874734227744937
        ], 
        [
            8.864469897385991e-05, 
            0.0005892341610268957, 
            0.9999998147836594, 
            0.00022765615784379675
        ], 
        [
            0.0, 
            0.0, 
            0.0, 
            1.0
        ]
    ], 
    "Tworld_toolstart": [
        [
            -0.003925048343833758, 
            0.9988076330012784, 
            -0.04866115575191576, 
            -0.5066796552584923
        ], 
        [
            0.9999857850049491, 
            0.004095931029883989, 
            0.00341257237399818, 
            0.22030261434083784
        ], 
        [
            0.003607814534503161, 
            -0.04864706775634255, 
            -0.9988095108736708, 
            0.05504152907640481
        ], 
        [
            0.0, 
            0.0, 
            0.0, 
            1.0
        ]
    ], 
    "unhovering_end": [
        [
            0.99998041, 
            0.005448950000000062, 
            0.003081519999999997, 
            0.07039546
        ], 
        [
            0.005295980000000061, 
            -0.99885047, 
            0.04764131, 
            0.00685055999999995
        ], 
        [
            0.00333757, 
            -0.04762406, 
            -0.99885975, 
            0.20541077000000002
        ], 
        [
            0.0, 
            0.0, 
            0.0, 
            1.0
        ]
    ], 
    "trajectory_screw_axes": [
        [
            -0.0, 
            -0.0, 
            -0.0, 
            0.9999859397123344, 
            0.004258611929552813, 
            0.003159842096232644
        ]
    ]
}