{
    "Tworld_goalstart": [
        [
            0.5877852522924729, 
            0.8090169943749476, 
            0.0, 
            -0.5
        ], 
        [
            -0.8090169943749476, 
            0.5877852522924729, 
            0.0, 
            0.0
        ], 
        [
            0.0, 
            0.0, 
            1.0, 
            0.0445
        ], 
        [
            0.0, 
            0.0, 
            0.0, 
            1.0
        ]
    ], 
    "Teffectivestart_hoveringstart": [
        [
            0.9999996606897795, 
            0.0005781049045625639, 
            0.0005847925848181126, 
            0.11365442734151399
        ], 
        [
            -0.0005776358485328686, 
            0.9999995028008166, 
            -0.000808899506426589, 
            -0.008977262024165478
        ], 
        [
            -0.0005852515672346588, 
            0.000808562621040718, 
            0.9999995015848734, 
            -0.1943192822933573
        ], 
        [
            0.0, 
            0.0, 
            0.0, 
            1.0
        ]
    ], 
    "hovering_end": [
        [
            -0.8114807273356568, 
            0.5835222878877027, 
            -0.03163504669784744, 
            -0.21696987395978573
        ], 
        [
            0.5843685081210555, 
            0.8106032868967297, 
            -0.03789128820353844, 
            0.14937954696327338
        ], 
        [
            0.00353306, 
            -0.04923457, 
            -0.99878099, 
            0.010460700000000003
        ], 
        [
            0.0, 
            0.0, 
            0.0, 
            1.0
        ]
    ], 
    "sample file path": "learned_samples/ur/simulator/pointcloud/push/plunger/blue_puck/sample/sample_18.txt", 
    "v_start_goal_frame": [
        0.8089142220643006, 
        -0.5879266230282665, 
        -0.000244514485931865
    ], 
    "Teffectiveend_unhoveringend": [
        [
            0.9999988974473781, 
            0.0014843317581024612, 
            -2.541975011789894e-05, 
            0.05071631595714084
        ], 
        [
            -0.001484329911994536, 
            0.9999988863013298, 
            0.00017180786928660852, 
            -0.009254436983117599
        ], 
        [
            2.5679245298297976e-05, 
            -0.0001717693053241961, 
            0.999999976521504, 
            -0.19453222541991222
        ], 
        [
            0.0, 
            0.0, 
            0.0, 
            1.0
        ]
    ], 
    "task_type": "pose_change", 
    "goal": "blue_puck", 
    "trajectory": [
        [
            [
                0.9999999925421806, 
                -5.037587714440655e-09, 
                1.7825618430341754e-09, 
                0.0
            ], 
            [
                -5.037587714440655e-09, 
                1.000000001593908, 
                -2.183448306263449e-09, 
                -5.204170427930421e-18
            ], 
            [
                1.7825618430341754e-09, 
                -2.183448306263449e-09, 
                0.9999999927410214, 
                0.0
            ], 
            [
                0.0, 
                0.0, 
                0.0, 
                1.0
            ]
        ], 
        [
            [
                0.999999935918688, 
                -0.00012787268701685078, 
                -0.00030978659178168647, 
                -0.19997906081937417
            ], 
            [
                0.00012812524068763693, 
                0.9999996340103464, 
                0.0008479088334904717, 
                -0.0008516461895120018
            ], 
            [
                0.0003096816183788026, 
                -0.0008479528506971065, 
                0.9999995853363989, 
                -0.0006319107848433616
            ], 
            [
                0.0, 
                0.0, 
                0.0, 
                1.0
            ]
        ]
    ], 
    "tool_contact_area_index": [
        1125, 
        1364, 
        1369, 
        1370, 
        1371, 
        1372, 
        1373, 
        1374, 
        1375, 
        1376, 
        1377, 
        1378, 
        1379, 
        1384, 
        1621, 
        1623, 
        1624, 
        1626, 
        1627, 
        1628, 
        1629, 
        1630, 
        1631, 
        1632, 
        1633, 
        1634, 
        1635, 
        1636, 
        1640, 
        1641, 
        1642, 
        1643, 
        1644, 
        1942, 
        1943, 
        1944, 
        1945, 
        1946, 
        1947, 
        1949, 
        1950, 
        1951, 
        1953, 
        1957, 
        1958, 
        2305, 
        2306, 
        2307, 
        2308, 
        2309, 
        2310, 
        2671, 
        2672, 
        2674
    ], 
    "v_start_world_frame": [
        -0.00017477937630659864, 
        -0.9999999510877405, 
        -0.000244514485931865
    ], 
    "Ttool_goal": [
        [
            -0.8113125797334167, 
            0.5846014661141157, 
            0.003607814534503161, 
            -0.22036373422052769
        ], 
        [
            0.5837707187443402, 
            0.8104598770632229, 
            -0.04864706775634255, 
            0.00628215972371482
        ], 
        [
            -0.03136313875558211, 
            -0.037361842255409235, 
            -0.9988095108736708, 
            0.0094521416152844
        ], 
        [
            0.0, 
            0.0, 
            0.0, 
            1.0
        ]
    ], 
    "tool_trajectory_world_frame": [
        [
            [
                -0.00447351, 
                0.99876552, 
                -0.04947136, 
                -0.50663651
            ], 
            [
                0.99998109, 
                0.00467679, 
                0.00399404, 
                0.33325553
            ], 
            [
                0.00422047, 
                -0.04945256, 
                -0.99876756, 
                0.24997624
            ], 
            [
                0.0, 
                0.0, 
                0.0, 
                1.0
            ]
        ], 
        [
            [
                -0.00421235, 
                0.99877763, 
                -0.04924931, 
                -0.5066811
            ], 
            [
                0.99998489, 
                0.00438121, 
                0.00332135, 
                0.26333541
            ], 
            [
                0.00353306, 
                -0.04923457, 
                -0.99878099, 
                0.0549607
            ], 
            [
                0.0, 
                0.0, 
                0.0, 
                1.0
            ]
        ], 
        [
            [
                -0.00381214, 
                0.99884903, 
                -0.04781302, 
                -0.50671461
            ], 
            [
                0.99998731, 
                0.00396517, 
                0.00310626, 
                0.02032075
            ], 
            [
                0.00329227, 
                -0.04780057, 
                -0.99885147, 
                0.05499263
            ], 
            [
                0.0, 
                0.0, 
                0.0, 
                1.0
            ]
        ], 
        [
            [
                -0.00529598, 
                0.99885047, 
                -0.04764131, 
                -0.50685056
            ], 
            [
                0.99998041, 
                0.00544895, 
                0.00308152, 
                0.07039546
            ], 
            [
                0.00333757, 
                -0.04762406, 
                -0.99885975, 
                0.24991077
            ], 
            [
                0.0, 
                0.0, 
                0.0, 
                1.0
            ]
        ]
    ], 
    "goal_contact_area_index": [
        3475, 
        3503, 
        3505, 
        3518, 
        3535, 
        3540, 
        3541, 
        3551, 
        3559, 
        3574, 
        3575, 
        3605, 
        3610, 
        3613, 
        3614, 
        3628, 
        3629, 
        3642, 
        3651, 
        3657, 
        3667, 
        3718, 
        3739, 
        3753, 
        3759, 
        3761, 
        3763, 
        3765, 
        3769, 
        3771, 
        3775, 
        3780, 
        3784, 
        3815, 
        3819, 
        3832, 
        3846, 
        3873, 
        9283, 
        9298, 
        9329, 
        9461, 
        9512, 
        9613, 
        9663
    ], 
    "changing_point": [
        1, 
        -2
    ], 
    "tool_trajectory_goal_frame": [
        [
            [
                -0.8116311590675669, 
                0.5832760405651001, 
                -0.032309782055065066, 
                -0.27351022994412166
            ], 
            [
                0.5841549916588458, 
                0.8107672272658004, 
                -0.03767553316577477, 
                0.19051363640557253
            ], 
            [
                0.00422047, 
                -0.04945256, 
                -0.99876756, 
                0.20547623999999998
            ], 
            [
                0.0, 
                0.0, 
                0.0, 
                1.0
            ]
        ], 
        [
            [
                -0.8114807273356568, 
                0.5835222878877027, 
                -0.03163504669784744, 
                -0.21696987395978573
            ], 
            [
                0.5843685081210555, 
                0.8106032868967297, 
                -0.03789128820353844, 
                0.14937954696327338
            ], 
            [
                0.00353306, 
                -0.04923457, 
                -0.99878099, 
                0.010460700000000003
            ], 
            [
                0.0, 
                0.0, 
                0.0, 
                1.0
            ]
        ], 
        [
            [
                -0.8112474476209631, 
                0.5839008391850561, 
                -0.030616805152512173, 
                -0.02038658082134026
            ], 
            [
                0.5846937072526848, 
                0.8104165085337645, 
                -0.036855731914603236, 
                0.006512003564922375
            ], 
            [
                0.00329227, 
                -0.04780057, 
                -0.99885147, 
                0.010492630000000003
            ], 
            [
                0.0, 
                0.0, 
                0.0, 
                1.0
            ]
        ], 
        [
            [
                -0.8121140446724637, 
                0.5827012823599058, 
                -0.0304958614664002, 
                -0.06097778160478651
            ], 
            [
                0.5834891997575107, 
                0.8112898175198828, 
                -0.03673135741364083, 
                0.035835193755359485
            ], 
            [
                0.00333757, 
                -0.04762406, 
                -0.99885975, 
                0.20541077000000002
            ], 
            [
                0.0, 
                0.0, 
                0.0, 
                1.0
            ]
        ]
    ], 
    "Teffectivestart_unhoveringstart": [
        [
            0.999999935918688, 
            -0.00012787268701685078, 
            -0.00030978659178168647, 
            -0.19997906244800917
        ], 
        [
            0.00012812524068763693, 
            0.9999996340103464, 
            0.0008479088334904717, 
            -0.0008516472889885411
        ], 
        [
            0.0003096816183788026, 
            -0.0008479528506971065, 
            0.9999995853363989, 
            -0.0006319103097017151
        ], 
        [
            0.0, 
            0.0, 
            0.0, 
            1.0
        ]
    ], 
    "raw sample file path": "learned_samples/ur/simulator/pointcloud/push/plunger/blue_puck/raw/raw_sample_18.txt", 
    "trajectory_thetas": [
        0.19998187112743862
    ], 
    "tool": "plunger", 
    "Tworld_goalend": [
        [
            0.5876912143712392, 
            0.8090848632870214, 
            -0.000848732552, 
            -0.50005156
        ], 
        [
            -0.8090849599166593, 
            0.5876916121780569, 
            0.000312314357, 
            -0.199985919
        ], 
        [
            0.0007514818208507486, 
            0.0005031523381687826, 
            0.999999591, 
            0.0445255563
        ], 
        [
            0.0, 
            0.0, 
            0.0, 
            1.0
        ]
    ], 
    "Tworld_toolend": [
        [
            -0.00381214, 
            0.99884903, 
            -0.04781302, 
            -0.50671461
        ], 
        [
            0.99998731, 
            0.00396517, 
            0.00310626, 
            0.02032075
        ], 
        [
            0.00329227, 
            -0.04780057, 
            -0.99885147, 
            0.05499263
        ], 
        [
            0.0, 
            0.0, 
            0.0, 
            1.0
        ]
    ], 
    "hovering_start": [
        [
            -0.8116311590675669, 
            0.5832760405651001, 
            -0.032309782055065066, 
            -0.27351022994412166
        ], 
        [
            0.5841549916588458, 
            0.8107672272658004, 
            -0.03767553316577477, 
            0.19051363640557253
        ], 
        [
            0.00422047, 
            -0.04945256, 
            -0.99876756, 
            0.20547623999999998
        ], 
        [
            0.0, 
            0.0, 
            0.0, 
            1.0
        ]
    ], 
    "v_start_tool_frame": [
        -0.9999859397123344, 
        -0.004258611929552986, 
        -0.0031598420962326464
    ], 
    "task": "push", 
    "unhovering_start": [
        [
            -0.8112474476209631, 
            0.5839008391850561, 
            -0.030616805152512173, 
            -0.02038658082134026
        ], 
        [
            0.5846937072526848, 
            0.8104165085337645, 
            -0.036855731914603236, 
            0.006512003564922375
        ], 
        [
            0.00329227, 
            -0.04780057, 
            -0.99885147, 
            0.010492630000000003
        ], 
        [
            0.0, 
            0.0, 
            0.0, 
            1.0
        ]
    ], 
    "Teffectivestart_hoveringend": [
        [
            0.9999999555223478, 
            0.00028326804138578, 
            -8.88078628308099e-05, 
            0.04303189637391347
        ], 
        [
            -0.0002833312017139883, 
            0.9999997831116583, 
            -0.0005892162332431798, 
            0.0001787473422774962
        ], 
        [
            8.864469897385904e-05, 
            0.0005892341610269026, 
            0.9999998147836594, 
            0.00022765615784379502
        ], 
        [
            0.0, 
            0.0, 
            0.0, 
            1.0
        ]
    ], 
    "Tworld_toolstart": [
        [
            -0.003925048343833804, 
            0.9988076330012783, 
            -0.048661155751915756, 
            -0.5066796552584923
        ], 
        [
            0.999985785004949, 
            0.004095931029884104, 
            0.0034125723739981805, 
            0.22030261434083778
        ], 
        [
            0.003607814534503161, 
            -0.04864706775634255, 
            -0.9988095108736708, 
            0.05504152907640481
        ], 
        [
            0.0, 
            0.0, 
            0.0, 
            1.0
        ]
    ], 
    "unhovering_end": [
        [
            -0.8121140446724637, 
            0.5827012823599058, 
            -0.0304958614664002, 
            -0.06097778160478651
        ], 
        [
            0.5834891997575107, 
            0.8112898175198828, 
            -0.03673135741364083, 
            0.035835193755359485
        ], 
        [
            0.00333757, 
            -0.04762406, 
            -0.99885975, 
            0.20541077000000002
        ], 
        [
            0.0, 
            0.0, 
            0.0, 
            1.0
        ]
    ], 
    "trajectory_screw_axes": [
        [
            -0.0, 
            -0.0, 
            -0.0, 
            0.9999859397123344, 
            0.004258611929552986, 
            0.0031598420962326464
        ]
    ]
}