{
    "Tworld_goalstart": [
        [
            1.0, 
            2.6868082853089192e-17, 
            0.0, 
            0.0
        ], 
        [
            2.6868082853089192e-17, 
            1.0, 
            0.0, 
            0.0
        ], 
        [
            0.0, 
            0.0, 
            1.0, 
            0.0
        ], 
        [
            0.0, 
            0.0, 
            0.0, 
            1.0
        ]
    ], 
    "Teffectivestart_hoveringstart": [
        [
            0.9999999993406554, 
            -2.2979894461589886e-09, 
            8.269139801709289e-09, 
            0.05100919349999991
        ], 
        [
            -2.2979894461589886e-09, 
            0.9999999954938696, 
            2.066313198012324e-09, 
            -0.002244251999999993
        ], 
        [
            8.269139801709289e-09, 
            2.066313198012324e-09, 
            1.0000000002270595, 
            -0.099463689
        ], 
        [
            0.0, 
            0.0, 
            0.0, 
            1.0
        ]
    ], 
    "hovering_end": [
        [
            0.9270287771442296, 
            -0.37462799487767273, 
            0.01647763407411986, 
            0.2378802479452808
        ], 
        [
            -0.37485332141851124, 
            -0.9269824522816422, 
            0.013730072249533124, 
            -0.10189784611612104
        ], 
        [
            0.0101308, 
            -0.01890486999999988, 
            -0.99976996, 
            0.0536968773213752
        ], 
        [
            0.0, 
            0.0, 
            0.0, 
            1.0
        ]
    ], 
    "sample file path": "learned_samples/ur/simulator/pointcloud/push/plunger/meiying_tool_target/sample/sample_15.txt", 
    "v_start_goal_frame": [
        -0.9297764879733247, 
        0.368124546797049, 
        2.026243043143361e-08
    ], 
    "Teffectiveend_unhoveringend": [
        [
            0.9999999993406554, 
            -2.2979894461589886e-09, 
            8.269139801709289e-09, 
            0.0010130799999999995
        ], 
        [
            -2.2979894461589886e-09, 
            0.9999999954938696, 
            2.066313198012324e-09, 
            -0.0018904869999999824
        ], 
        [
            8.269139801709289e-09, 
            2.066313198012324e-09, 
            1.0000000002270595, 
            -0.09997699600000001
        ], 
        [
            0.0, 
            0.0, 
            0.0, 
            1.0
        ]
    ], 
    "task_type": "pose_change", 
    "goal": "meiying_tool_target", 
    "trajectory": [
        [
            [
                0.9999999993406554, 
                -2.2979894461589886e-09, 
                8.269139801709289e-09, 
                0.0
            ], 
            [
                -2.2979894461589886e-09, 
                0.9999999954938696, 
                2.066313198012324e-09, 
                8.673617379884035e-19
            ], 
            [
                8.269139801709289e-09, 
                2.066313198012324e-09, 
                1.0000000002270595, 
                6.938893903907228e-18
            ], 
            [
                0.0, 
                0.0, 
                0.0, 
                1.0
            ]
        ], 
        [
            [
                0.9999999993406554, 
                -2.2979894461589886e-09, 
                8.269139801709289e-09, 
                -0.4499650209239418
            ], 
            [
                -2.2979894461589886e-09, 
                0.9999999954938696, 
                2.066313198012324e-09, 
                0.003183885608760019
            ], 
            [
                8.269139801709289e-09, 
                2.066313198012324e-09, 
                1.0000000002270595, 
                -0.004619764728389215
            ], 
            [
                0.0, 
                0.0, 
                0.0, 
                1.0
            ]
        ]
    ], 
    "tool_contact_area_index": [
        880, 
        1129, 
        1130, 
        1132, 
        1133, 
        1378, 
        1379, 
        1380, 
        1381, 
        1383, 
        1384, 
        1385, 
        1386, 
        1387, 
        1388, 
        1389, 
        1390, 
        1391, 
        1392, 
        1393, 
        1394, 
        1395, 
        1396, 
        1638, 
        1639, 
        1640, 
        1641, 
        1642, 
        1643, 
        1644, 
        1645, 
        1646, 
        1647, 
        1648, 
        1649, 
        1650, 
        1651, 
        1652, 
        1653, 
        1654, 
        1655, 
        1656, 
        1657, 
        1658, 
        1659, 
        1660, 
        1661, 
        1662, 
        1663, 
        1665, 
        1666, 
        1943, 
        1944, 
        1945, 
        1946, 
        1947, 
        1948, 
        1949, 
        1950, 
        1951, 
        1952, 
        1953, 
        1954, 
        1955, 
        1956, 
        1957, 
        1958, 
        1959, 
        1960, 
        1961, 
        1962, 
        1963, 
        1964, 
        1965, 
        1966, 
        1967, 
        1968, 
        1969, 
        1970, 
        1971, 
        1972, 
        1973, 
        1974, 
        1975, 
        1976, 
        1977, 
        1978, 
        2310, 
        2311, 
        2312, 
        2313, 
        2314, 
        2315, 
        2316, 
        2317, 
        2318, 
        2319, 
        2320, 
        2321, 
        2322, 
        2323, 
        2324, 
        2325, 
        2326, 
        2327, 
        2328, 
        2329, 
        2672, 
        2674, 
        2675, 
        2676, 
        2677, 
        2678, 
        2681, 
        2682, 
        2684, 
        2687, 
        2693, 
        2694, 
        2695, 
        2696, 
        2698, 
        3041, 
        3042
    ], 
    "v_start_world_frame": [
        -0.9297764879733247, 
        0.368124546797049, 
        2.026243043143361e-08
    ], 
    "Ttool_goal": [
        [
            0.9270287771442296, 
            -0.37485332141851124, 
            0.0101308, 
            -0.20926646024626758
        ], 
        [
            -0.37462799487767273, 
            -0.9269824522816422, 
            -0.01890486999999988, 
            -0.004679547481028589
        ], 
        [
            0.01647763407411986, 
            0.013730072249533124, 
            -0.99976996, 
            0.051677193001859106
        ], 
        [
            0.0, 
            0.0, 
            0.0, 
            1.0
        ]
    ], 
    "tool_trajectory_world_frame": [
        [
            [
                0.9270287771442296, 
                -0.37462799487767273, 
                0.01647763407411986, 
                0.2378802479452808
            ], 
            [
                -0.37485332141851124, 
                -0.9269824522816422, 
                0.013730072249533124, 
                -0.10189784611612104
            ], 
            [
                0.0101308, 
                -0.01890486999999988, 
                -0.99976996, 
                0.1536968773213752
            ], 
            [
                0.0, 
                0.0, 
                0.0, 
                1.0
            ]
        ], 
        [
            [
                0.9270287771442296, 
                -0.37462799487767273, 
                0.01647763407411986, 
                0.2378802479452808
            ], 
            [
                -0.37485332141851124, 
                -0.9269824522816422, 
                0.013730072249533124, 
                -0.10189784611612104
            ], 
            [
                0.0101308, 
                -0.01890486999999988, 
                -0.99976996, 
                0.0536968773213752
            ], 
            [
                0.0, 
                0.0, 
                0.0, 
                1.0
            ]
        ], 
        [
            [
                0.9270287771442296, 
                -0.37462799487767273, 
                0.01647763407411986, 
                -0.22700799499884505
            ], 
            [
                -0.37485332141851124, 
                -0.9269824522816422, 
                0.013730072249533124, 
                0.08216443022621747
            ], 
            [
                0.0101308, 
                -0.01890486999999988, 
                -0.99976996, 
                0.0536968773213752
            ], 
            [
                0.0, 
                0.0, 
                0.0, 
                1.0
            ]
        ], 
        [
            [
                0.9270287771442296, 
                -0.37462799487767273, 
                0.01647763407411986, 
                -0.22700799499884505
            ], 
            [
                -0.37485332141851124, 
                -0.9269824522816422, 
                0.013730072249533124, 
                0.08216443022621747
            ], 
            [
                0.0101308, 
                -0.01890486999999988, 
                -0.99976996, 
                0.1536968773213752
            ], 
            [
                0.0, 
                0.0, 
                0.0, 
                1.0
            ]
        ]
    ], 
    "goal_contact_area_index": [
        2635, 
        2638, 
        2640, 
        2641, 
        2642, 
        2643, 
        2644, 
        2645, 
        2646, 
        2647, 
        2648, 
        2649, 
        2650, 
        2669, 
        2670, 
        2671, 
        2672, 
        2673, 
        2674, 
        2675, 
        2676, 
        2677, 
        2678, 
        2680, 
        2913, 
        2914, 
        2915, 
        2916, 
        2917, 
        2918, 
        2919, 
        2920, 
        2921, 
        2923, 
        2924, 
        2925, 
        2926, 
        2927, 
        2928, 
        2930, 
        3168, 
        3169, 
        3170, 
        3171, 
        3174, 
        3177, 
        3178, 
        3179, 
        3180, 
        3182, 
        3184, 
        3187, 
        3192, 
        3194, 
        3195, 
        3196, 
        3197, 
        3198, 
        3199, 
        3200, 
        3201, 
        3202, 
        3203, 
        3204, 
        3205, 
        3206, 
        3207, 
        3208, 
        3209, 
        3210, 
        3211, 
        3212, 
        3213, 
        3214, 
        3215, 
        3217, 
        3219, 
        3222, 
        3223, 
        3226, 
        3237, 
        3238, 
        3239, 
        3240, 
        3241, 
        3242, 
        3243, 
        3244, 
        3245, 
        3246, 
        3249, 
        3251, 
        3252, 
        3253, 
        3265, 
        3563, 
        3573, 
        3574
    ], 
    "changing_point": [
        1, 
        -2
    ], 
    "tool_trajectory_goal_frame": [
        [
            [
                0.9270287771442296, 
                -0.37462799487767273, 
                0.01647763407411986, 
                0.2378802479452808
            ], 
            [
                -0.37485332141851124, 
                -0.9269824522816422, 
                0.013730072249533124, 
                -0.10189784611612104
            ], 
            [
                0.0101308, 
                -0.01890486999999988, 
                -0.99976996, 
                0.1536968773213752
            ], 
            [
                0.0, 
                0.0, 
                0.0, 
                1.0
            ]
        ], 
        [
            [
                0.9270287771442296, 
                -0.37462799487767273, 
                0.01647763407411986, 
                0.2378802479452808
            ], 
            [
                -0.37485332141851124, 
                -0.9269824522816422, 
                0.013730072249533124, 
                -0.10189784611612104
            ], 
            [
                0.0101308, 
                -0.01890486999999988, 
                -0.99976996, 
                0.0536968773213752
            ], 
            [
                0.0, 
                0.0, 
                0.0, 
                1.0
            ]
        ], 
        [
            [
                0.9270287771442296, 
                -0.37462799487767273, 
                0.01647763407411986, 
                -0.22700799499884505
            ], 
            [
                -0.37485332141851124, 
                -0.9269824522816422, 
                0.013730072249533124, 
                0.08216443022621747
            ], 
            [
                0.0101308, 
                -0.01890486999999988, 
                -0.99976996, 
                0.0536968773213752
            ], 
            [
                0.0, 
                0.0, 
                0.0, 
                1.0
            ]
        ], 
        [
            [
                0.9270287771442296, 
                -0.37462799487767273, 
                0.01647763407411986, 
                -0.22700799499884505
            ], 
            [
                -0.37485332141851124, 
                -0.9269824522816422, 
                0.013730072249533124, 
                0.08216443022621747
            ], 
            [
                0.0101308, 
                -0.01890486999999988, 
                -0.99976996, 
                0.1536968773213752
            ], 
            [
                0.0, 
                0.0, 
                0.0, 
                1.0
            ]
        ]
    ], 
    "Teffectivestart_unhoveringstart": [
        [
            0.9999999993406554, 
            -2.2979894461589886e-09, 
            8.269139801709289e-09, 
            -0.4499650215
        ], 
        [
            -2.2979894461589886e-09, 
            0.9999999954938696, 
            2.066313198012324e-09, 
            0.003183884999999992
        ], 
        [
            8.269139801709289e-09, 
            2.066313198012324e-09, 
            1.0000000002270595, 
            -0.004619762999999992
        ], 
        [
            0.0, 
            0.0, 
            0.0, 
            1.0
        ]
    ], 
    "raw sample file path": "learned_samples/ur/simulator/pointcloud/push/plunger/meiying_tool_target/raw/raw_sample_15.txt", 
    "trajectory_thetas": [
        0.4499999991372539
    ], 
    "tool": "plunger", 
    "Tworld_goalend": [
        [
            1.0, 
            2.6868082853089192e-17, 
            0.0, 
            -0.41839941864971325
        ], 
        [
            2.6868082853089192e-17, 
            1.0, 
            0.0, 
            0.1656560487081047
        ], 
        [
            0.0, 
            0.0, 
            1.0, 
            0.0
        ], 
        [
            0.0, 
            0.0, 
            0.0, 
            1.0
        ]
    ], 
    "Tworld_toolend": [
        [
            0.9270287771442296, 
            -0.37462799487767273, 
            0.01647763407411986, 
            -0.22700799499884505
        ], 
        [
            -0.37485332141851124, 
            -0.9269824522816422, 
            0.013730072249533124, 
            0.08216443022621747
        ], 
        [
            0.0101308, 
            -0.01890486999999988, 
            -0.99976996, 
            0.0536968773213752
        ], 
        [
            0.0, 
            0.0, 
            0.0, 
            1.0
        ]
    ], 
    "hovering_start": [
        [
            0.9270287771442296, 
            -0.37462799487767273, 
            0.01647763407411986, 
            0.2378802479452808
        ], 
        [
            -0.37485332141851124, 
            -0.9269824522816422, 
            0.013730072249533124, 
            -0.10189784611612104
        ], 
        [
            0.0101308, 
            -0.01890486999999988, 
            -0.99976996, 
            0.1536968773213752
        ], 
        [
            0.0, 
            0.0, 
            0.0, 
            1.0
        ]
    ], 
    "v_start_tool_frame": [
        -0.9999222700787931, 
        0.007075303611080431, 
        -0.010266152116755613
    ], 
    "task": "push", 
    "unhovering_start": [
        [
            0.9270287771442296, 
            -0.37462799487767273, 
            0.01647763407411986, 
            -0.22700799499884505
        ], 
        [
            -0.37485332141851124, 
            -0.9269824522816422, 
            0.013730072249533124, 
            0.08216443022621747
        ], 
        [
            0.0101308, 
            -0.01890486999999988, 
            -0.99976996, 
            0.0536968773213752
        ], 
        [
            0.0, 
            0.0, 
            0.0, 
            1.0
        ]
    ], 
    "Teffectivestart_hoveringend": [
        [
            0.9999999993406554, 
            -2.2979894461589886e-09, 
            8.269139801709289e-09, 
            0.04999611349999991
        ], 
        [
            -2.2979894461589886e-09, 
            0.9999999954938696, 
            2.066313198012324e-09, 
            -0.000353765000000005
        ], 
        [
            8.269139801709289e-09, 
            2.066313198012324e-09, 
            1.0000000002270595, 
            0.0005133070000000045
        ], 
        [
            0.0, 
            0.0, 
            0.0, 
            1.0
        ]
    ], 
    "Tworld_toolstart": [
        [
            0.9270287771442296, 
            -0.37462799487767273, 
            0.01647763407411986, 
            0.19139142337338405
        ], 
        [
            -0.37485332141851124, 
            -0.9269824522816422, 
            0.013730072249533124, 
            -0.08349161767790911
        ], 
        [
            0.0101308, 
            -0.01890486999999988, 
            -0.99976996, 
            0.05369687559905617
        ], 
        [
            0.0, 
            0.0, 
            0.0, 
            1.0
        ]
    ], 
    "unhovering_end": [
        [
            0.9270287771442296, 
            -0.37462799487767273, 
            0.01647763407411986, 
            -0.22700799499884505
        ], 
        [
            -0.37485332141851124, 
            -0.9269824522816422, 
            0.013730072249533124, 
            0.08216443022621747
        ], 
        [
            0.0101308, 
            -0.01890486999999988, 
            -0.99976996, 
            0.1536968773213752
        ], 
        [
            0.0, 
            0.0, 
            0.0, 
            1.0
        ]
    ], 
    "trajectory_screw_axes": [
        [
            -0.0, 
            -0.0, 
            -0.0, 
            0.9999222700787931, 
            -0.007075303611080431, 
            0.010266152116755613
        ]
    ]
}