{
    "Tworld_goalstart": [
        [
            0.9999999999999999, 
            -1.63469831201726e-17, 
            0.0, 
            0.0
        ], 
        [
            -1.63469831201726e-17, 
            0.9999999999999999, 
            0.0, 
            0.0
        ], 
        [
            0.0, 
            0.0, 
            1.0, 
            0.0
        ], 
        [
            0.0, 
            0.0, 
            0.0, 
            1.0
        ]
    ], 
    "Teffectivestart_hoveringstart": [
        [
            0.9999999993406552, 
            -2.2979894466468795e-09, 
            8.269139796505118e-09, 
            0.05100919349999988
        ], 
        [
            -2.2979894466468795e-09, 
            0.9999999954938692, 
            2.066313208420665e-09, 
            -0.0022442520000000225
        ], 
        [
            8.269139796505118e-09, 
            2.066313208420665e-09, 
            1.0000000002270595, 
            -0.099463689
        ], 
        [
            0.0, 
            0.0, 
            0.0, 
            1.0
        ]
    ], 
    "hovering_end": [
        [
            0.8046822332166266, 
            -0.5933895289876187, 
            0.01937448901793355, 
            0.20506583867194272
        ], 
        [
            -0.5936192970056801, 
            -0.8046934001667991, 
            0.009200895823340655, 
            -0.15785494992361082
        ], 
        [
            0.0101308, 
            -0.01890486999999988, 
            -0.99976996, 
            0.0536968773213752
        ], 
        [
            0.0, 
            0.0, 
            0.0, 
            1.0
        ]
    ], 
    "sample file path": "learned_samples/ur/simulator/pointcloud/push/plunger/meiying_tool_target/sample/sample_16.txt", 
    "v_start_goal_frame": [
        -0.8090169978060217, 
        0.5877852471808674, 
        2.0023219454018415e-08
    ], 
    "Teffectiveend_unhoveringend": [
        [
            0.9999999993406552, 
            -2.2979894466468795e-09, 
            8.269139796505118e-09, 
            0.0010130799999999995
        ], 
        [
            -2.2979894466468795e-09, 
            0.9999999954938692, 
            2.066313208420665e-09, 
            -0.0018904869999999841
        ], 
        [
            8.269139796505118e-09, 
            2.066313208420665e-09, 
            1.0000000002270595, 
            -0.09997699600000001
        ], 
        [
            0.0, 
            0.0, 
            0.0, 
            1.0
        ]
    ], 
    "task_type": "pose_change", 
    "goal": "meiying_tool_target", 
    "trajectory": [
        [
            [
                0.9999999993406552, 
                -2.2979894466468795e-09, 
                8.269139796505118e-09, 
                0.0
            ], 
            [
                -2.2979894466468795e-09, 
                0.9999999954938692, 
                2.066313208420665e-09, 
                -2.6020852139652106e-18
            ], 
            [
                8.269139796505118e-09, 
                2.066313208420665e-09, 
                1.0000000002270595, 
                6.938893903907228e-18
            ], 
            [
                0.0, 
                0.0, 
                0.0, 
                1.0
            ]
        ], 
        [
            [
                0.9999999993406552, 
                -2.2979894466468795e-09, 
                8.269139796505118e-09, 
                -0.4799626890239417
            ], 
            [
                -2.2979894466468795e-09, 
                0.9999999954938692, 
                2.066313208420665e-09, 
                0.003396144608759996
            ], 
            [
                8.269139796505118e-09, 
                2.066313208420665e-09, 
                1.0000000002270595, 
                -0.004927748928389215
            ], 
            [
                0.0, 
                0.0, 
                0.0, 
                1.0
            ]
        ]
    ], 
    "tool_contact_area_index": [
        660, 
        662, 
        1129, 
        1132, 
        1133, 
        1373, 
        1374, 
        1378, 
        1379, 
        1381, 
        1382, 
        1384, 
        1385, 
        1386, 
        1387, 
        1388, 
        1389, 
        1390, 
        1391, 
        1392, 
        1393, 
        1394, 
        1395, 
        1396, 
        1398, 
        1399, 
        1638, 
        1639, 
        1640, 
        1641, 
        1642, 
        1643, 
        1644, 
        1645, 
        1646, 
        1647, 
        1648, 
        1649, 
        1650, 
        1651, 
        1652, 
        1653, 
        1654, 
        1655, 
        1656, 
        1657, 
        1658, 
        1659, 
        1660, 
        1661, 
        1662, 
        1663, 
        1664, 
        1665, 
        1666, 
        1942, 
        1943, 
        1944, 
        1945, 
        1946, 
        1947, 
        1948, 
        1949, 
        1950, 
        1951, 
        1952, 
        1953, 
        1954, 
        1955, 
        1956, 
        1957, 
        1958, 
        1959, 
        1960, 
        1961, 
        1962, 
        1963, 
        1964, 
        1965, 
        1966, 
        1967, 
        1968, 
        1969, 
        1970, 
        1971, 
        1972, 
        1973, 
        1974, 
        1975, 
        1976, 
        2306, 
        2307, 
        2308, 
        2309, 
        2310, 
        2311, 
        2312, 
        2313, 
        2314, 
        2315, 
        2316, 
        2317, 
        2318, 
        2319, 
        2320, 
        2321, 
        2322, 
        2323, 
        2324, 
        2325, 
        2326, 
        2327, 
        2328, 
        2329, 
        2663, 
        2664, 
        2671, 
        2672, 
        2673, 
        2674, 
        2677, 
        2679, 
        2680, 
        2681, 
        2682, 
        2683, 
        2684, 
        2685, 
        2686, 
        2687, 
        2688, 
        2693, 
        2694, 
        2695, 
        2696, 
        2698, 
        3047
    ], 
    "v_start_world_frame": [
        -0.8090169978060218, 
        0.5877852471808674, 
        2.0023219454018415e-08
    ], 
    "Ttool_goal": [
        [
            0.8046822332166266, 
            -0.5936192970056801, 
            0.0101308, 
            -0.2092664602462675
        ], 
        [
            -0.5933895289876187, 
            -0.8046934001667991, 
            -0.01890486999999988, 
            -0.0046795474810286085
        ], 
        [
            0.01937448901793355, 
            0.009200895823340655, 
            -0.99976996, 
            0.051677193001859106
        ], 
        [
            0.0, 
            0.0, 
            0.0, 
            1.0
        ]
    ], 
    "tool_trajectory_world_frame": [
        [
            [
                0.8046822332166267, 
                -0.5933895289876188, 
                0.019374489017933552, 
                0.20506583867194275
            ], 
            [
                -0.5936192970056801, 
                -0.8046934001667992, 
                0.009200895823340657, 
                -0.15785494992361085
            ], 
            [
                0.0101308, 
                -0.01890486999999988, 
                -0.99976996, 
                0.1536968773213752
            ], 
            [
                0.0, 
                0.0, 
                0.0, 
                1.0
            ]
        ], 
        [
            [
                0.8046822332166267, 
                -0.5933895289876188, 
                0.019374489017933552, 
                0.20506583867194275
            ], 
            [
                -0.5936192970056801, 
                -0.8046934001667992, 
                0.009200895823340657, 
                -0.15785494992361085
            ], 
            [
                0.0101308, 
                -0.01890486999999988, 
                -0.99976996, 
                0.0536968773213752
            ], 
            [
                0.0, 
                0.0, 
                0.0, 
                1.0
            ]
        ], 
        [
            [
                0.8046822332166267, 
                -0.5933895289876188, 
                0.019374489017933552, 
                -0.22371316834677968
            ], 
            [
                -0.5936192970056801, 
                -0.8046934001667992, 
                0.009200895823340657, 
                0.1536712337913994
            ], 
            [
                0.0101308, 
                -0.01890486999999988, 
                -0.99976996, 
                0.0536968773213752
            ], 
            [
                0.0, 
                0.0, 
                0.0, 
                1.0
            ]
        ], 
        [
            [
                0.8046822332166267, 
                -0.5933895289876188, 
                0.019374489017933552, 
                -0.22371316834677968
            ], 
            [
                -0.5936192970056801, 
                -0.8046934001667992, 
                0.009200895823340657, 
                0.1536712337913994
            ], 
            [
                0.0101308, 
                -0.01890486999999988, 
                -0.99976996, 
                0.1536968773213752
            ], 
            [
                0.0, 
                0.0, 
                0.0, 
                1.0
            ]
        ]
    ], 
    "goal_contact_area_index": [
        2669, 
        2677, 
        2679, 
        2680, 
        2914, 
        2916, 
        2917, 
        2922, 
        2924, 
        2925, 
        2928, 
        2929, 
        2930, 
        3193, 
        3198, 
        3204, 
        3210, 
        3214, 
        3216, 
        3217, 
        3219, 
        3224, 
        3227, 
        3229, 
        3235, 
        3240, 
        3241, 
        3242, 
        3243, 
        3244, 
        3245, 
        3246, 
        3247, 
        3248, 
        3249, 
        3250, 
        3251, 
        3252, 
        3253, 
        3256, 
        3257, 
        3258, 
        3259, 
        3260, 
        3261, 
        3262, 
        3263, 
        3264, 
        3265, 
        3266, 
        3267, 
        3268, 
        3270, 
        3272, 
        3273, 
        3274, 
        3276, 
        3277, 
        3280, 
        3281, 
        3286, 
        3288, 
        3289, 
        3292, 
        3293, 
        3294, 
        3298, 
        3303, 
        3307, 
        3312, 
        3554, 
        3555, 
        3556, 
        3557, 
        3558, 
        3559, 
        3560, 
        3562, 
        3563, 
        3564, 
        3565, 
        3566, 
        3567, 
        3568, 
        3569, 
        3570, 
        3571, 
        3572, 
        3573, 
        3574, 
        3575, 
        3576, 
        3577, 
        3578, 
        3579, 
        3580, 
        3581, 
        3582, 
        3584, 
        3585, 
        3586, 
        3594
    ], 
    "changing_point": [
        1, 
        -2
    ], 
    "tool_trajectory_goal_frame": [
        [
            [
                0.8046822332166266, 
                -0.5933895289876187, 
                0.01937448901793355, 
                0.20506583867194272
            ], 
            [
                -0.5936192970056801, 
                -0.8046934001667991, 
                0.009200895823340655, 
                -0.15785494992361082
            ], 
            [
                0.0101308, 
                -0.01890486999999988, 
                -0.99976996, 
                0.1536968773213752
            ], 
            [
                0.0, 
                0.0, 
                0.0, 
                1.0
            ]
        ], 
        [
            [
                0.8046822332166266, 
                -0.5933895289876187, 
                0.01937448901793355, 
                0.20506583867194272
            ], 
            [
                -0.5936192970056801, 
                -0.8046934001667991, 
                0.009200895823340655, 
                -0.15785494992361082
            ], 
            [
                0.0101308, 
                -0.01890486999999988, 
                -0.99976996, 
                0.0536968773213752
            ], 
            [
                0.0, 
                0.0, 
                0.0, 
                1.0
            ]
        ], 
        [
            [
                0.8046822332166266, 
                -0.5933895289876187, 
                0.01937448901793355, 
                -0.22371316834677965
            ], 
            [
                -0.5936192970056801, 
                -0.8046934001667991, 
                0.009200895823340655, 
                0.1536712337913994
            ], 
            [
                0.0101308, 
                -0.01890486999999988, 
                -0.99976996, 
                0.0536968773213752
            ], 
            [
                0.0, 
                0.0, 
                0.0, 
                1.0
            ]
        ], 
        [
            [
                0.8046822332166266, 
                -0.5933895289876187, 
                0.01937448901793355, 
                -0.22371316834677965
            ], 
            [
                -0.5936192970056801, 
                -0.8046934001667991, 
                0.009200895823340655, 
                0.1536712337913994
            ], 
            [
                0.0101308, 
                -0.01890486999999988, 
                -0.99976996, 
                0.1536968773213752
            ], 
            [
                0.0, 
                0.0, 
                0.0, 
                1.0
            ]
        ]
    ], 
    "Teffectivestart_unhoveringstart": [
        [
            0.9999999993406552, 
            -2.2979894466468795e-09, 
            8.269139796505118e-09, 
            -0.47996268959999994
        ], 
        [
            -2.2979894466468795e-09, 
            0.9999999954938692, 
            2.066313208420665e-09, 
            0.00339614399999995
        ], 
        [
            8.269139796505118e-09, 
            2.066313208420665e-09, 
            1.0000000002270595, 
            -0.004927747199999992
        ], 
        [
            0.0, 
            0.0, 
            0.0, 
            1.0
        ]
    ], 
    "raw sample file path": "learned_samples/ur/simulator/pointcloud/push/plunger/meiying_tool_target/raw/raw_sample_16.txt", 
    "trajectory_thetas": [
        0.4799999991166681
    ], 
    "tool": "plunger", 
    "Tworld_goalend": [
        [
            0.9999999999999999, 
            -1.63469831201726e-17, 
            0.0, 
            -0.38832815729997505
        ], 
        [
            -1.63469831201726e-17, 
            0.9999999999999999, 
            0.0, 
            0.2821369211003867
        ], 
        [
            0.0, 
            0.0, 
            1.0, 
            0.0
        ], 
        [
            0.0, 
            0.0, 
            0.0, 
            1.0
        ]
    ], 
    "Tworld_toolend": [
        [
            0.8046822332166267, 
            -0.5933895289876188, 
            0.019374489017933552, 
            -0.22371316834677968
        ], 
        [
            -0.5936192970056801, 
            -0.8046934001667992, 
            0.009200895823340657, 
            0.1536712337913994
        ], 
        [
            0.0101308, 
            -0.01890486999999988, 
            -0.99976996, 
            0.0536968773213752
        ], 
        [
            0.0, 
            0.0, 
            0.0, 
            1.0
        ]
    ], 
    "hovering_start": [
        [
            0.8046822332166266, 
            -0.5933895289876187, 
            0.01937448901793355, 
            0.20506583867194272
        ], 
        [
            -0.5936192970056801, 
            -0.8046934001667991, 
            0.009200895823340655, 
            -0.15785494992361082
        ], 
        [
            0.0101308, 
            -0.01890486999999988, 
            -0.99976996, 
            0.1536968773213752
        ], 
        [
            0.0, 
            0.0, 
            0.0, 
            1.0
        ]
    ], 
    "v_start_tool_frame": [
        -0.9999222700818678, 
        0.00707530352598602, 
        -0.010266151875911683
    ], 
    "task": "push", 
    "unhovering_start": [
        [
            0.8046822332166266, 
            -0.5933895289876187, 
            0.01937448901793355, 
            -0.22371316834677965
        ], 
        [
            -0.5936192970056801, 
            -0.8046934001667991, 
            0.009200895823340655, 
            0.1536712337913994
        ], 
        [
            0.0101308, 
            -0.01890486999999988, 
            -0.99976996, 
            0.0536968773213752
        ], 
        [
            0.0, 
            0.0, 
            0.0, 
            1.0
        ]
    ], 
    "Teffectivestart_hoveringend": [
        [
            0.9999999993406552, 
            -2.2979894466468795e-09, 
            8.269139796505118e-09, 
            0.049996113499999884
        ], 
        [
            -2.2979894466468795e-09, 
            0.9999999954938692, 
            2.066313208420665e-09, 
            -0.0003537650000000345
        ], 
        [
            8.269139796505118e-09, 
            2.066313208420665e-09, 
            1.0000000002270595, 
            0.0005133070000000045
        ], 
        [
            0.0, 
            0.0, 
            0.0, 
            1.0
        ]
    ], 
    "Tworld_toolstart": [
        [
            0.8046822332166265, 
            -0.5933895289876185, 
            0.019374489017933545, 
            0.16461498888436998
        ], 
        [
            -0.5936192970056801, 
            -0.804693400166799, 
            0.009200895823340653, 
            -0.12846568646126005
        ], 
        [
            0.0101308, 
            -0.01890486999999988, 
            -0.99976996, 
            0.05369687559905617
        ], 
        [
            0.0, 
            0.0, 
            0.0, 
            1.0
        ]
    ], 
    "unhovering_end": [
        [
            0.8046822332166266, 
            -0.5933895289876187, 
            0.01937448901793355, 
            -0.22371316834677965
        ], 
        [
            -0.5936192970056801, 
            -0.8046934001667991, 
            0.009200895823340655, 
            0.1536712337913994
        ], 
        [
            0.0101308, 
            -0.01890486999999988, 
            -0.99976996, 
            0.1536968773213752
        ], 
        [
            0.0, 
            0.0, 
            0.0, 
            1.0
        ]
    ], 
    "trajectory_screw_axes": [
        [
            -0.0, 
            -0.0, 
            -0.0, 
            0.9999222700818678, 
            -0.00707530352598602, 
            0.010266151875911683
        ]
    ]
}