{
    "Tworld_goalstart": [
        [
            1.0, 
            -2.3506446393833413e-18, 
            0.0, 
            0.0
        ], 
        [
            -2.3506446393833413e-18, 
            1.0, 
            0.0, 
            0.0
        ], 
        [
            0.0, 
            0.0, 
            1.0, 
            0.0
        ], 
        [
            0.0, 
            0.0, 
            0.0, 
            1.0
        ]
    ], 
    "Teffectivestart_hoveringstart": [
        [
            0.9999999993406554, 
            -2.2979894815852945e-09, 
            8.269139801709289e-09, 
            0.051009193499999994
        ], 
        [
            -2.2979894815852945e-09, 
            0.9999999954938696, 
            2.066313198012324e-09, 
            -0.0022442519999999974
        ], 
        [
            8.269139801709289e-09, 
            2.066313198012324e-09, 
            1.0000000002270595, 
            -0.099463689
        ], 
        [
            0.0, 
            0.0, 
            0.0, 
            1.0
        ]
    ], 
    "hovering_end": [
        [
            0.19450576760262506, 
            0.9807613306862645, 
            -0.016574475656371254, 
            0.05551864154261486
        ], 
        [
            0.9808490569916092, 
            -0.19429311262795823, 
            0.013613010885706076, 
            0.2527604871155213
        ], 
        [
            0.0101308, 
            -0.01890486999999988, 
            -0.99976996, 
            0.0536968773213752
        ], 
        [
            0.0, 
            0.0, 
            0.0, 
            1.0
        ]
    ], 
    "sample file path": "learned_samples/ur/simulator/pointcloud/push/plunger/meiying_tool_target/sample/sample_8.txt", 
    "v_start_goal_frame": [
        -0.1873813071790177, 
        -0.9822872519087402, 
        2.36113841430019e-08
    ], 
    "Teffectiveend_unhoveringend": [
        [
            0.9999999993406554, 
            -2.2979894815852945e-09, 
            8.269139801709289e-09, 
            0.001013080000000003
        ], 
        [
            -2.2979894815852945e-09, 
            0.9999999954938696, 
            2.066313198012324e-09, 
            -0.0018904869999999884
        ], 
        [
            8.269139801709289e-09, 
            2.066313198012324e-09, 
            1.0000000002270595, 
            -0.09997699600000001
        ], 
        [
            0.0, 
            0.0, 
            0.0, 
            1.0
        ]
    ], 
    "task_type": "pose_change", 
    "goal": "meiying_tool_target", 
    "trajectory": [
        [
            [
                0.9999999993406554, 
                -2.2979894815852945e-09, 
                8.269139801709289e-09, 
                0.0
            ], 
            [
                -2.2979894815852945e-09, 
                0.9999999954938696, 
                2.066313198012324e-09, 
                -2.6020852139652106e-18
            ], 
            [
                8.269139801709289e-09, 
                2.066313198012324e-09, 
                1.0000000002270595, 
                6.938893903907228e-18
            ], 
            [
                0.0, 
                0.0, 
                0.0, 
                1.0
            ]
        ], 
        [
            [
                0.9999999993406554, 
                -2.2979894815852945e-09, 
                8.269139801709289e-09, 
                -0.2399813442239418
            ], 
            [
                -2.2979894815852945e-09, 
                0.9999999954938696, 
                2.066313198012324e-09, 
                0.0016980726087600364
            ], 
            [
                8.269139801709289e-09, 
                2.066313198012324e-09, 
                1.0000000002270595, 
                -0.002463875328389223
            ], 
            [
                0.0, 
                0.0, 
                0.0, 
                1.0
            ]
        ]
    ], 
    "tool_contact_area_index": [
        1124, 
        1127, 
        1380, 
        1386, 
        1638, 
        1639, 
        1640, 
        1641, 
        1642, 
        1643, 
        1644, 
        1647, 
        1649, 
        1650, 
        1651, 
        1652, 
        1653, 
        1654, 
        1661, 
        1663, 
        1942, 
        1944, 
        1945, 
        1946, 
        1947, 
        1948, 
        1949, 
        1950, 
        1951, 
        1952, 
        1953, 
        1954, 
        1955, 
        1956, 
        1957, 
        1958, 
        1959, 
        1962, 
        1965, 
        1966, 
        1967, 
        1968, 
        1969, 
        1970, 
        1971, 
        1973, 
        1974, 
        1975, 
        1976, 
        1978, 
        2310, 
        2311, 
        2312, 
        2313, 
        2314, 
        2315, 
        2316, 
        2317, 
        2318, 
        2319, 
        2320, 
        2321, 
        2322, 
        2323, 
        2324, 
        2325, 
        2326, 
        2327, 
        2328, 
        2329, 
        2673, 
        2674, 
        2675, 
        2676, 
        2677, 
        2678, 
        2680, 
        2683, 
        2684, 
        2685, 
        2686, 
        2688, 
        2689, 
        2693, 
        2694, 
        2695, 
        2698, 
        3041, 
        3042, 
        3043, 
        3044
    ], 
    "v_start_world_frame": [
        -0.1873813071790177, 
        -0.9822872519087402, 
        2.36113841430019e-08
    ], 
    "Ttool_goal": [
        [
            0.19450576760262506, 
            0.9808490569916092, 
            0.0101308, 
            -0.2092664602462675
        ], 
        [
            0.9807613306862645, 
            -0.19429311262795823, 
            -0.01890486999999988, 
            -0.004679547481028582
        ], 
        [
            -0.016574475656371254, 
            0.013613010885706076, 
            -0.99976996, 
            0.0516771930018591
        ], 
        [
            0.0, 
            0.0, 
            0.0, 
            1.0
        ]
    ], 
    "tool_trajectory_world_frame": [
        [
            [
                0.19450576760262506, 
                0.9807613306862645, 
                -0.016574475656371254, 
                0.05551864154261486
            ], 
            [
                0.9808490569916092, 
                -0.19429311262795823, 
                0.013613010885706076, 
                0.2527604871155213
            ], 
            [
                0.0101308, 
                -0.01890486999999988, 
                -0.99976996, 
                0.1536968773213752
            ], 
            [
                0.0, 
                0.0, 
                0.0, 
                1.0
            ]
        ], 
        [
            [
                0.19450576760262506, 
                0.9807613306862645, 
                -0.016574475656371254, 
                0.05551864154261486
            ], 
            [
                0.9808490569916092, 
                -0.19429311262795823, 
                0.013613010885706076, 
                0.2527604871155213
            ], 
            [
                0.0101308, 
                -0.01890486999999988, 
                -0.99976996, 
                0.0536968773213752
            ], 
            [
                0.0, 
                0.0, 
                0.0, 
                1.0
            ]
        ], 
        [
            [
                0.19450576760262506, 
                0.9807613306862645, 
                -0.016574475656371254, 
                0.001178060312754801
            ], 
            [
                0.9808490569916092, 
                -0.19429311262795823, 
                0.013613010885706076, 
                -0.03210281559579845
            ], 
            [
                0.0101308, 
                -0.01890486999999988, 
                -0.99976996, 
                0.0536968773213752
            ], 
            [
                0.0, 
                0.0, 
                0.0, 
                1.0
            ]
        ], 
        [
            [
                0.19450576760262506, 
                0.9807613306862645, 
                -0.016574475656371254, 
                0.001178060312754801
            ], 
            [
                0.9808490569916092, 
                -0.19429311262795823, 
                0.013613010885706076, 
                -0.03210281559579845
            ], 
            [
                0.0101308, 
                -0.01890486999999988, 
                -0.99976996, 
                0.1536968773213752
            ], 
            [
                0.0, 
                0.0, 
                0.0, 
                1.0
            ]
        ]
    ], 
    "goal_contact_area_index": [
        1202, 
        1439, 
        1440, 
        1441, 
        1442, 
        1444, 
        1449, 
        1450, 
        1451, 
        1455, 
        1456, 
        1672, 
        1673, 
        1679, 
        1680, 
        1681, 
        1682, 
        1683, 
        1684, 
        1685, 
        1686, 
        1687, 
        1688, 
        2014, 
        2015, 
        2016, 
        2017, 
        2271, 
        2272, 
        2277, 
        2278, 
        2279, 
        2280, 
        2281, 
        2282, 
        2283, 
        2284, 
        2578, 
        2581, 
        2586, 
        2588, 
        2589, 
        2590, 
        2591, 
        2592, 
        2593, 
        2597, 
        2598, 
        2599, 
        2860, 
        2868
    ], 
    "changing_point": [
        1, 
        -2
    ], 
    "tool_trajectory_goal_frame": [
        [
            [
                0.19450576760262506, 
                0.9807613306862645, 
                -0.016574475656371254, 
                0.05551864154261486
            ], 
            [
                0.9808490569916092, 
                -0.19429311262795823, 
                0.013613010885706076, 
                0.2527604871155213
            ], 
            [
                0.0101308, 
                -0.01890486999999988, 
                -0.99976996, 
                0.1536968773213752
            ], 
            [
                0.0, 
                0.0, 
                0.0, 
                1.0
            ]
        ], 
        [
            [
                0.19450576760262506, 
                0.9807613306862645, 
                -0.016574475656371254, 
                0.05551864154261486
            ], 
            [
                0.9808490569916092, 
                -0.19429311262795823, 
                0.013613010885706076, 
                0.2527604871155213
            ], 
            [
                0.0101308, 
                -0.01890486999999988, 
                -0.99976996, 
                0.0536968773213752
            ], 
            [
                0.0, 
                0.0, 
                0.0, 
                1.0
            ]
        ], 
        [
            [
                0.19450576760262506, 
                0.9807613306862645, 
                -0.016574475656371254, 
                0.001178060312754801
            ], 
            [
                0.9808490569916092, 
                -0.19429311262795823, 
                0.013613010885706076, 
                -0.03210281559579845
            ], 
            [
                0.0101308, 
                -0.01890486999999988, 
                -0.99976996, 
                0.0536968773213752
            ], 
            [
                0.0, 
                0.0, 
                0.0, 
                1.0
            ]
        ], 
        [
            [
                0.19450576760262506, 
                0.9807613306862645, 
                -0.016574475656371254, 
                0.001178060312754801
            ], 
            [
                0.9808490569916092, 
                -0.19429311262795823, 
                0.013613010885706076, 
                -0.03210281559579845
            ], 
            [
                0.0101308, 
                -0.01890486999999988, 
                -0.99976996, 
                0.1536968773213752
            ], 
            [
                0.0, 
                0.0, 
                0.0, 
                1.0
            ]
        ]
    ], 
    "Teffectivestart_unhoveringstart": [
        [
            0.9999999993406554, 
            -2.2979894815852945e-09, 
            8.269139801709289e-09, 
            -0.2399813448
        ], 
        [
            -2.2979894815852945e-09, 
            0.9999999954938696, 
            2.066313198012324e-09, 
            0.0016980719999999967
        ], 
        [
            8.269139801709289e-09, 
            2.066313198012324e-09, 
            1.0000000002270595, 
            -0.0024638735999999994
        ], 
        [
            0.0, 
            0.0, 
            0.0, 
            1.0
        ]
    ], 
    "raw sample file path": "learned_samples/ur/simulator/pointcloud/push/plunger/meiying_tool_target/raw/raw_sample_8.txt", 
    "trajectory_thetas": [
        0.239999999281353
    ], 
    "tool": "plunger", 
    "Tworld_goalend": [
        [
            1.0, 
            -2.3506446393833413e-18, 
            0.0, 
            -0.04497151550057385
        ], 
        [
            -2.3506446393833413e-18, 
            1.0, 
            0.0, 
            -0.2357489401748853
        ], 
        [
            0.0, 
            0.0, 
            1.0, 
            0.0
        ], 
        [
            0.0, 
            0.0, 
            0.0, 
            1.0
        ]
    ], 
    "Tworld_toolend": [
        [
            0.19450576760262506, 
            0.9807613306862645, 
            -0.016574475656371254, 
            0.001178060312754801
        ], 
        [
            0.9808490569916092, 
            -0.19429311262795823, 
            0.013613010885706076, 
            -0.03210281559579845
        ], 
        [
            0.0101308, 
            -0.01890486999999988, 
            -0.99976996, 
            0.0536968773213752
        ], 
        [
            0.0, 
            0.0, 
            0.0, 
            1.0
        ]
    ], 
    "hovering_start": [
        [
            0.19450576760262506, 
            0.9807613306862645, 
            -0.016574475656371254, 
            0.05551864154261486
        ], 
        [
            0.9808490569916092, 
            -0.19429311262795823, 
            0.013613010885706076, 
            0.2527604871155213
        ], 
        [
            0.0101308, 
            -0.01890486999999988, 
            -0.99976996, 
            0.1536968773213752
        ], 
        [
            0.0, 
            0.0, 
            0.0, 
            1.0
        ]
    ], 
    "v_start_tool_frame": [
        -0.9999222700357452, 
        0.007075304802401734, 
        -0.010266155488570641
    ], 
    "task": "push", 
    "unhovering_start": [
        [
            0.19450576760262506, 
            0.9807613306862645, 
            -0.016574475656371254, 
            0.001178060312754801
        ], 
        [
            0.9808490569916092, 
            -0.19429311262795823, 
            0.013613010885706076, 
            -0.03210281559579845
        ], 
        [
            0.0101308, 
            -0.01890486999999988, 
            -0.99976996, 
            0.0536968773213752
        ], 
        [
            0.0, 
            0.0, 
            0.0, 
            1.0
        ]
    ], 
    "Teffectivestart_hoveringend": [
        [
            0.9999999993406554, 
            -2.2979894815852945e-09, 
            8.269139801709289e-09, 
            0.049996113499999995
        ], 
        [
            -2.2979894815852945e-09, 
            0.9999999954938696, 
            2.066313198012324e-09, 
            -0.00035376500000000935
        ], 
        [
            8.269139801709289e-09, 
            2.066313198012324e-09, 
            1.0000000002270595, 
            0.0005133069999999976
        ], 
        [
            0.0, 
            0.0, 
            0.0, 
            1.0
        ]
    ], 
    "Tworld_toolstart": [
        [
            0.19450576760262506, 
            0.9807613306862645, 
            -0.016574475656371254, 
            0.04614957507558654
        ], 
        [
            0.9808490569916092, 
            -0.19429311262795823, 
            0.013613010885706076, 
            0.20364612415586714
        ], 
        [
            0.0101308, 
            -0.01890486999999988, 
            -0.99976996, 
            0.053696875599056164
        ], 
        [
            0.0, 
            0.0, 
            0.0, 
            1.0
        ]
    ], 
    "unhovering_end": [
        [
            0.19450576760262506, 
            0.9807613306862645, 
            -0.016574475656371254, 
            0.001178060312754801
        ], 
        [
            0.9808490569916092, 
            -0.19429311262795823, 
            0.013613010885706076, 
            -0.03210281559579845
        ], 
        [
            0.0101308, 
            -0.01890486999999988, 
            -0.99976996, 
            0.1536968773213752
        ], 
        [
            0.0, 
            0.0, 
            0.0, 
            1.0
        ]
    ], 
    "trajectory_screw_axes": [
        [
            -0.0, 
            -0.0, 
            -0.0, 
            0.9999222700357452, 
            -0.007075304802401734, 
            0.010266155488570641
        ]
    ]
}