{
    "Tworld_goalstart": [
        [
            0.9999999999999999, 
            9.214410955162547e-18, 
            0.0, 
            0.0
        ], 
        [
            9.214410955162547e-18, 
            0.9999999999999999, 
            0.0, 
            0.0
        ], 
        [
            0.0, 
            0.0, 
            1.0, 
            0.0
        ], 
        [
            0.0, 
            0.0, 
            0.0, 
            1.0
        ]
    ], 
    "Teffectivestart_hoveringstart": [
        [
            0.999999999340655, 
            -2.297989450956583e-09, 
            8.269139794770395e-09, 
            0.05100919349999991
        ], 
        [
            -2.297989450956583e-09, 
            0.9999999954938692, 
            2.066313204951218e-09, 
            -0.0022442519999999818
        ], 
        [
            8.269139794770395e-09, 
            2.066313204951218e-09, 
            1.0000000002270595, 
            -0.099463689
        ], 
        [
            0.0, 
            0.0, 
            0.0, 
            1.0
        ]
    ], 
    "hovering_end": [
        [
            -0.3020809334876705, 
            0.9530491264702594, 
            -0.021082441745678072, 
            -0.0731169368848874
        ], 
        [
            0.9532284489330103, 
            0.3022250219926005, 
            0.003944357830887779, 
            0.248242012854763
        ], 
        [
            0.0101308, 
            -0.01890486999999988, 
            -0.99976996, 
            0.0536968773213752
        ], 
        [
            0.0, 
            0.0, 
            0.0, 
            1.0
        ]
    ], 
    "sample file path": "learned_samples/ur/simulator/pointcloud/push/plunger/meiying_tool_target/sample/sample_6.txt", 
    "v_start_goal_frame": [
        0.3090170022864664, 
        -0.9510565134840452, 
        2.6003493934501076e-08
    ], 
    "Teffectiveend_unhoveringend": [
        [
            0.999999999340655, 
            -2.297989450956583e-09, 
            8.269139794770395e-09, 
            0.0010130800000000065
        ], 
        [
            -2.297989450956583e-09, 
            0.9999999954938692, 
            2.066313204951218e-09, 
            -0.0018904869999999876
        ], 
        [
            8.269139794770395e-09, 
            2.066313204951218e-09, 
            1.0000000002270595, 
            -0.09997699600000001
        ], 
        [
            0.0, 
            0.0, 
            0.0, 
            1.0
        ]
    ], 
    "task_type": "pose_change", 
    "goal": "meiying_tool_target", 
    "trajectory": [
        [
            [
                0.999999999340655, 
                -2.297989450956583e-09, 
                8.269139794770395e-09, 
                0.0
            ], 
            [
                -2.297989450956583e-09, 
                0.9999999954938692, 
                2.066313204951218e-09, 
                -1.734723475976807e-18
            ], 
            [
                8.269139794770395e-09, 
                2.066313204951218e-09, 
                1.0000000002270595, 
                6.938893903907228e-18
            ], 
            [
                0.0, 
                0.0, 
                0.0, 
                1.0
            ]
        ], 
        [
            [
                0.999999999340655, 
                -2.297989450956583e-09, 
                8.269139794770395e-09, 
                -0.17998600802394168
            ], 
            [
                -2.297989450956583e-09, 
                0.9999999954938692, 
                2.066313204951218e-09, 
                0.0012735546087600308
            ], 
            [
                8.269139794770395e-09, 
                2.066313204951218e-09, 
                1.0000000002270595, 
                -0.001847906928389223
            ], 
            [
                0.0, 
                0.0, 
                0.0, 
                1.0
            ]
        ]
    ], 
    "tool_contact_area_index": [
        660, 
        662, 
        881, 
        1126, 
        1129, 
        1131, 
        1132, 
        1133, 
        1373, 
        1375, 
        1379, 
        1380, 
        1382, 
        1383, 
        1384, 
        1385, 
        1386, 
        1387, 
        1388, 
        1390, 
        1391, 
        1392, 
        1393, 
        1394, 
        1395, 
        1396, 
        1397, 
        1398, 
        1399, 
        1638, 
        1639, 
        1640, 
        1641, 
        1642, 
        1643, 
        1644, 
        1645, 
        1646, 
        1647, 
        1648, 
        1649, 
        1650, 
        1651, 
        1652, 
        1653, 
        1654, 
        1655, 
        1656, 
        1657, 
        1658, 
        1659, 
        1660, 
        1661, 
        1662, 
        1663, 
        1664, 
        1666, 
        1668, 
        1943, 
        1944, 
        1945, 
        1946, 
        1947, 
        1948, 
        1949, 
        1950, 
        1951, 
        1952, 
        1953, 
        1954, 
        1955, 
        1956, 
        1957, 
        1958, 
        1959, 
        1960, 
        1961, 
        1962, 
        1963, 
        1964, 
        1965, 
        1966, 
        1967, 
        1968, 
        1969, 
        1970, 
        1971, 
        1972, 
        1973, 
        1974, 
        1975, 
        1976, 
        1978, 
        2309, 
        2311, 
        2312, 
        2313, 
        2314, 
        2315, 
        2316, 
        2317, 
        2318, 
        2319, 
        2320, 
        2321, 
        2322, 
        2323, 
        2324, 
        2325, 
        2326, 
        2327, 
        2328, 
        2329, 
        2334, 
        2671, 
        2677, 
        2678, 
        2679, 
        2680, 
        2681, 
        2682, 
        2683, 
        2684, 
        2685, 
        2686, 
        2687, 
        2691, 
        2693, 
        2694, 
        2695, 
        2697, 
        3041, 
        3042, 
        3045
    ], 
    "v_start_world_frame": [
        0.30901700228646645, 
        -0.9510565134840453, 
        2.6003493934501076e-08
    ], 
    "Ttool_goal": [
        [
            -0.3020809334876705, 
            0.9532284489330103, 
            0.0101308, 
            -0.20926646024626747
        ], 
        [
            0.9530491264702594, 
            0.3022250219926005, 
            -0.01890486999999988, 
            -0.004679547481028584
        ], 
        [
            -0.021082441745678072, 
            0.003944357830887779, 
            -0.99976996, 
            0.0516771930018591
        ], 
        [
            0.0, 
            0.0, 
            0.0, 
            1.0
        ]
    ], 
    "tool_trajectory_world_frame": [
        [
            [
                -0.30208093348767057, 
                0.9530491264702595, 
                -0.021082441745678075, 
                -0.07311693688488742
            ], 
            [
                0.9532284489330104, 
                0.3022250219926005, 
                0.0039443578308877795, 
                0.24824201285476302
            ], 
            [
                0.0101308, 
                -0.01890486999999988, 
                -0.99976996, 
                0.1536968773213752
            ], 
            [
                0.0, 
                0.0, 
                0.0, 
                1.0
            ]
        ], 
        [
            [
                -0.30208093348767057, 
                0.9530491264702595, 
                -0.021082441745678075, 
                -0.07311693688488742
            ], 
            [
                0.9532284489330104, 
                0.3022250219926005, 
                0.0039443578308877795, 
                0.24824201285476302
            ], 
            [
                0.0101308, 
                -0.01890486999999988, 
                -0.99976996, 
                0.0536968773213752
            ], 
            [
                0.0, 
                0.0, 
                0.0, 
                1.0
            ]
        ], 
        [
            [
                -0.30208093348767057, 
                0.9530491264702595, 
                -0.021082441745678075, 
                -0.0020430281786495068
            ], 
            [
                0.9532284489330104, 
                0.3022250219926005, 
                0.0039443578308877795, 
                0.02949901410687774
            ], 
            [
                0.0101308, 
                -0.01890486999999988, 
                -0.99976996, 
                0.0536968773213752
            ], 
            [
                0.0, 
                0.0, 
                0.0, 
                1.0
            ]
        ], 
        [
            [
                -0.30208093348767057, 
                0.9530491264702595, 
                -0.021082441745678075, 
                -0.0020430281786495068
            ], 
            [
                0.9532284489330104, 
                0.3022250219926005, 
                0.0039443578308877795, 
                0.02949901410687774
            ], 
            [
                0.0101308, 
                -0.01890486999999988, 
                -0.99976996, 
                0.1536968773213752
            ], 
            [
                0.0, 
                0.0, 
                0.0, 
                1.0
            ]
        ]
    ], 
    "goal_contact_area_index": [
        1022, 
        1024, 
        1026, 
        1027, 
        1156, 
        1159, 
        1161, 
        1162, 
        1164, 
        1165, 
        1167, 
        1169, 
        1173, 
        1177, 
        1182, 
        1183, 
        1184, 
        1185, 
        1186, 
        1187, 
        1188, 
        1195, 
        1200, 
        1204, 
        1306, 
        1307, 
        1309, 
        1310, 
        1311, 
        1312, 
        1313, 
        1314, 
        1315, 
        1316, 
        1317, 
        1318, 
        1319, 
        1320, 
        1321, 
        1322, 
        1323, 
        1324, 
        1325, 
        1326, 
        1327, 
        1328, 
        1329, 
        1330, 
        1418, 
        1420, 
        1421, 
        1422, 
        1423, 
        1424, 
        1425, 
        1426, 
        1427, 
        1428, 
        1429, 
        1430, 
        1431, 
        1432, 
        1433, 
        1434, 
        1435, 
        1436, 
        1437, 
        1438, 
        1439, 
        1610, 
        1613, 
        1614, 
        1615, 
        1618, 
        1620, 
        1641, 
        1644, 
        1645, 
        1646, 
        1647, 
        1649, 
        1650, 
        1651, 
        1653, 
        1668, 
        1669, 
        1671, 
        1673, 
        1674, 
        1677
    ], 
    "changing_point": [
        1, 
        -2
    ], 
    "tool_trajectory_goal_frame": [
        [
            [
                -0.3020809334876705, 
                0.9530491264702594, 
                -0.021082441745678072, 
                -0.0731169368848874
            ], 
            [
                0.9532284489330103, 
                0.3022250219926005, 
                0.003944357830887779, 
                0.248242012854763
            ], 
            [
                0.0101308, 
                -0.01890486999999988, 
                -0.99976996, 
                0.1536968773213752
            ], 
            [
                0.0, 
                0.0, 
                0.0, 
                1.0
            ]
        ], 
        [
            [
                -0.3020809334876705, 
                0.9530491264702594, 
                -0.021082441745678072, 
                -0.0731169368848874
            ], 
            [
                0.9532284489330103, 
                0.3022250219926005, 
                0.003944357830887779, 
                0.248242012854763
            ], 
            [
                0.0101308, 
                -0.01890486999999988, 
                -0.99976996, 
                0.0536968773213752
            ], 
            [
                0.0, 
                0.0, 
                0.0, 
                1.0
            ]
        ], 
        [
            [
                -0.3020809334876705, 
                0.9530491264702594, 
                -0.021082441745678072, 
                -0.002043028178649506
            ], 
            [
                0.9532284489330103, 
                0.3022250219926005, 
                0.003944357830887779, 
                0.029499014106877736
            ], 
            [
                0.0101308, 
                -0.01890486999999988, 
                -0.99976996, 
                0.0536968773213752
            ], 
            [
                0.0, 
                0.0, 
                0.0, 
                1.0
            ]
        ], 
        [
            [
                -0.3020809334876705, 
                0.9530491264702594, 
                -0.021082441745678072, 
                -0.002043028178649506
            ], 
            [
                0.9532284489330103, 
                0.3022250219926005, 
                0.003944357830887779, 
                0.029499014106877736
            ], 
            [
                0.0101308, 
                -0.01890486999999988, 
                -0.99976996, 
                0.1536968773213752
            ], 
            [
                0.0, 
                0.0, 
                0.0, 
                1.0
            ]
        ]
    ], 
    "Teffectivestart_unhoveringstart": [
        [
            0.999999999340655, 
            -2.297989450956583e-09, 
            8.269139794770395e-09, 
            -0.17998600859999997
        ], 
        [
            -2.297989450956583e-09, 
            0.9999999954938692, 
            2.066313204951218e-09, 
            0.0012735539999999953
        ], 
        [
            8.269139794770395e-09, 
            2.066313204951218e-09, 
            1.0000000002270595, 
            -0.0018479051999999996
        ], 
        [
            0.0, 
            0.0, 
            0.0, 
            1.0
        ]
    ], 
    "raw sample file path": "learned_samples/ur/simulator/pointcloud/push/plunger/meiying_tool_target/raw/raw_sample_6.txt", 
    "trajectory_thetas": [
        0.17999999932252395
    ], 
    "tool": "plunger", 
    "Tworld_goalend": [
        [
            0.9999999999999999, 
            9.214410955162547e-18, 
            0.0, 
            0.05562305898749054
        ], 
        [
            9.214410955162547e-18, 
            0.9999999999999999, 
            0.0, 
            -0.17119017293312763
        ], 
        [
            0.0, 
            0.0, 
            1.0, 
            0.0
        ], 
        [
            0.0, 
            0.0, 
            0.0, 
            1.0
        ]
    ], 
    "Tworld_toolend": [
        [
            -0.30208093348767057, 
            0.9530491264702595, 
            -0.021082441745678075, 
            -0.0020430281786495068
        ], 
        [
            0.9532284489330104, 
            0.3022250219926005, 
            0.0039443578308877795, 
            0.02949901410687774
        ], 
        [
            0.0101308, 
            -0.01890486999999988, 
            -0.99976996, 
            0.0536968773213752
        ], 
        [
            0.0, 
            0.0, 
            0.0, 
            1.0
        ]
    ], 
    "hovering_start": [
        [
            -0.3020809334876705, 
            0.9530491264702594, 
            -0.021082441745678072, 
            -0.0731169368848874
        ], 
        [
            0.9532284489330103, 
            0.3022250219926005, 
            0.003944357830887779, 
            0.248242012854763
        ], 
        [
            0.0101308, 
            -0.01890486999999988, 
            -0.99976996, 
            0.1536968773213752
        ], 
        [
            0.0, 
            0.0, 
            0.0, 
            1.0
        ]
    ], 
    "v_start_tool_frame": [
        -0.9999222700049968, 
        0.007075305653345402, 
        -0.010266157897009943
    ], 
    "task": "push", 
    "unhovering_start": [
        [
            -0.3020809334876705, 
            0.9530491264702594, 
            -0.021082441745678072, 
            -0.002043028178649506
        ], 
        [
            0.9532284489330103, 
            0.3022250219926005, 
            0.003944357830887779, 
            0.029499014106877736
        ], 
        [
            0.0101308, 
            -0.01890486999999988, 
            -0.99976996, 
            0.0536968773213752
        ], 
        [
            0.0, 
            0.0, 
            0.0, 
            1.0
        ]
    ], 
    "Teffectivestart_hoveringend": [
        [
            0.999999999340655, 
            -2.297989450956583e-09, 
            8.269139794770395e-09, 
            0.04999611349999991
        ], 
        [
            -2.297989450956583e-09, 
            0.9999999954938692, 
            2.066313204951218e-09, 
            -0.00035376499999999374
        ], 
        [
            8.269139794770395e-09, 
            2.066313204951218e-09, 
            1.0000000002270595, 
            0.0005133069999999976
        ], 
        [
            0.0, 
            0.0, 
            0.0, 
            1.0
        ]
    ], 
    "Tworld_toolstart": [
        [
            -0.30208093348767046, 
            0.9530491264702593, 
            -0.02108244174567807, 
            -0.057666087608740715
        ], 
        [
            0.9532284489330102, 
            0.3022250219926005, 
            0.003944357830887778, 
            0.20068918631372507
        ], 
        [
            0.0101308, 
            -0.01890486999999988, 
            -0.99976996, 
            0.053696875599056164
        ], 
        [
            0.0, 
            0.0, 
            0.0, 
            1.0
        ]
    ], 
    "unhovering_end": [
        [
            -0.3020809334876705, 
            0.9530491264702594, 
            -0.021082441745678072, 
            -0.002043028178649506
        ], 
        [
            0.9532284489330103, 
            0.3022250219926005, 
            0.003944357830887779, 
            0.029499014106877736
        ], 
        [
            0.0101308, 
            -0.01890486999999988, 
            -0.99976996, 
            0.1536968773213752
        ], 
        [
            0.0, 
            0.0, 
            0.0, 
            1.0
        ]
    ], 
    "trajectory_screw_axes": [
        [
            -0.0, 
            -0.0, 
            -0.0, 
            0.9999222700049968, 
            -0.007075305653345402, 
            0.010266157897009943
        ]
    ]
}