{
    "Tworld_goalstart": [
        [
            1.0, 
            -2.074003326461664e-18, 
            0.0, 
            0.0
        ], 
        [
            -2.074003326461664e-18, 
            1.0, 
            0.0, 
            0.0
        ], 
        [
            0.0, 
            0.0, 
            1.0, 
            0.0
        ], 
        [
            0.0, 
            0.0, 
            0.0, 
            1.0
        ]
    ], 
    "Teffectivestart_hoveringstart": [
        [
            0.9999999993406554, 
            -2.297989497685697e-09, 
            8.269139801709289e-09, 
            0.051009193499999994
        ], 
        [
            -2.297989497685697e-09, 
            0.9999999954938695, 
            2.066313198012324e-09, 
            -0.0022442520000000043
        ], 
        [
            8.269139801709289e-09, 
            2.066313198012324e-09, 
            1.0000000002270595, 
            -0.099463689
        ], 
        [
            0.0, 
            0.0, 
            0.0, 
            1.0
        ]
    ], 
    "hovering_end": [
        [
            0.18022773126965844, 
            -0.9834128887164412, 
            0.020421841274213433, 
            0.041427413820980565
        ], 
        [
            -0.98357273808977, 
            -0.1803931586577971, 
            -0.0065555859866855614, 
            -0.2554485325652081
        ], 
        [
            0.0101308, 
            -0.01890486999999988, 
            -0.99976996, 
            0.0536968773213752
        ], 
        [
            0.0, 
            0.0, 
            0.0, 
            1.0
        ]
    ], 
    "sample file path": "learned_samples/ur/simulator/pointcloud/push/plunger/meiying_tool_target/sample/sample_19.txt", 
    "v_start_goal_frame": [
        -0.18738132037747135, 
        0.9822872493910008, 
        1.9456667138539885e-08
    ], 
    "Teffectiveend_unhoveringend": [
        [
            0.9999999993406554, 
            -2.297989497685697e-09, 
            8.269139801709289e-09, 
            0.0010130799999999995
        ], 
        [
            -2.297989497685697e-09, 
            0.9999999954938695, 
            2.066313198012324e-09, 
            -0.0018904869999999893
        ], 
        [
            8.269139801709289e-09, 
            2.066313198012324e-09, 
            1.0000000002270595, 
            -0.09997699600000001
        ], 
        [
            0.0, 
            0.0, 
            0.0, 
            1.0
        ]
    ], 
    "task_type": "pose_change", 
    "goal": "meiying_tool_target", 
    "trajectory": [
        [
            [
                0.9999999993406554, 
                -2.297989497685697e-09, 
                8.269139801709289e-09, 
                0.0
            ], 
            [
                -2.297989497685697e-09, 
                0.9999999954938695, 
                2.066313198012324e-09, 
                -2.6020852139652106e-18
            ], 
            [
                8.269139801709289e-09, 
                2.066313198012324e-09, 
                1.0000000002270595, 
                6.938893903907228e-18
            ], 
            [
                0.0, 
                0.0, 
                0.0, 
                1.0
            ]
        ], 
        [
            [
                0.9999999993406554, 
                -2.297989497685697e-09, 
                8.269139801709289e-09, 
                -0.5699556933239418
            ], 
            [
                -2.297989497685697e-09, 
                0.9999999954938695, 
                2.066313198012324e-09, 
                0.00403292160876003
            ], 
            [
                8.269139801709289e-09, 
                2.066313198012324e-09, 
                1.0000000002270595, 
                -0.005851701528389215
            ], 
            [
                0.0, 
                0.0, 
                0.0, 
                1.0
            ]
        ]
    ], 
    "tool_contact_area_index": [
        660, 
        879, 
        1132, 
        1133, 
        1377, 
        1393, 
        1394, 
        1395, 
        1396, 
        1398, 
        1641, 
        1642, 
        1650, 
        1651, 
        1652, 
        1653, 
        1654, 
        1655, 
        1656, 
        1657, 
        1658, 
        1659, 
        1660, 
        1661, 
        1662, 
        1663, 
        1664, 
        1665, 
        1666, 
        1942, 
        1943, 
        1944, 
        1945, 
        1946, 
        1947, 
        1948, 
        1949, 
        1950, 
        1951, 
        1952, 
        1953, 
        1954, 
        1955, 
        1956, 
        1957, 
        1958, 
        1959, 
        1960, 
        1961, 
        1962, 
        1963, 
        1964, 
        1965, 
        1966, 
        1967, 
        1968, 
        1969, 
        1970, 
        1971, 
        1972, 
        1973, 
        1974, 
        1975, 
        1976, 
        2307, 
        2308, 
        2309, 
        2310, 
        2311, 
        2312, 
        2313, 
        2314, 
        2315, 
        2316, 
        2317, 
        2318, 
        2319, 
        2320, 
        2321, 
        2322, 
        2323, 
        2324, 
        2325, 
        2326, 
        2327, 
        2328, 
        2329, 
        2331, 
        2661, 
        2671, 
        2672, 
        2673, 
        2674, 
        2675, 
        2676, 
        2677, 
        2678, 
        2681, 
        2682, 
        2683, 
        2684, 
        2685, 
        2693, 
        2694, 
        2695, 
        2697, 
        3041, 
        3042, 
        3043, 
        3044
    ], 
    "v_start_world_frame": [
        -0.18738132037747135, 
        0.9822872493910008, 
        1.9456667138539885e-08
    ], 
    "Ttool_goal": [
        [
            0.18022773126965844, 
            -0.98357273808977, 
            0.0101308, 
            -0.2092664602462675
        ], 
        [
            -0.9834128887164412, 
            -0.1803931586577971, 
            -0.01890486999999988, 
            -0.004679547481028593
        ], 
        [
            0.020421841274213433, 
            -0.0065555859866855614, 
            -0.99976996, 
            0.051677193001859106
        ], 
        [
            0.0, 
            0.0, 
            0.0, 
            1.0
        ]
    ], 
    "tool_trajectory_world_frame": [
        [
            [
                0.18022773126965844, 
                -0.9834128887164412, 
                0.020421841274213433, 
                0.041427413820980565
            ], 
            [
                -0.98357273808977, 
                -0.1803931586577971, 
                -0.0065555859866855614, 
                -0.2554485325652081
            ], 
            [
                0.0101308, 
                -0.01890486999999988, 
                -0.99976996, 
                0.1536968773213752
            ], 
            [
                0.0, 
                0.0, 
                0.0, 
                1.0
            ]
        ], 
        [
            [
                0.18022773126965844, 
                -0.9834128887164412, 
                0.020421841274213433, 
                0.041427413820980565
            ], 
            [
                -0.98357273808977, 
                -0.1803931586577971, 
                -0.0065555859866855614, 
                -0.2554485325652081
            ], 
            [
                0.0101308, 
                -0.01890486999999988, 
                -0.99976996, 
                0.0536968773213752
            ], 
            [
                0.0, 
                0.0, 
                0.0, 
                1.0
            ]
        ], 
        [
            [
                0.18022773126965844, 
                -0.9834128887164412, 
                0.020421841274213433, 
                -0.0747490012221687
            ], 
            [
                -0.98357273808977, 
                -0.1803931586577971, 
                -0.0065555859866855614, 
                0.35356956288657887
            ], 
            [
                0.0101308, 
                -0.01890486999999988, 
                -0.99976996, 
                0.0536968773213752
            ], 
            [
                0.0, 
                0.0, 
                0.0, 
                1.0
            ]
        ], 
        [
            [
                0.18022773126965844, 
                -0.9834128887164412, 
                0.020421841274213433, 
                -0.0747490012221687
            ], 
            [
                -0.98357273808977, 
                -0.1803931586577971, 
                -0.0065555859866855614, 
                0.35356956288657887
            ], 
            [
                0.0101308, 
                -0.01890486999999988, 
                -0.99976996, 
                0.1536968773213752
            ], 
            [
                0.0, 
                0.0, 
                0.0, 
                1.0
            ]
        ]
    ], 
    "goal_contact_area_index": [
        3306, 
        3330, 
        3336, 
        3615, 
        3621, 
        3631, 
        3632, 
        3633, 
        3634, 
        3638, 
        3640, 
        3641, 
        3642, 
        3896, 
        3899, 
        3900, 
        3901, 
        3902, 
        3903, 
        3904, 
        3905, 
        3906, 
        3907, 
        3908, 
        3909, 
        3910, 
        3911, 
        3912, 
        3913, 
        3914, 
        3915, 
        3916, 
        3918, 
        3924, 
        3930, 
        4102, 
        4103, 
        4104, 
        4105, 
        4106, 
        4107, 
        4108, 
        4109, 
        4110, 
        4111, 
        4112, 
        4113, 
        4114, 
        4115, 
        4116, 
        4117, 
        4118, 
        4119, 
        4120, 
        4121, 
        4122, 
        4123, 
        4124, 
        4125, 
        4126, 
        4127, 
        4128, 
        4129, 
        4130, 
        4132, 
        4134, 
        4135, 
        4136, 
        4137, 
        4138, 
        4139, 
        4140, 
        4311, 
        4316, 
        4318
    ], 
    "changing_point": [
        1, 
        -2
    ], 
    "tool_trajectory_goal_frame": [
        [
            [
                0.18022773126965844, 
                -0.9834128887164412, 
                0.020421841274213433, 
                0.041427413820980565
            ], 
            [
                -0.98357273808977, 
                -0.1803931586577971, 
                -0.0065555859866855614, 
                -0.2554485325652081
            ], 
            [
                0.0101308, 
                -0.01890486999999988, 
                -0.99976996, 
                0.1536968773213752
            ], 
            [
                0.0, 
                0.0, 
                0.0, 
                1.0
            ]
        ], 
        [
            [
                0.18022773126965844, 
                -0.9834128887164412, 
                0.020421841274213433, 
                0.041427413820980565
            ], 
            [
                -0.98357273808977, 
                -0.1803931586577971, 
                -0.0065555859866855614, 
                -0.2554485325652081
            ], 
            [
                0.0101308, 
                -0.01890486999999988, 
                -0.99976996, 
                0.0536968773213752
            ], 
            [
                0.0, 
                0.0, 
                0.0, 
                1.0
            ]
        ], 
        [
            [
                0.18022773126965844, 
                -0.9834128887164412, 
                0.020421841274213433, 
                -0.0747490012221687
            ], 
            [
                -0.98357273808977, 
                -0.1803931586577971, 
                -0.0065555859866855614, 
                0.35356956288657887
            ], 
            [
                0.0101308, 
                -0.01890486999999988, 
                -0.99976996, 
                0.0536968773213752
            ], 
            [
                0.0, 
                0.0, 
                0.0, 
                1.0
            ]
        ], 
        [
            [
                0.18022773126965844, 
                -0.9834128887164412, 
                0.020421841274213433, 
                -0.0747490012221687
            ], 
            [
                -0.98357273808977, 
                -0.1803931586577971, 
                -0.0065555859866855614, 
                0.35356956288657887
            ], 
            [
                0.0101308, 
                -0.01890486999999988, 
                -0.99976996, 
                0.1536968773213752
            ], 
            [
                0.0, 
                0.0, 
                0.0, 
                1.0
            ]
        ]
    ], 
    "Teffectivestart_unhoveringstart": [
        [
            0.9999999993406554, 
            -2.297989497685697e-09, 
            8.269139801709289e-09, 
            -0.5699556939
        ], 
        [
            -2.297989497685697e-09, 
            0.9999999954938695, 
            2.066313198012324e-09, 
            0.004032920999999993
        ], 
        [
            8.269139801709289e-09, 
            2.066313198012324e-09, 
            1.0000000002270595, 
            -0.005851699799999992
        ], 
        [
            0.0, 
            0.0, 
            0.0, 
            1.0
        ]
    ], 
    "raw sample file path": "learned_samples/ur/simulator/pointcloud/push/plunger/meiying_tool_target/raw/raw_sample_19.txt", 
    "trajectory_thetas": [
        0.5699999990549116
    ], 
    "tool": "plunger", 
    "Tworld_goalend": [
        [
            1.0, 
            -2.074003326461664e-18, 
            0.0, 
            -0.10680734931386303
        ], 
        [
            -2.074003326461664e-18, 
            1.0, 
            0.0, 
            0.5599037329153526
        ], 
        [
            0.0, 
            0.0, 
            1.0, 
            0.0
        ], 
        [
            0.0, 
            0.0, 
            0.0, 
            1.0
        ]
    ], 
    "Tworld_toolend": [
        [
            0.18022773126965844, 
            -0.9834128887164412, 
            0.020421841274213433, 
            -0.0747490012221687
        ], 
        [
            -0.98357273808977, 
            -0.1803931586577971, 
            -0.0065555859866855614, 
            0.35356956288657887
        ], 
        [
            0.0101308, 
            -0.01890486999999988, 
            -0.99976996, 
            0.0536968773213752
        ], 
        [
            0.0, 
            0.0, 
            0.0, 
            1.0
        ]
    ], 
    "hovering_start": [
        [
            0.18022773126965844, 
            -0.9834128887164412, 
            0.020421841274213433, 
            0.041427413820980565
        ], 
        [
            -0.98357273808977, 
            -0.1803931586577971, 
            -0.0065555859866855614, 
            -0.2554485325652081
        ], 
        [
            0.0101308, 
            -0.01890486999999988, 
            -0.99976996, 
            0.1536968773213752
        ], 
        [
            0.0, 
            0.0, 
            0.0, 
            1.0
        ]
    ], 
    "v_start_tool_frame": [
        -0.9999222700891505, 
        0.00707530332444684, 
        -0.010266151305491855
    ], 
    "task": "push", 
    "unhovering_start": [
        [
            0.18022773126965844, 
            -0.9834128887164412, 
            0.020421841274213433, 
            -0.0747490012221687
        ], 
        [
            -0.98357273808977, 
            -0.1803931586577971, 
            -0.0065555859866855614, 
            0.35356956288657887
        ], 
        [
            0.0101308, 
            -0.01890486999999988, 
            -0.99976996, 
            0.0536968773213752
        ], 
        [
            0.0, 
            0.0, 
            0.0, 
            1.0
        ]
    ], 
    "Teffectivestart_hoveringend": [
        [
            0.9999999993406554, 
            -2.297989497685697e-09, 
            8.269139801709289e-09, 
            0.049996113499999995
        ], 
        [
            -2.297989497685697e-09, 
            0.9999999954938695, 
            2.066313198012324e-09, 
            -0.0003537650000000163
        ], 
        [
            8.269139801709289e-09, 
            2.066313198012324e-09, 
            1.0000000002270595, 
            0.0005133070000000045
        ], 
        [
            0.0, 
            0.0, 
            0.0, 
            1.0
        ]
    ], 
    "Tworld_toolstart": [
        [
            0.18022773126965844, 
            -0.9834128887164412, 
            0.020421841274213433, 
            0.032058348621832024
        ], 
        [
            -0.98357273808977, 
            -0.1803931586577971, 
            -0.0065555859866855614, 
            -0.20633416936369298
        ], 
        [
            0.0101308, 
            -0.01890486999999988, 
            -0.99976996, 
            0.05369687559905617
        ], 
        [
            0.0, 
            0.0, 
            0.0, 
            1.0
        ]
    ], 
    "unhovering_end": [
        [
            0.18022773126965844, 
            -0.9834128887164412, 
            0.020421841274213433, 
            -0.0747490012221687
        ], 
        [
            -0.98357273808977, 
            -0.1803931586577971, 
            -0.0065555859866855614, 
            0.35356956288657887
        ], 
        [
            0.0101308, 
            -0.01890486999999988, 
            -0.99976996, 
            0.1536968773213752
        ], 
        [
            0.0, 
            0.0, 
            0.0, 
            1.0
        ]
    ], 
    "trajectory_screw_axes": [
        [
            -0.0, 
            -0.0, 
            -0.0, 
            0.9999222700891505, 
            -0.00707530332444684, 
            0.010266151305491855
        ]
    ]
}