{
    "Tworld_goalstart": [
        [
            0.9999999999999999, 
            9.381188111297005e-18, 
            0.0, 
            0.0
        ], 
        [
            9.381188111297005e-18, 
            0.9999999999999999, 
            0.0, 
            0.0
        ], 
        [
            0.0, 
            0.0, 
            1.0, 
            0.0
        ], 
        [
            0.0, 
            0.0, 
            0.0, 
            1.0
        ]
    ], 
    "Teffectivestart_hoveringstart": [
        [
            0.999999999340655, 
            -2.297989549754506e-09, 
            8.269139798239842e-09, 
            0.05100919349999988
        ], 
        [
            -2.297989549754506e-09, 
            0.9999999954938693, 
            2.066313204951218e-09, 
            -0.0022442520000000156
        ], 
        [
            8.269139798239842e-09, 
            2.066313204951218e-09, 
            1.0000000002270595, 
            -0.099463689
        ], 
        [
            0.0, 
            0.0, 
            0.0, 
            1.0
        ]
    ], 
    "hovering_end": [
        [
            0.4191701389301796, 
            -0.9076552101756897, 
            0.02141055951677313, 
            0.1036533621761787
        ], 
        [
            -0.907851177705503, 
            -0.4192906161901037, 
            -0.0012709247958517366, 
            -0.23712056830900785
        ], 
        [
            0.0101308, 
            -0.01890486999999988, 
            -0.99976996, 
            0.0536968773213752
        ], 
        [
            0.0, 
            0.0, 
            0.0, 
            1.0
        ]
    ], 
    "sample file path": "learned_samples/ur/simulator/pointcloud/push/plunger/meiying_tool_target/sample/sample_18.txt", 
    "v_start_goal_frame": [
        -0.42577929689910693, 
        0.9048270497032259, 
        1.9624534495707446e-08
    ], 
    "Teffectiveend_unhoveringend": [
        [
            0.999999999340655, 
            -2.297989549754506e-09, 
            8.269139798239842e-09, 
            0.0010130799999999995
        ], 
        [
            -2.297989549754506e-09, 
            0.9999999954938693, 
            2.066313204951218e-09, 
            -0.0018904869999999824
        ], 
        [
            8.269139798239842e-09, 
            2.066313204951218e-09, 
            1.0000000002270595, 
            -0.09997699600000001
        ], 
        [
            0.0, 
            0.0, 
            0.0, 
            1.0
        ]
    ], 
    "task_type": "pose_change", 
    "goal": "meiying_tool_target", 
    "trajectory": [
        [
            [
                0.999999999340655, 
                -2.297989549754506e-09, 
                8.269139798239842e-09, 
                0.0
            ], 
            [
                -2.297989549754506e-09, 
                0.9999999954938693, 
                2.066313204951218e-09, 
                -6.938893903907228e-18
            ], 
            [
                8.269139798239842e-09, 
                2.066313204951218e-09, 
                1.0000000002270595, 
                6.938893903907228e-18
            ], 
            [
                0.0, 
                0.0, 
                0.0, 
                1.0
            ]
        ], 
        [
            [
                0.999999999340655, 
                -2.297989549754506e-09, 
                8.269139798239842e-09, 
                -0.5399580252239415
            ], 
            [
                -2.297989549754506e-09, 
                0.9999999954938693, 
                2.066313204951218e-09, 
                0.003820662608760038
            ], 
            [
                8.269139798239842e-09, 
                2.066313204951218e-09, 
                1.0000000002270595, 
                -0.005543717328389215
            ], 
            [
                0.0, 
                0.0, 
                0.0, 
                1.0
            ]
        ]
    ], 
    "tool_contact_area_index": [
        879, 
        1129, 
        1130, 
        1132, 
        1133, 
        1374, 
        1378, 
        1379, 
        1381, 
        1382, 
        1384, 
        1385, 
        1386, 
        1387, 
        1388, 
        1389, 
        1390, 
        1391, 
        1392, 
        1393, 
        1394, 
        1395, 
        1396, 
        1397, 
        1398, 
        1399, 
        1638, 
        1639, 
        1640, 
        1641, 
        1642, 
        1643, 
        1644, 
        1645, 
        1646, 
        1647, 
        1648, 
        1649, 
        1650, 
        1651, 
        1652, 
        1653, 
        1654, 
        1655, 
        1656, 
        1657, 
        1658, 
        1659, 
        1660, 
        1661, 
        1662, 
        1663, 
        1664, 
        1665, 
        1666, 
        1942, 
        1943, 
        1944, 
        1945, 
        1946, 
        1947, 
        1948, 
        1949, 
        1950, 
        1951, 
        1952, 
        1953, 
        1954, 
        1955, 
        1956, 
        1957, 
        1958, 
        1959, 
        1960, 
        1961, 
        1962, 
        1963, 
        1964, 
        1965, 
        1966, 
        1967, 
        1968, 
        1969, 
        1970, 
        1971, 
        1972, 
        1973, 
        1974, 
        1975, 
        1976, 
        1978, 
        2307, 
        2308, 
        2309, 
        2310, 
        2311, 
        2312, 
        2313, 
        2314, 
        2315, 
        2316, 
        2317, 
        2318, 
        2319, 
        2320, 
        2321, 
        2322, 
        2323, 
        2324, 
        2325, 
        2326, 
        2327, 
        2328, 
        2329, 
        2331, 
        2333, 
        2335, 
        2661, 
        2662, 
        2671, 
        2672, 
        2673, 
        2674, 
        2675, 
        2676, 
        2677, 
        2678, 
        2680, 
        2682, 
        2683, 
        2684, 
        2685, 
        2686, 
        2688, 
        2692, 
        2693, 
        2694, 
        2695, 
        2696, 
        2698, 
        3039, 
        3041, 
        3042, 
        3043
    ], 
    "v_start_world_frame": [
        -0.425779296899107, 
        0.904827049703226, 
        1.9624534495707446e-08
    ], 
    "Ttool_goal": [
        [
            0.4191701389301796, 
            -0.907851177705503, 
            0.0101308, 
            -0.2092664602462675
        ], 
        [
            -0.9076552101756897, 
            -0.4192906161901037, 
            -0.01890486999999988, 
            -0.004679547481028608
        ], 
        [
            0.02141055951677313, 
            -0.0012709247958517366, 
            -0.99976996, 
            0.051677193001859106
        ], 
        [
            0.0, 
            0.0, 
            0.0, 
            1.0
        ]
    ], 
    "tool_trajectory_world_frame": [
        [
            [
                0.4191701389301797, 
                -0.9076552101756898, 
                0.021410559516773134, 
                0.10365336217617871
            ], 
            [
                -0.9078511777055032, 
                -0.41929061619010377, 
                -0.001270924795851737, 
                -0.23712056830900788
            ], 
            [
                0.0101308, 
                -0.01890486999999988, 
                -0.99976996, 
                0.1536968773213752
            ], 
            [
                0.0, 
                0.0, 
                0.0, 
                1.0
            ]
        ], 
        [
            [
                0.4191701389301797, 
                -0.9076552101756898, 
                0.021410559516773134, 
                0.10365336217617871
            ], 
            [
                -0.9078511777055032, 
                -0.41929061619010377, 
                -0.001270924795851737, 
                -0.23712056830900788
            ], 
            [
                0.0101308, 
                -0.01890486999999988, 
                -0.99976996, 
                0.0536968773213752
            ], 
            [
                0.0, 
                0.0, 
                0.0, 
                1.0
            ]
        ], 
        [
            [
                0.4191701389301797, 
                -0.9076552101756898, 
                0.021410559516773134, 
                -0.14755641984721435
            ], 
            [
                -0.9078511777055032, 
                -0.41929061619010377, 
                -0.001270924795851737, 
                0.29672739264594356
            ], 
            [
                0.0101308, 
                -0.01890486999999988, 
                -0.99976996, 
                0.0536968773213752
            ], 
            [
                0.0, 
                0.0, 
                0.0, 
                1.0
            ]
        ], 
        [
            [
                0.4191701389301797, 
                -0.9076552101756898, 
                0.021410559516773134, 
                -0.14755641984721435
            ], 
            [
                -0.9078511777055032, 
                -0.41929061619010377, 
                -0.001270924795851737, 
                0.29672739264594356
            ], 
            [
                0.0101308, 
                -0.01890486999999988, 
                -0.99976996, 
                0.1536968773213752
            ], 
            [
                0.0, 
                0.0, 
                0.0, 
                1.0
            ]
        ]
    ], 
    "goal_contact_area_index": [
        2940, 
        2941, 
        2948, 
        2953, 
        3293, 
        3294, 
        3295, 
        3298, 
        3299, 
        3300, 
        3301, 
        3302, 
        3303, 
        3304, 
        3307, 
        3309, 
        3311, 
        3312, 
        3313, 
        3314, 
        3318, 
        3321, 
        3323, 
        3327, 
        3332, 
        3336, 
        3595, 
        3596, 
        3598, 
        3599, 
        3601, 
        3602, 
        3603, 
        3605, 
        3606, 
        3607, 
        3608, 
        3609, 
        3610, 
        3611, 
        3612, 
        3613, 
        3614, 
        3616, 
        3617, 
        3618, 
        3619, 
        3620, 
        3621, 
        3622, 
        3623, 
        3624, 
        3625, 
        3626, 
        3627, 
        3628, 
        3629, 
        3630, 
        3631, 
        3632, 
        3634, 
        3639, 
        3640, 
        3872, 
        3879, 
        3881, 
        3895, 
        3899, 
        3900, 
        3901, 
        3902, 
        3903, 
        3904, 
        3905, 
        3906, 
        3907, 
        3908, 
        3909, 
        3910, 
        3913, 
        3914, 
        3915, 
        3916, 
        3917, 
        3918, 
        3924, 
        4103, 
        4104, 
        4106, 
        4107, 
        4128
    ], 
    "changing_point": [
        1, 
        -2
    ], 
    "tool_trajectory_goal_frame": [
        [
            [
                0.4191701389301796, 
                -0.9076552101756897, 
                0.02141055951677313, 
                0.1036533621761787
            ], 
            [
                -0.907851177705503, 
                -0.4192906161901037, 
                -0.0012709247958517366, 
                -0.23712056830900785
            ], 
            [
                0.0101308, 
                -0.01890486999999988, 
                -0.99976996, 
                0.1536968773213752
            ], 
            [
                0.0, 
                0.0, 
                0.0, 
                1.0
            ]
        ], 
        [
            [
                0.4191701389301796, 
                -0.9076552101756897, 
                0.02141055951677313, 
                0.1036533621761787
            ], 
            [
                -0.907851177705503, 
                -0.4192906161901037, 
                -0.0012709247958517366, 
                -0.23712056830900785
            ], 
            [
                0.0101308, 
                -0.01890486999999988, 
                -0.99976996, 
                0.0536968773213752
            ], 
            [
                0.0, 
                0.0, 
                0.0, 
                1.0
            ]
        ], 
        [
            [
                0.4191701389301796, 
                -0.9076552101756897, 
                0.02141055951677313, 
                -0.14755641984721432
            ], 
            [
                -0.907851177705503, 
                -0.4192906161901037, 
                -0.0012709247958517366, 
                0.2967273926459435
            ], 
            [
                0.0101308, 
                -0.01890486999999988, 
                -0.99976996, 
                0.0536968773213752
            ], 
            [
                0.0, 
                0.0, 
                0.0, 
                1.0
            ]
        ], 
        [
            [
                0.4191701389301796, 
                -0.9076552101756897, 
                0.02141055951677313, 
                -0.14755641984721432
            ], 
            [
                -0.907851177705503, 
                -0.4192906161901037, 
                -0.0012709247958517366, 
                0.2967273926459435
            ], 
            [
                0.0101308, 
                -0.01890486999999988, 
                -0.99976996, 
                0.1536968773213752
            ], 
            [
                0.0, 
                0.0, 
                0.0, 
                1.0
            ]
        ]
    ], 
    "Teffectivestart_unhoveringstart": [
        [
            0.999999999340655, 
            -2.297989549754506e-09, 
            8.269139798239842e-09, 
            -0.5399580257999999
        ], 
        [
            -2.297989549754506e-09, 
            0.9999999954938693, 
            2.066313204951218e-09, 
            0.003820661999999993
        ], 
        [
            8.269139798239842e-09, 
            2.066313204951218e-09, 
            1.0000000002270595, 
            -0.005543715599999992
        ], 
        [
            0.0, 
            0.0, 
            0.0, 
            1.0
        ]
    ], 
    "raw sample file path": "learned_samples/ur/simulator/pointcloud/push/plunger/meiying_tool_target/raw/raw_sample_18.txt", 
    "trajectory_thetas": [
        0.5399999990754966
    ], 
    "tool": "plunger", 
    "Tworld_goalend": [
        [
            0.9999999999999999, 
            9.381188111297005e-18, 
            0.0, 
            -0.2299208174451394
        ], 
        [
            9.381188111297005e-18, 
            0.9999999999999999, 
            0.0, 
            0.4886066083316505
        ], 
        [
            0.0, 
            0.0, 
            1.0, 
            0.0
        ], 
        [
            0.0, 
            0.0, 
            0.0, 
            1.0
        ]
    ], 
    "Tworld_toolend": [
        [
            0.4191701389301797, 
            -0.9076552101756898, 
            0.021410559516773134, 
            -0.14755641984721435
        ], 
        [
            -0.9078511777055032, 
            -0.41929061619010377, 
            -0.001270924795851737, 
            0.29672739264594356
        ], 
        [
            0.0101308, 
            -0.01890486999999988, 
            -0.99976996, 
            0.0536968773213752
        ], 
        [
            0.0, 
            0.0, 
            0.0, 
            1.0
        ]
    ], 
    "hovering_start": [
        [
            0.4191701389301796, 
            -0.9076552101756897, 
            0.02141055951677313, 
            0.1036533621761787
        ], 
        [
            -0.907851177705503, 
            -0.4192906161901037, 
            -0.0012709247958517366, 
            -0.23712056830900785
        ], 
        [
            0.0101308, 
            -0.01890486999999988, 
            -0.99976996, 
            0.1536968773213752
        ], 
        [
            0.0, 
            0.0, 
            0.0, 
            1.0
        ]
    ], 
    "v_start_tool_frame": [
        -0.9999222700869927, 
        0.007075303384162269, 
        -0.010266151474505146
    ], 
    "task": "push", 
    "unhovering_start": [
        [
            0.4191701389301796, 
            -0.9076552101756897, 
            0.02141055951677313, 
            -0.14755641984721432
        ], 
        [
            -0.907851177705503, 
            -0.4192906161901037, 
            -0.0012709247958517366, 
            0.2967273926459435
        ], 
        [
            0.0101308, 
            -0.01890486999999988, 
            -0.99976996, 
            0.0536968773213752
        ], 
        [
            0.0, 
            0.0, 
            0.0, 
            1.0
        ]
    ], 
    "Teffectivestart_hoveringend": [
        [
            0.999999999340655, 
            -2.297989549754506e-09, 
            8.269139798239842e-09, 
            0.049996113499999884
        ], 
        [
            -2.297989549754506e-09, 
            0.9999999954938693, 
            2.066313204951218e-09, 
            -0.00035376500000002756
        ], 
        [
            8.269139798239842e-09, 
            2.066313204951218e-09, 
            1.0000000002270595, 
            0.0005133070000000045
        ], 
        [
            0.0, 
            0.0, 
            0.0, 
            1.0
        ]
    ], 
    "Tworld_toolstart": [
        [
            0.41917013893017957, 
            -0.9076552101756896, 
            0.021410559516773127, 
            0.08236439794600862
        ], 
        [
            -0.9078511777055029, 
            -0.41929061619010366, 
            -0.0012709247958517362, 
            -0.191879214909681
        ], 
        [
            0.0101308, 
            -0.01890486999999988, 
            -0.99976996, 
            0.05369687559905617
        ], 
        [
            0.0, 
            0.0, 
            0.0, 
            1.0
        ]
    ], 
    "unhovering_end": [
        [
            0.4191701389301796, 
            -0.9076552101756897, 
            0.02141055951677313, 
            -0.14755641984721432
        ], 
        [
            -0.907851177705503, 
            -0.4192906161901037, 
            -0.0012709247958517366, 
            0.2967273926459435
        ], 
        [
            0.0101308, 
            -0.01890486999999988, 
            -0.99976996, 
            0.1536968773213752
        ], 
        [
            0.0, 
            0.0, 
            0.0, 
            1.0
        ]
    ], 
    "trajectory_screw_axes": [
        [
            -0.0, 
            -0.0, 
            -0.0, 
            0.9999222700869927, 
            -0.007075303384162269, 
            0.010266151474505146
        ]
    ]
}