{
    "Tworld_goalstart": [
        [
            1.0, 
            -1.741317725643327e-17, 
            0.0, 
            0.0
        ], 
        [
            -1.741317725643327e-17, 
            1.0, 
            0.0, 
            0.0
        ], 
        [
            0.0, 
            0.0, 
            1.0, 
            0.0
        ], 
        [
            0.0, 
            0.0, 
            0.0, 
            1.0
        ]
    ], 
    "Teffectivestart_hoveringstart": [
        [
            0.9999999993406553, 
            -2.2979895420837758e-09, 
            8.269139799974565e-09, 
            0.051009193499999994
        ], 
        [
            -2.2979895420837758e-09, 
            0.9999999954938695, 
            2.066313198012324e-09, 
            -0.002244251999999994
        ], 
        [
            8.269139799974565e-09, 
            2.066313198012324e-09, 
            1.0000000002270595, 
            -0.099463689
        ], 
        [
            0.0, 
            0.0, 
            0.0, 
            1.0
        ]
    ], 
    "hovering_end": [
        [
            0.64297434040215, 
            0.7658462847479051, 
            -0.007966205726126985, 
            0.1704196497863958
        ], 
        [
            0.7658207125799324, 
            -0.6427457269573897, 
            0.019913986918420355, 
            0.1947493937661814
        ], 
        [
            0.0101308, 
            -0.01890486999999988, 
            -0.99976996, 
            0.0536968773213752
        ], 
        [
            0.0, 
            0.0, 
            0.0, 
            1.0
        ]
    ], 
    "sample file path": "learned_samples/ur/simulator/pointcloud/push/plunger/meiying_tool_target/sample/sample_10.txt", 
    "v_start_goal_frame": [
        -0.637423984241026, 
        -0.7705132470352721, 
        2.217611826463295e-08
    ], 
    "Teffectiveend_unhoveringend": [
        [
            0.9999999993406553, 
            -2.2979895420837758e-09, 
            8.269139799974565e-09, 
            0.0010130799999999995
        ], 
        [
            -2.2979895420837758e-09, 
            0.9999999954938695, 
            2.066313198012324e-09, 
            -0.001890486999999992
        ], 
        [
            8.269139799974565e-09, 
            2.066313198012324e-09, 
            1.0000000002270595, 
            -0.09997699600000001
        ], 
        [
            0.0, 
            0.0, 
            0.0, 
            1.0
        ]
    ], 
    "task_type": "pose_change", 
    "goal": "meiying_tool_target", 
    "trajectory": [
        [
            [
                0.9999999993406553, 
                -2.2979895420837758e-09, 
                8.269139799974565e-09, 
                0.0
            ], 
            [
                -2.2979895420837758e-09, 
                0.9999999954938695, 
                2.066313198012324e-09, 
                2.6020852139652106e-18
            ], 
            [
                8.269139799974565e-09, 
                2.066313198012324e-09, 
                1.0000000002270595, 
                6.938893903907228e-18
            ], 
            [
                0.0, 
                0.0, 
                0.0, 
                1.0
            ]
        ], 
        [
            [
                0.9999999993406553, 
                -2.2979895420837758e-09, 
                8.269139799974565e-09, 
                -0.29997668042394177
            ], 
            [
                -2.2979895420837758e-09, 
                0.9999999954938695, 
                2.066313198012324e-09, 
                0.002122590608760061
            ], 
            [
                8.269139799974565e-09, 
                2.066313198012324e-09, 
                1.0000000002270595, 
                -0.0030798437283892227
            ], 
            [
                0.0, 
                0.0, 
                0.0, 
                1.0
            ]
        ]
    ], 
    "tool_contact_area_index": [
        661, 
        662, 
        1130, 
        1373, 
        1380, 
        1381, 
        1382, 
        1383, 
        1384, 
        1385, 
        1386, 
        1387, 
        1388, 
        1390, 
        1391, 
        1392, 
        1393, 
        1394, 
        1395, 
        1638, 
        1639, 
        1640, 
        1641, 
        1642, 
        1643, 
        1644, 
        1645, 
        1646, 
        1647, 
        1648, 
        1649, 
        1650, 
        1651, 
        1652, 
        1653, 
        1654, 
        1656, 
        1942, 
        1943, 
        1944, 
        1946, 
        1947, 
        1948, 
        1949, 
        1950, 
        1951, 
        1952, 
        1953, 
        1954, 
        1955, 
        1956, 
        1957, 
        1958, 
        1959, 
        1960, 
        1961, 
        1962, 
        1963, 
        1964, 
        1966, 
        1967, 
        1968, 
        1969, 
        2307, 
        2308, 
        2316, 
        2317, 
        2318, 
        2319, 
        2320, 
        2321, 
        2322, 
        2323, 
        2324, 
        2325, 
        2671, 
        2681, 
        2683, 
        2685, 
        2686, 
        2687, 
        2688, 
        2693, 
        2694
    ], 
    "v_start_world_frame": [
        -0.637423984241026, 
        -0.7705132470352721, 
        2.217611826463295e-08
    ], 
    "Ttool_goal": [
        [
            0.64297434040215, 
            0.7658207125799324, 
            0.0101308, 
            -0.2092664602462675
        ], 
        [
            0.7658462847479051, 
            -0.6427457269573897, 
            -0.01890486999999988, 
            -0.004679547481028586
        ], 
        [
            -0.007966205726126985, 
            0.019913986918420355, 
            -0.99976996, 
            0.0516771930018591
        ], 
        [
            0.0, 
            0.0, 
            0.0, 
            1.0
        ]
    ], 
    "tool_trajectory_world_frame": [
        [
            [
                0.64297434040215, 
                0.7658462847479051, 
                -0.007966205726126985, 
                0.1704196497863958
            ], 
            [
                0.7658207125799324, 
                -0.6427457269573897, 
                0.019913986918420355, 
                0.1947493937661814
            ], 
            [
                0.0101308, 
                -0.01890486999999988, 
                -0.99976996, 
                0.1536968773213752
            ], 
            [
                0.0, 
                0.0, 
                0.0, 
                1.0
            ]
        ], 
        [
            [
                0.64297434040215, 
                0.7658462847479051, 
                -0.007966205726126985, 
                0.1704196497863958
            ], 
            [
                0.7658207125799324, 
                -0.6427457269573897, 
                0.019913986918420355, 
                0.1947493937661814
            ], 
            [
                0.0101308, 
                -0.01890486999999988, 
                -0.99976996, 
                0.0536968773213752
            ], 
            [
                0.0, 
                0.0, 
                0.0, 
                1.0
            ]
        ], 
        [
            [
                0.64297434040215, 
                0.7658462847479051, 
                -0.007966205726126985, 
                -0.05267874662564551
            ], 
            [
                0.7658207125799324, 
                -0.6427457269573897, 
                0.019913986918420355, 
                -0.07493024120534492
            ], 
            [
                0.0101308, 
                -0.01890486999999988, 
                -0.99976996, 
                0.0536968773213752
            ], 
            [
                0.0, 
                0.0, 
                0.0, 
                1.0
            ]
        ], 
        [
            [
                0.64297434040215, 
                0.7658462847479051, 
                -0.007966205726126985, 
                -0.05267874662564551
            ], 
            [
                0.7658207125799324, 
                -0.6427457269573897, 
                0.019913986918420355, 
                -0.07493024120534492
            ], 
            [
                0.0101308, 
                -0.01890486999999988, 
                -0.99976996, 
                0.1536968773213752
            ], 
            [
                0.0, 
                0.0, 
                0.0, 
                1.0
            ]
        ]
    ], 
    "goal_contact_area_index": [
        2595, 
        2598, 
        2855, 
        2856, 
        2861, 
        2862, 
        2865, 
        2868, 
        3108, 
        3109, 
        3110, 
        3111, 
        3112, 
        3114, 
        3115, 
        3116, 
        3118, 
        3119, 
        3120, 
        3121, 
        3122, 
        3123, 
        3476, 
        3480, 
        3482, 
        3483, 
        3484, 
        3485, 
        3486, 
        3490, 
        3491, 
        3492, 
        3496, 
        3497, 
        3498, 
        3499, 
        3501, 
        3502
    ], 
    "changing_point": [
        1, 
        -2
    ], 
    "tool_trajectory_goal_frame": [
        [
            [
                0.64297434040215, 
                0.7658462847479051, 
                -0.007966205726126985, 
                0.1704196497863958
            ], 
            [
                0.7658207125799324, 
                -0.6427457269573897, 
                0.019913986918420355, 
                0.1947493937661814
            ], 
            [
                0.0101308, 
                -0.01890486999999988, 
                -0.99976996, 
                0.1536968773213752
            ], 
            [
                0.0, 
                0.0, 
                0.0, 
                1.0
            ]
        ], 
        [
            [
                0.64297434040215, 
                0.7658462847479051, 
                -0.007966205726126985, 
                0.1704196497863958
            ], 
            [
                0.7658207125799324, 
                -0.6427457269573897, 
                0.019913986918420355, 
                0.1947493937661814
            ], 
            [
                0.0101308, 
                -0.01890486999999988, 
                -0.99976996, 
                0.0536968773213752
            ], 
            [
                0.0, 
                0.0, 
                0.0, 
                1.0
            ]
        ], 
        [
            [
                0.64297434040215, 
                0.7658462847479051, 
                -0.007966205726126985, 
                -0.05267874662564551
            ], 
            [
                0.7658207125799324, 
                -0.6427457269573897, 
                0.019913986918420355, 
                -0.07493024120534492
            ], 
            [
                0.0101308, 
                -0.01890486999999988, 
                -0.99976996, 
                0.0536968773213752
            ], 
            [
                0.0, 
                0.0, 
                0.0, 
                1.0
            ]
        ], 
        [
            [
                0.64297434040215, 
                0.7658462847479051, 
                -0.007966205726126985, 
                -0.05267874662564551
            ], 
            [
                0.7658207125799324, 
                -0.6427457269573897, 
                0.019913986918420355, 
                -0.07493024120534492
            ], 
            [
                0.0101308, 
                -0.01890486999999988, 
                -0.99976996, 
                0.1536968773213752
            ], 
            [
                0.0, 
                0.0, 
                0.0, 
                1.0
            ]
        ]
    ], 
    "Teffectivestart_unhoveringstart": [
        [
            0.9999999993406553, 
            -2.2979895420837758e-09, 
            8.269139799974565e-09, 
            -0.29997668099999997
        ], 
        [
            -2.2979895420837758e-09, 
            0.9999999954938695, 
            2.066313198012324e-09, 
            0.0021225899999999963
        ], 
        [
            8.269139799974565e-09, 
            2.066313198012324e-09, 
            1.0000000002270595, 
            -0.0030798419999999993
        ], 
        [
            0.0, 
            0.0, 
            0.0, 
            1.0
        ]
    ], 
    "raw sample file path": "learned_samples/ur/simulator/pointcloud/push/plunger/meiying_tool_target/raw/raw_sample_10.txt", 
    "trajectory_thetas": [
        0.29999999924018184
    ], 
    "tool": "plunger", 
    "Tworld_goalend": [
        [
            1.0, 
            -1.741317725643327e-17, 
            0.0, 
            -0.19122719692460682
        ], 
        [
            -1.741317725643327e-17, 
            1.0, 
            0.0, 
            -0.23115397283273684
        ], 
        [
            0.0, 
            0.0, 
            1.0, 
            0.0
        ], 
        [
            0.0, 
            0.0, 
            0.0, 
            1.0
        ]
    ], 
    "Tworld_toolend": [
        [
            0.64297434040215, 
            0.7658462847479051, 
            -0.007966205726126985, 
            -0.05267874662564551
        ], 
        [
            0.7658207125799324, 
            -0.6427457269573897, 
            0.019913986918420355, 
            -0.07493024120534492
        ], 
        [
            0.0101308, 
            -0.01890486999999988, 
            -0.99976996, 
            0.0536968773213752
        ], 
        [
            0.0, 
            0.0, 
            0.0, 
            1.0
        ]
    ], 
    "hovering_start": [
        [
            0.64297434040215, 
            0.7658462847479051, 
            -0.007966205726126985, 
            0.1704196497863958
        ], 
        [
            0.7658207125799324, 
            -0.6427457269573897, 
            0.019913986918420355, 
            0.1947493937661814
        ], 
        [
            0.0101308, 
            -0.01890486999999988, 
            -0.99976996, 
            0.1536968773213752
        ], 
        [
            0.0, 
            0.0, 
            0.0, 
            1.0
        ]
    ], 
    "v_start_tool_frame": [
        -0.9999222700541942, 
        0.007075304291835619, 
        -0.010266154043507059
    ], 
    "task": "push", 
    "unhovering_start": [
        [
            0.64297434040215, 
            0.7658462847479051, 
            -0.007966205726126985, 
            -0.05267874662564551
        ], 
        [
            0.7658207125799324, 
            -0.6427457269573897, 
            0.019913986918420355, 
            -0.07493024120534492
        ], 
        [
            0.0101308, 
            -0.01890486999999988, 
            -0.99976996, 
            0.0536968773213752
        ], 
        [
            0.0, 
            0.0, 
            0.0, 
            1.0
        ]
    ], 
    "Teffectivestart_hoveringend": [
        [
            0.9999999993406553, 
            -2.2979895420837758e-09, 
            8.269139799974565e-09, 
            0.049996113499999995
        ], 
        [
            -2.2979895420837758e-09, 
            0.9999999954938695, 
            2.066313198012324e-09, 
            -0.0003537650000000059
        ], 
        [
            8.269139799974565e-09, 
            2.066313198012324e-09, 
            1.0000000002270595, 
            0.0005133069999999976
        ], 
        [
            0.0, 
            0.0, 
            0.0, 
            1.0
        ]
    ], 
    "Tworld_toolstart": [
        [
            0.64297434040215, 
            0.7658462847479051, 
            -0.007966205726126985, 
            0.1385484494485853
        ], 
        [
            0.7658207125799324, 
            -0.6427457269573897, 
            0.019913986918420355, 
            0.15622373161193162
        ], 
        [
            0.0101308, 
            -0.01890486999999988, 
            -0.99976996, 
            0.053696875599056164
        ], 
        [
            0.0, 
            0.0, 
            0.0, 
            1.0
        ]
    ], 
    "unhovering_end": [
        [
            0.64297434040215, 
            0.7658462847479051, 
            -0.007966205726126985, 
            -0.05267874662564551
        ], 
        [
            0.7658207125799324, 
            -0.6427457269573897, 
            0.019913986918420355, 
            -0.07493024120534492
        ], 
        [
            0.0101308, 
            -0.01890486999999988, 
            -0.99976996, 
            0.1536968773213752
        ], 
        [
            0.0, 
            0.0, 
            0.0, 
            1.0
        ]
    ], 
    "trajectory_screw_axes": [
        [
            -0.0, 
            -0.0, 
            -0.0, 
            0.9999222700541942, 
            -0.007075304291835619, 
            0.010266154043507059
        ]
    ]
}