{
    "Tworld_goalstart": [
        [
            1.0, 
            1.568951857518983e-17, 
            0.0, 
            0.0
        ], 
        [
            1.568951857518983e-17, 
            1.0, 
            0.0, 
            0.0
        ], 
        [
            0.0, 
            0.0, 
            1.0, 
            0.0
        ], 
        [
            0.0, 
            0.0, 
            0.0, 
            1.0
        ]
    ], 
    "Teffectivestart_hoveringstart": [
        [
            0.9999999993406554, 
            -2.297989427375186e-09, 
            8.269139799974565e-09, 
            0.051009193499999994
        ], 
        [
            -2.297989427375186e-09, 
            0.9999999954938695, 
            2.066313198012324e-09, 
            -0.0022442519999999644
        ], 
        [
            8.269139799974565e-09, 
            2.066313198012324e-09, 
            1.0000000002270595, 
            -0.099463689
        ], 
        [
            0.0, 
            0.0, 
            0.0, 
            1.0
        ]
    ], 
    "hovering_end": [
        [
            0.813225985751323, 
            0.581941453107018, 
            -0.0027635255646687295, 
            0.21349780786967695
        ], 
        [
            0.5818598304839443, 
            -0.8130109141578882, 
            0.021269467203280337, 
            0.1462493399658797
        ], 
        [
            0.0101308, 
            -0.01890486999999988, 
            -0.99976996, 
            0.0536968773213752
        ], 
        [
            0.0, 
            0.0, 
            0.0, 
            1.0
        ]
    ], 
    "sample file path": "learned_samples/ur/simulator/pointcloud/push/plunger/meiying_tool_target/sample/sample_11.txt", 
    "v_start_goal_frame": [
        -0.809016990214559, 
        -0.5877852576296199, 
        2.165420340781432e-08
    ], 
    "Teffectiveend_unhoveringend": [
        [
            0.9999999993406554, 
            -2.297989427375186e-09, 
            8.269139799974565e-09, 
            0.0010130799999999995
        ], 
        [
            -2.297989427375186e-09, 
            0.9999999954938695, 
            2.066313198012324e-09, 
            -0.0018904869999999884
        ], 
        [
            8.269139799974565e-09, 
            2.066313198012324e-09, 
            1.0000000002270595, 
            -0.09997699600000001
        ], 
        [
            0.0, 
            0.0, 
            0.0, 
            1.0
        ]
    ], 
    "task_type": "pose_change", 
    "goal": "meiying_tool_target", 
    "trajectory": [
        [
            [
                0.9999999993406554, 
                -2.297989427375186e-09, 
                8.269139799974565e-09, 
                0.0
            ], 
            [
                -2.297989427375186e-09, 
                0.9999999954938695, 
                2.066313198012324e-09, 
                -2.6020852139652106e-18
            ], 
            [
                8.269139799974565e-09, 
                2.066313198012324e-09, 
                1.0000000002270595, 
                6.938893903907228e-18
            ], 
            [
                0.0, 
                0.0, 
                0.0, 
                1.0
            ]
        ], 
        [
            [
                0.9999999993406554, 
                -2.297989427375186e-09, 
                8.269139799974565e-09, 
                -0.3299743485239417
            ], 
            [
                -2.297989427375186e-09, 
                0.9999999954938695, 
                2.066313198012324e-09, 
                0.002334849608760078
            ], 
            [
                8.269139799974565e-09, 
                2.066313198012324e-09, 
                1.0000000002270595, 
                -0.0033878279283892226
            ], 
            [
                0.0, 
                0.0, 
                0.0, 
                1.0
            ]
        ]
    ], 
    "tool_contact_area_index": [
        1124, 
        1128, 
        1132, 
        1133, 
        1380, 
        1381, 
        1383, 
        1384, 
        1385, 
        1386, 
        1387, 
        1388, 
        1391, 
        1392, 
        1393, 
        1394, 
        1395, 
        1396, 
        1638, 
        1639, 
        1640, 
        1641, 
        1642, 
        1643, 
        1644, 
        1645, 
        1646, 
        1647, 
        1648, 
        1649, 
        1650, 
        1651, 
        1652, 
        1653, 
        1654, 
        1655, 
        1656, 
        1657, 
        1658, 
        1659, 
        1660, 
        1661, 
        1662, 
        1663, 
        1664, 
        1942, 
        1943, 
        1944, 
        1945, 
        1946, 
        1947, 
        1948, 
        1949, 
        1950, 
        1951, 
        1952, 
        1953, 
        1954, 
        1955, 
        1956, 
        1957, 
        1958, 
        1959, 
        1960, 
        1961, 
        1962, 
        1963, 
        1964, 
        1965, 
        1966, 
        1967, 
        1968, 
        1969, 
        1971, 
        1975, 
        2307, 
        2308, 
        2309, 
        2310, 
        2311, 
        2314, 
        2316, 
        2317, 
        2318, 
        2319, 
        2320, 
        2321, 
        2322, 
        2323, 
        2324, 
        2325, 
        2326, 
        2662, 
        2663, 
        2673, 
        2674, 
        2675, 
        2676, 
        2677, 
        2678, 
        2685, 
        2687, 
        2688, 
        2690, 
        2693, 
        2694, 
        2695, 
        2696, 
        2698, 
        3041, 
        3042
    ], 
    "v_start_world_frame": [
        -0.809016990214559, 
        -0.5877852576296199, 
        2.165420340781432e-08
    ], 
    "Ttool_goal": [
        [
            0.813225985751323, 
            0.5818598304839443, 
            0.0101308, 
            -0.2092664602462675
        ], 
        [
            0.581941453107018, 
            -0.8130109141578882, 
            -0.01890486999999988, 
            -0.004679547481028558
        ], 
        [
            -0.0027635255646687295, 
            0.021269467203280337, 
            -0.99976996, 
            0.0516771930018591
        ], 
        [
            0.0, 
            0.0, 
            0.0, 
            1.0
        ]
    ], 
    "tool_trajectory_world_frame": [
        [
            [
                0.813225985751323, 
                0.581941453107018, 
                -0.00276352556466873, 
                0.21349780786967695
            ], 
            [
                0.5818598304839443, 
                -0.8130109141578882, 
                0.021269467203280337, 
                0.1462493399658797
            ], 
            [
                0.0101308, 
                -0.01890486999999988, 
                -0.99976996, 
                0.1536968773213752
            ], 
            [
                0.0, 
                0.0, 
                0.0, 
                1.0
            ]
        ], 
        [
            [
                0.813225985751323, 
                0.581941453107018, 
                -0.00276352556466873, 
                0.21349780786967695
            ], 
            [
                0.5818598304839443, 
                -0.8130109141578882, 
                0.021269467203280337, 
                0.1462493399658797
            ], 
            [
                0.0101308, 
                -0.01890486999999988, 
                -0.99976996, 
                0.0536968773213752
            ], 
            [
                0.0, 
                0.0, 
                0.0, 
                1.0
            ]
        ], 
        [
            [
                0.813225985751323, 
                0.581941453107018, 
                -0.00276352556466873, 
                -0.0939286499928029
            ], 
            [
                0.5818598304839443, 
                -0.8130109141578882, 
                0.021269467203280337, 
                -0.07710905590526024
            ], 
            [
                0.0101308, 
                -0.01890486999999988, 
                -0.99976996, 
                0.0536968773213752
            ], 
            [
                0.0, 
                0.0, 
                0.0, 
                1.0
            ]
        ], 
        [
            [
                0.813225985751323, 
                0.581941453107018, 
                -0.00276352556466873, 
                -0.0939286499928029
            ], 
            [
                0.5818598304839443, 
                -0.8130109141578882, 
                0.021269467203280337, 
                -0.07710905590526024
            ], 
            [
                0.0101308, 
                -0.01890486999999988, 
                -0.99976996, 
                0.1536968773213752
            ], 
            [
                0.0, 
                0.0, 
                0.0, 
                1.0
            ]
        ]
    ], 
    "goal_contact_area_index": [
        2890, 
        3110, 
        3112, 
        3115, 
        3116, 
        3126, 
        3127, 
        3129, 
        3132, 
        3134, 
        3135, 
        3136, 
        3137, 
        3158, 
        3475, 
        3477, 
        3478, 
        3479, 
        3480, 
        3481, 
        3482, 
        3483, 
        3484, 
        3485, 
        3486, 
        3487, 
        3488, 
        3489, 
        3490, 
        3491, 
        3492, 
        3493, 
        3494, 
        3495, 
        3496, 
        3497, 
        3500, 
        3501, 
        3502, 
        3503, 
        3504, 
        3505, 
        3506, 
        3532, 
        3533, 
        3806, 
        3807, 
        3808, 
        3809, 
        3810, 
        3811, 
        3812, 
        3813, 
        3814, 
        3815, 
        3816, 
        3817, 
        3818, 
        3819, 
        3820, 
        3821, 
        3822, 
        3823, 
        3824, 
        3825, 
        3826, 
        3827, 
        3829, 
        3831, 
        4008, 
        4009, 
        4012, 
        4013, 
        4015, 
        4017, 
        4018, 
        4019, 
        4020, 
        4205
    ], 
    "changing_point": [
        1, 
        -2
    ], 
    "tool_trajectory_goal_frame": [
        [
            [
                0.813225985751323, 
                0.581941453107018, 
                -0.0027635255646687295, 
                0.21349780786967695
            ], 
            [
                0.5818598304839443, 
                -0.8130109141578882, 
                0.021269467203280337, 
                0.1462493399658797
            ], 
            [
                0.0101308, 
                -0.01890486999999988, 
                -0.99976996, 
                0.1536968773213752
            ], 
            [
                0.0, 
                0.0, 
                0.0, 
                1.0
            ]
        ], 
        [
            [
                0.813225985751323, 
                0.581941453107018, 
                -0.0027635255646687295, 
                0.21349780786967695
            ], 
            [
                0.5818598304839443, 
                -0.8130109141578882, 
                0.021269467203280337, 
                0.1462493399658797
            ], 
            [
                0.0101308, 
                -0.01890486999999988, 
                -0.99976996, 
                0.0536968773213752
            ], 
            [
                0.0, 
                0.0, 
                0.0, 
                1.0
            ]
        ], 
        [
            [
                0.813225985751323, 
                0.581941453107018, 
                -0.0027635255646687295, 
                -0.0939286499928029
            ], 
            [
                0.5818598304839443, 
                -0.8130109141578882, 
                0.021269467203280337, 
                -0.07710905590526024
            ], 
            [
                0.0101308, 
                -0.01890486999999988, 
                -0.99976996, 
                0.0536968773213752
            ], 
            [
                0.0, 
                0.0, 
                0.0, 
                1.0
            ]
        ], 
        [
            [
                0.813225985751323, 
                0.581941453107018, 
                -0.0027635255646687295, 
                -0.0939286499928029
            ], 
            [
                0.5818598304839443, 
                -0.8130109141578882, 
                0.021269467203280337, 
                -0.07710905590526024
            ], 
            [
                0.0101308, 
                -0.01890486999999988, 
                -0.99976996, 
                0.1536968773213752
            ], 
            [
                0.0, 
                0.0, 
                0.0, 
                1.0
            ]
        ]
    ], 
    "Teffectivestart_unhoveringstart": [
        [
            0.9999999993406554, 
            -2.297989427375186e-09, 
            8.269139799974565e-09, 
            -0.32997434909999995
        ], 
        [
            -2.297989427375186e-09, 
            0.9999999954938695, 
            2.066313198012324e-09, 
            0.002334849000000027
        ], 
        [
            8.269139799974565e-09, 
            2.066313198012324e-09, 
            1.0000000002270595, 
            -0.0033878261999999992
        ], 
        [
            0.0, 
            0.0, 
            0.0, 
            1.0
        ]
    ], 
    "raw sample file path": "learned_samples/ur/simulator/pointcloud/push/plunger/meiying_tool_target/raw/raw_sample_11.txt", 
    "trajectory_thetas": [
        0.32999999921959616
    ], 
    "tool": "plunger", 
    "Tworld_goalend": [
        [
            1.0, 
            1.568951857518983e-17, 
            0.0, 
            -0.2669756081437325
        ], 
        [
            1.568951857518983e-17, 
            1.0, 
            0.0, 
            -0.19396913325651627
        ], 
        [
            0.0, 
            0.0, 
            1.0, 
            0.0
        ], 
        [
            0.0, 
            0.0, 
            0.0, 
            1.0
        ]
    ], 
    "Tworld_toolend": [
        [
            0.813225985751323, 
            0.581941453107018, 
            -0.00276352556466873, 
            -0.0939286499928029
        ], 
        [
            0.5818598304839443, 
            -0.8130109141578882, 
            0.021269467203280337, 
            -0.07710905590526024
        ], 
        [
            0.0101308, 
            -0.01890486999999988, 
            -0.99976996, 
            0.0536968773213752
        ], 
        [
            0.0, 
            0.0, 
            0.0, 
            1.0
        ]
    ], 
    "hovering_start": [
        [
            0.813225985751323, 
            0.581941453107018, 
            -0.0027635255646687295, 
            0.21349780786967695
        ], 
        [
            0.5818598304839443, 
            -0.8130109141578882, 
            0.021269467203280337, 
            0.1462493399658797
        ], 
        [
            0.0101308, 
            -0.01890486999999988, 
            -0.99976996, 
            0.1536968773213752
        ], 
        [
            0.0, 
            0.0, 
            0.0, 
            1.0
        ]
    ], 
    "v_start_tool_frame": [
        -0.9999222700609031, 
        0.0070753041061751175, 
        -0.0102661535180294
    ], 
    "task": "push", 
    "unhovering_start": [
        [
            0.813225985751323, 
            0.581941453107018, 
            -0.0027635255646687295, 
            -0.0939286499928029
        ], 
        [
            0.5818598304839443, 
            -0.8130109141578882, 
            0.021269467203280337, 
            -0.07710905590526024
        ], 
        [
            0.0101308, 
            -0.01890486999999988, 
            -0.99976996, 
            0.0536968773213752
        ], 
        [
            0.0, 
            0.0, 
            0.0, 
            1.0
        ]
    ], 
    "Teffectivestart_hoveringend": [
        [
            0.9999999993406554, 
            -2.297989427375186e-09, 
            8.269139799974565e-09, 
            0.049996113499999995
        ], 
        [
            -2.297989427375186e-09, 
            0.9999999954938695, 
            2.066313198012324e-09, 
            -0.0003537649999999764
        ], 
        [
            8.269139799974565e-09, 
            2.066313198012324e-09, 
            1.0000000002270595, 
            0.0005133069999999976
        ], 
        [
            0.0, 
            0.0, 
            0.0, 
            1.0
        ]
    ], 
    "Tworld_toolstart": [
        [
            0.813225985751323, 
            0.581941453107018, 
            -0.002763525564668729, 
            0.1730469573234249
        ], 
        [
            0.5818598304839443, 
            -0.8130109141578882, 
            0.021269467203280337, 
            0.11686007754776137
        ], 
        [
            0.0101308, 
            -0.01890486999999988, 
            -0.99976996, 
            0.053696875599056164
        ], 
        [
            0.0, 
            0.0, 
            0.0, 
            1.0
        ]
    ], 
    "unhovering_end": [
        [
            0.813225985751323, 
            0.581941453107018, 
            -0.0027635255646687295, 
            -0.0939286499928029
        ], 
        [
            0.5818598304839443, 
            -0.8130109141578882, 
            0.021269467203280337, 
            -0.07710905590526024
        ], 
        [
            0.0101308, 
            -0.01890486999999988, 
            -0.99976996, 
            0.1536968773213752
        ], 
        [
            0.0, 
            0.0, 
            0.0, 
            1.0
        ]
    ], 
    "trajectory_screw_axes": [
        [
            -0.0, 
            -0.0, 
            -0.0, 
            0.9999222700609031, 
            -0.0070753041061751175, 
            0.0102661535180294
        ]
    ]
}