{
    "Tworld_goalstart": [
        [
            1.0, 
            -1.4501744564460953e-17, 
            0.0, 
            0.0
        ], 
        [
            -1.4501744564460953e-17, 
            1.0, 
            0.0, 
            0.0
        ], 
        [
            0.0, 
            0.0, 
            1.0, 
            0.0
        ], 
        [
            0.0, 
            0.0, 
            0.0, 
            1.0
        ]
    ], 
    "Teffectivestart_hoveringstart": [
        [
            0.9999999993406555, 
            -2.297989482913442e-09, 
            8.269139798239842e-09, 
            0.05100919350000005
        ], 
        [
            -2.297989482913442e-09, 
            0.9999999954938695, 
            2.066313198012324e-09, 
            -0.002244251999999987
        ], 
        [
            8.269139798239842e-09, 
            2.066313198012324e-09, 
            1.0000000002270595, 
            -0.099463689
        ], 
        [
            0.0, 
            0.0, 
            0.0, 
            1.0
        ]
    ], 
    "hovering_end": [
        [
            -0.5419215094427912, 
            -0.8403647583646786, 
            0.010399274188229009, 
            -0.1446672686905448
        ], 
        [
            -0.8403680407031566, 
            0.541691493640825, 
            -0.01875852886065507, 
            -0.21457298239813574
        ], 
        [
            0.0101308, 
            -0.01890486999999988, 
            -0.99976996, 
            0.0536968773213752
        ], 
        [
            0.0, 
            0.0, 
            0.0, 
            1.0
        ]
    ], 
    "sample file path": "learned_samples/ur/simulator/pointcloud/push/plunger/meiying_tool_target/sample/sample_22.txt", 
    "v_start_goal_frame": [
        0.5358267899716455, 
        0.8443279284088764, 
        1.904462909943505e-08
    ], 
    "Teffectiveend_unhoveringend": [
        [
            0.9999999993406555, 
            -2.297989482913442e-09, 
            8.269139798239842e-09, 
            0.001013080000000055
        ], 
        [
            -2.297989482913442e-09, 
            0.9999999954938695, 
            2.066313198012324e-09, 
            -0.0018904869999999997
        ], 
        [
            8.269139798239842e-09, 
            2.066313198012324e-09, 
            1.0000000002270595, 
            -0.09997699600000001
        ], 
        [
            0.0, 
            0.0, 
            0.0, 
            1.0
        ]
    ], 
    "task_type": "pose_change", 
    "goal": "meiying_tool_target", 
    "trajectory": [
        [
            [
                0.9999999993406555, 
                -2.297989482913442e-09, 
                8.269139798239842e-09, 
                0.0
            ], 
            [
                -2.297989482913442e-09, 
                0.9999999954938695, 
                2.066313198012324e-09, 
                8.673617379884035e-19
            ], 
            [
                8.269139798239842e-09, 
                2.066313198012324e-09, 
                1.0000000002270595, 
                6.938893903907228e-18
            ], 
            [
                0.0, 
                0.0, 
                0.0, 
                1.0
            ]
        ], 
        [
            [
                0.9999999993406555, 
                -2.297989482913442e-09, 
                8.269139798239842e-09, 
                -0.6599486976239417
            ], 
            [
                -2.297989482913442e-09, 
                0.9999999954938695, 
                2.066313198012324e-09, 
                0.00466969860876006
            ], 
            [
                8.269139798239842e-09, 
                2.066313198012324e-09, 
                1.0000000002270595, 
                -0.006775654128389222
            ], 
            [
                0.0, 
                0.0, 
                0.0, 
                1.0
            ]
        ]
    ], 
    "tool_contact_area_index": [
        660, 
        661, 
        881, 
        1130, 
        1131, 
        1132, 
        1133, 
        1382, 
        1383, 
        1384, 
        1385, 
        1386, 
        1387, 
        1388, 
        1389, 
        1390, 
        1391, 
        1392, 
        1393, 
        1394, 
        1395, 
        1397, 
        1640, 
        1643, 
        1645, 
        1646, 
        1647, 
        1648, 
        1649, 
        1650, 
        1651, 
        1652, 
        1653, 
        1654, 
        1655, 
        1656, 
        1657, 
        1658, 
        1659, 
        1660, 
        1661, 
        1662, 
        1663, 
        1945, 
        1946, 
        1947, 
        1948, 
        1949, 
        1950, 
        1951, 
        1952, 
        1953, 
        1954, 
        1955, 
        1956, 
        1957, 
        1958, 
        1959, 
        1960, 
        1961, 
        1962, 
        1963, 
        1964, 
        1965, 
        1966, 
        1968, 
        1969, 
        1970, 
        1972, 
        2311, 
        2312, 
        2313, 
        2314, 
        2315, 
        2316, 
        2317, 
        2318, 
        2319, 
        2320, 
        2321, 
        2322, 
        2675, 
        2677, 
        2678, 
        2680, 
        2682, 
        2683, 
        2684, 
        2686, 
        2688, 
        3041, 
        3042
    ], 
    "v_start_world_frame": [
        0.5358267899716455, 
        0.8443279284088764, 
        1.904462909943505e-08
    ], 
    "Ttool_goal": [
        [
            -0.5419215094427912, 
            -0.8403680407031566, 
            0.0101308, 
            -0.20926646024626744
        ], 
        [
            -0.8403647583646786, 
            0.541691493640825, 
            -0.01890486999999988, 
            -0.004679547481028564
        ], 
        [
            0.010399274188229009, 
            -0.01875852886065507, 
            -0.99976996, 
            0.0516771930018591
        ], 
        [
            0.0, 
            0.0, 
            0.0, 
            1.0
        ]
    ], 
    "tool_trajectory_world_frame": [
        [
            [
                -0.5419215094427912, 
                -0.8403647583646786, 
                0.010399274188229009, 
                -0.1446672686905448
            ], 
            [
                -0.8403680407031566, 
                0.541691493640825, 
                -0.01875852886065507, 
                -0.21457298239813574
            ], 
            [
                0.0101308, 
                -0.01890486999999988, 
                -0.99976996, 
                0.1536968773213752
            ], 
            [
                0.0, 
                0.0, 
                0.0, 
                1.0
            ]
        ], 
        [
            [
                -0.5419215094427912, 
                -0.8403647583646786, 
                0.010399274188229009, 
                -0.1446672686905448
            ], 
            [
                -0.8403680407031566, 
                0.541691493640825, 
                -0.01875852886065507, 
                -0.21457298239813574
            ], 
            [
                0.0101308, 
                -0.01890486999999988, 
                -0.99976996, 
                0.0536968773213752
            ], 
            [
                0.0, 
                0.0, 
                0.0, 
                1.0
            ]
        ], 
        [
            [
                -0.5419215094427912, 
                -0.8403647583646786, 
                0.010399274188229009, 
                0.2357697557445434
            ], 
            [
                -0.8403680407031566, 
                0.541691493640825, 
                -0.01875852886065507, 
                0.38489984470829447
            ], 
            [
                0.0101308, 
                -0.01890486999999988, 
                -0.99976996, 
                0.0536968773213752
            ], 
            [
                0.0, 
                0.0, 
                0.0, 
                1.0
            ]
        ], 
        [
            [
                -0.5419215094427912, 
                -0.8403647583646786, 
                0.010399274188229009, 
                0.2357697557445434
            ], 
            [
                -0.8403680407031566, 
                0.541691493640825, 
                -0.01875852886065507, 
                0.38489984470829447
            ], 
            [
                0.0101308, 
                -0.01890486999999988, 
                -0.99976996, 
                0.1536968773213752
            ], 
            [
                0.0, 
                0.0, 
                0.0, 
                1.0
            ]
        ]
    ], 
    "goal_contact_area_index": [
        4883, 
        4885, 
        4886, 
        4887, 
        5049, 
        5050, 
        5051, 
        5052, 
        5053, 
        5054, 
        5055, 
        5056, 
        5057, 
        5058, 
        5059, 
        5060, 
        5061, 
        5062, 
        5063, 
        5064, 
        5202, 
        5203, 
        5204, 
        5205, 
        5206, 
        5208, 
        5280, 
        5281, 
        5282, 
        5283, 
        5284, 
        5285, 
        5286, 
        5287, 
        5288, 
        5289, 
        5290, 
        5435, 
        5436, 
        5437, 
        5439, 
        5440, 
        5441, 
        5442, 
        5443, 
        5444, 
        5445, 
        5446, 
        5447, 
        5448, 
        5449, 
        5645, 
        5649, 
        5654, 
        5656, 
        5658, 
        5659, 
        5661, 
        5663, 
        5664, 
        5666, 
        5667, 
        5888
    ], 
    "changing_point": [
        1, 
        -2
    ], 
    "tool_trajectory_goal_frame": [
        [
            [
                -0.5419215094427912, 
                -0.8403647583646786, 
                0.010399274188229009, 
                -0.1446672686905448
            ], 
            [
                -0.8403680407031566, 
                0.541691493640825, 
                -0.01875852886065507, 
                -0.21457298239813574
            ], 
            [
                0.0101308, 
                -0.01890486999999988, 
                -0.99976996, 
                0.1536968773213752
            ], 
            [
                0.0, 
                0.0, 
                0.0, 
                1.0
            ]
        ], 
        [
            [
                -0.5419215094427912, 
                -0.8403647583646786, 
                0.010399274188229009, 
                -0.1446672686905448
            ], 
            [
                -0.8403680407031566, 
                0.541691493640825, 
                -0.01875852886065507, 
                -0.21457298239813574
            ], 
            [
                0.0101308, 
                -0.01890486999999988, 
                -0.99976996, 
                0.0536968773213752
            ], 
            [
                0.0, 
                0.0, 
                0.0, 
                1.0
            ]
        ], 
        [
            [
                -0.5419215094427912, 
                -0.8403647583646786, 
                0.010399274188229009, 
                0.2357697557445434
            ], 
            [
                -0.8403680407031566, 
                0.541691493640825, 
                -0.01875852886065507, 
                0.38489984470829447
            ], 
            [
                0.0101308, 
                -0.01890486999999988, 
                -0.99976996, 
                0.0536968773213752
            ], 
            [
                0.0, 
                0.0, 
                0.0, 
                1.0
            ]
        ], 
        [
            [
                -0.5419215094427912, 
                -0.8403647583646786, 
                0.010399274188229009, 
                0.2357697557445434
            ], 
            [
                -0.8403680407031566, 
                0.541691493640825, 
                -0.01875852886065507, 
                0.38489984470829447
            ], 
            [
                0.0101308, 
                -0.01890486999999988, 
                -0.99976996, 
                0.1536968773213752
            ], 
            [
                0.0, 
                0.0, 
                0.0, 
                1.0
            ]
        ]
    ], 
    "Teffectivestart_unhoveringstart": [
        [
            0.9999999993406555, 
            -2.297989482913442e-09, 
            8.269139798239842e-09, 
            -0.6599486981999998
        ], 
        [
            -2.297989482913442e-09, 
            0.9999999954938695, 
            2.066313198012324e-09, 
            0.004669698000000016
        ], 
        [
            8.269139798239842e-09, 
            2.066313198012324e-09, 
            1.0000000002270595, 
            -0.0067756523999999985
        ], 
        [
            0.0, 
            0.0, 
            0.0, 
            1.0
        ]
    ], 
    "raw sample file path": "learned_samples/ur/simulator/pointcloud/push/plunger/meiying_tool_target/raw/raw_sample_22.txt", 
    "trajectory_thetas": [
        0.6599999989931549
    ], 
    "tool": "plunger", 
    "Tworld_goalend": [
        [
            1.0, 
            -1.4501744564460953e-17, 
            0.0, 
            0.35364568468613833
        ], 
        [
            -1.4501744564460953e-17, 
            1.0, 
            0.0, 
            0.5572564308313295
        ], 
        [
            0.0, 
            0.0, 
            1.0, 
            0.0
        ], 
        [
            0.0, 
            0.0, 
            0.0, 
            1.0
        ]
    ], 
    "Tworld_toolend": [
        [
            -0.5419215094427912, 
            -0.8403647583646786, 
            0.010399274188229009, 
            0.2357697557445434
        ], 
        [
            -0.8403680407031566, 
            0.541691493640825, 
            -0.01875852886065507, 
            0.38489984470829447
        ], 
        [
            0.0101308, 
            -0.01890486999999988, 
            -0.99976996, 
            0.0536968773213752
        ], 
        [
            0.0, 
            0.0, 
            0.0, 
            1.0
        ]
    ], 
    "hovering_start": [
        [
            -0.5419215094427912, 
            -0.8403647583646786, 
            0.010399274188229009, 
            -0.1446672686905448
        ], 
        [
            -0.8403680407031566, 
            0.541691493640825, 
            -0.01875852886065507, 
            -0.21457298239813574
        ], 
        [
            0.0101308, 
            -0.01890486999999988, 
            -0.99976996, 
            0.1536968773213752
        ], 
        [
            0.0, 
            0.0, 
            0.0, 
            1.0
        ]
    ], 
    "v_start_tool_frame": [
        -0.9999222700944468, 
        0.007075303177872826, 
        -0.010266150890641076
    ], 
    "task": "push", 
    "unhovering_start": [
        [
            -0.5419215094427912, 
            -0.8403647583646786, 
            0.010399274188229009, 
            0.2357697557445434
        ], 
        [
            -0.8403680407031566, 
            0.541691493640825, 
            -0.01875852886065507, 
            0.38489984470829447
        ], 
        [
            0.0101308, 
            -0.01890486999999988, 
            -0.99976996, 
            0.0536968773213752
        ], 
        [
            0.0, 
            0.0, 
            0.0, 
            1.0
        ]
    ], 
    "Teffectivestart_hoveringend": [
        [
            0.9999999993406555, 
            -2.297989482913442e-09, 
            8.269139798239842e-09, 
            0.04999611350000005
        ], 
        [
            -2.297989482913442e-09, 
            0.9999999954938695, 
            2.066313198012324e-09, 
            -0.00035376499999999894
        ], 
        [
            8.269139798239842e-09, 
            2.066313198012324e-09, 
            1.0000000002270595, 
            0.0005133069999999976
        ], 
        [
            0.0, 
            0.0, 
            0.0, 
            1.0
        ]
    ], 
    "Tworld_toolstart": [
        [
            -0.5419215094427912, 
            -0.8403647583646786, 
            0.010399274188229009, 
            -0.11787592809986207
        ], 
        [
            -0.8403680407031566, 
            0.541691493640825, 
            -0.01875852886065507, 
            -0.17235658600111625
        ], 
        [
            0.0101308, 
            -0.01890486999999988, 
            -0.99976996, 
            0.053696875599056164
        ], 
        [
            0.0, 
            0.0, 
            0.0, 
            1.0
        ]
    ], 
    "unhovering_end": [
        [
            -0.5419215094427912, 
            -0.8403647583646786, 
            0.010399274188229009, 
            0.2357697557445434
        ], 
        [
            -0.8403680407031566, 
            0.541691493640825, 
            -0.01875852886065507, 
            0.38489984470829447
        ], 
        [
            0.0101308, 
            -0.01890486999999988, 
            -0.99976996, 
            0.1536968773213752
        ], 
        [
            0.0, 
            0.0, 
            0.0, 
            1.0
        ]
    ], 
    "trajectory_screw_axes": [
        [
            -0.0, 
            -0.0, 
            -0.0, 
            0.9999222700944468, 
            -0.007075303177872826, 
            0.010266150890641076
        ]
    ]
}