{
    "Tworld_goalstart": [
        [
            0.9999999999999999, 
            -2.4936262275483086e-17, 
            0.0, 
            0.0
        ], 
        [
            -2.4936262275483086e-17, 
            0.9999999999999999, 
            0.0, 
            0.0
        ], 
        [
            0.0, 
            0.0, 
            1.0, 
            0.0
        ], 
        [
            0.0, 
            0.0, 
            0.0, 
            1.0
        ]
    ], 
    "Teffectivestart_hoveringstart": [
        [
            0.999999999340655, 
            -2.297989457380481e-09, 
            8.269139793035671e-09, 
            0.05100919349999983
        ], 
        [
            -2.297989457380481e-09, 
            0.9999999954938692, 
            2.066313204951218e-09, 
            -0.00224425200000002
        ], 
        [
            8.269139793035671e-09, 
            2.066313204951218e-09, 
            1.0000000002270595, 
            -0.099463689
        ], 
        [
            0.0, 
            0.0, 
            0.0, 
            1.0
        ]
    ], 
    "hovering_end": [
        [
            -0.7338870819191161, 
            -0.6792499577262598, 
            0.005407505440943243, 
            -0.1934844112013517
        ], 
        [
            -0.6791959343402016, 
            0.7336634762021526, 
            -0.020755389506443005, 
            -0.17185449085688503
        ], 
        [
            0.0101308, 
            -0.01890486999999988, 
            -0.99976996, 
            0.0536968773213752
        ], 
        [
            0.0, 
            0.0, 
            0.0, 
            1.0
        ]
    ], 
    "sample file path": "learned_samples/ur/simulator/pointcloud/push/plunger/meiying_tool_target/sample/sample_23.txt", 
    "v_start_goal_frame": [
        0.7289686233233856, 
        0.6845471099585108, 
        1.893116934222061e-08
    ], 
    "Teffectiveend_unhoveringend": [
        [
            0.999999999340655, 
            -2.297989457380481e-09, 
            8.269139793035671e-09, 
            0.0010130799999999995
        ], 
        [
            -2.297989457380481e-09, 
            0.9999999954938692, 
            2.066313204951218e-09, 
            -0.001890486999999998
        ], 
        [
            8.269139793035671e-09, 
            2.066313204951218e-09, 
            1.0000000002270595, 
            -0.09997699600000001
        ], 
        [
            0.0, 
            0.0, 
            0.0, 
            1.0
        ]
    ], 
    "task_type": "pose_change", 
    "goal": "meiying_tool_target", 
    "trajectory": [
        [
            [
                0.999999999340655, 
                -2.297989457380481e-09, 
                8.269139793035671e-09, 
                0.0
            ], 
            [
                -2.297989457380481e-09, 
                0.9999999954938692, 
                2.066313204951218e-09, 
                8.673617379884035e-19
            ], 
            [
                8.269139793035671e-09, 
                2.066313204951218e-09, 
                1.0000000002270595, 
                0.0
            ], 
            [
                0.0, 
                0.0, 
                0.0, 
                1.0
            ]
        ], 
        [
            [
                0.999999999340655, 
                -2.297989457380481e-09, 
                8.269139793035671e-09, 
                -0.6899463657239414
            ], 
            [
                -2.297989457380481e-09, 
                0.9999999954938692, 
                2.066313204951218e-09, 
                0.00488195760876004
            ], 
            [
                8.269139793035671e-09, 
                2.066313204951218e-09, 
                1.0000000002270595, 
                -0.007083638328389222
            ], 
            [
                0.0, 
                0.0, 
                0.0, 
                1.0
            ]
        ]
    ], 
    "tool_contact_area_index": [
        879, 
        1132, 
        1133, 
        1134, 
        1384, 
        1385, 
        1392, 
        1393, 
        1394, 
        1395, 
        1396, 
        1397, 
        1398, 
        1645, 
        1647, 
        1648, 
        1649, 
        1650, 
        1651, 
        1652, 
        1653, 
        1654, 
        1655, 
        1656, 
        1657, 
        1658, 
        1659, 
        1660, 
        1661, 
        1662, 
        1663, 
        1664, 
        1666, 
        1667, 
        1942, 
        1943, 
        1948, 
        1951, 
        1952, 
        1955, 
        1956, 
        1957, 
        1959, 
        1960, 
        1961, 
        1962, 
        1963, 
        1964, 
        1965, 
        1966, 
        1967, 
        1968, 
        1969, 
        1970, 
        1971, 
        1972, 
        1973, 
        1974, 
        1975, 
        1976, 
        2307, 
        2309, 
        2316, 
        2317, 
        2318, 
        2319, 
        2320, 
        2321, 
        2322, 
        2323, 
        2324, 
        2325, 
        2326, 
        2327, 
        2328, 
        2329, 
        2661, 
        2681, 
        2682, 
        2684, 
        2685, 
        2686, 
        2687, 
        2689, 
        2692, 
        2693, 
        2694, 
        2695
    ], 
    "v_start_world_frame": [
        0.7289686233233857, 
        0.6845471099585109, 
        1.893116934222061e-08
    ], 
    "Ttool_goal": [
        [
            -0.7338870819191161, 
            -0.6791959343402016, 
            0.0101308, 
            -0.20926646024626755
        ], 
        [
            -0.6792499577262598, 
            0.7336634762021526, 
            -0.01890486999999988, 
            -0.004679547481028602
        ], 
        [
            0.005407505440943243, 
            -0.020755389506443005, 
            -0.99976996, 
            0.0516771930018591
        ], 
        [
            0.0, 
            0.0, 
            0.0, 
            1.0
        ]
    ], 
    "tool_trajectory_world_frame": [
        [
            [
                -0.7338870819191162, 
                -0.67924995772626, 
                0.005407505440943243, 
                -0.19348441120135174
            ], 
            [
                -0.6791959343402018, 
                0.7336634762021527, 
                -0.020755389506443008, 
                -0.17185449085688506
            ], 
            [
                0.0101308, 
                -0.01890486999999988, 
                -0.99976996, 
                0.1536968773213752
            ], 
            [
                0.0, 
                0.0, 
                0.0, 
                1.0
            ]
        ], 
        [
            [
                -0.7338870819191162, 
                -0.67924995772626, 
                0.005407505440943243, 
                -0.19348441120135174
            ], 
            [
                -0.6791959343402018, 
                0.7336634762021527, 
                -0.020755389506443008, 
                -0.17185449085688506
            ], 
            [
                0.0101308, 
                -0.01890486999999988, 
                -0.99976996, 
                0.0536968773213752
            ], 
            [
                0.0, 
                0.0, 
                0.0, 
                1.0
            ]
        ], 
        [
            [
                -0.7338870819191162, 
                -0.67924995772626, 
                0.005407505440943243, 
                0.3459523730904934
            ], 
            [
                -0.6791959343402018, 
                0.7336634762021527, 
                -0.020755389506443008, 
                0.3347103675303437
            ], 
            [
                0.0101308, 
                -0.01890486999999988, 
                -0.99976996, 
                0.0536968773213752
            ], 
            [
                0.0, 
                0.0, 
                0.0, 
                1.0
            ]
        ], 
        [
            [
                -0.7338870819191162, 
                -0.67924995772626, 
                0.005407505440943243, 
                0.3459523730904934
            ], 
            [
                -0.6791959343402018, 
                0.7336634762021527, 
                -0.020755389506443008, 
                0.3347103675303437
            ], 
            [
                0.0101308, 
                -0.01890486999999988, 
                -0.99976996, 
                0.1536968773213752
            ], 
            [
                0.0, 
                0.0, 
                0.0, 
                1.0
            ]
        ]
    ], 
    "goal_contact_area_index": [
        5049, 
        5052, 
        5060, 
        5207, 
        5280, 
        5281, 
        5284, 
        5285, 
        5287, 
        5289, 
        5290, 
        5436, 
        5439, 
        5440, 
        5441, 
        5442, 
        5443, 
        5444, 
        5445, 
        5446, 
        5447, 
        5448, 
        5449, 
        5643, 
        5644, 
        5645, 
        5646, 
        5647, 
        5648, 
        5649, 
        5650, 
        5651, 
        5652, 
        5653, 
        5655, 
        5658, 
        5659, 
        5660, 
        5661, 
        5667, 
        5862, 
        5863, 
        5864, 
        5865, 
        5866, 
        5867, 
        5869, 
        5870, 
        5871, 
        5872, 
        5873, 
        5874, 
        5875, 
        5876, 
        5877, 
        5878, 
        5880, 
        5881, 
        5896, 
        5898, 
        5902, 
        5903
    ], 
    "changing_point": [
        1, 
        -2
    ], 
    "tool_trajectory_goal_frame": [
        [
            [
                -0.7338870819191161, 
                -0.6792499577262598, 
                0.005407505440943243, 
                -0.1934844112013517
            ], 
            [
                -0.6791959343402016, 
                0.7336634762021526, 
                -0.020755389506443005, 
                -0.17185449085688503
            ], 
            [
                0.0101308, 
                -0.01890486999999988, 
                -0.99976996, 
                0.1536968773213752
            ], 
            [
                0.0, 
                0.0, 
                0.0, 
                1.0
            ]
        ], 
        [
            [
                -0.7338870819191161, 
                -0.6792499577262598, 
                0.005407505440943243, 
                -0.1934844112013517
            ], 
            [
                -0.6791959343402016, 
                0.7336634762021526, 
                -0.020755389506443005, 
                -0.17185449085688503
            ], 
            [
                0.0101308, 
                -0.01890486999999988, 
                -0.99976996, 
                0.0536968773213752
            ], 
            [
                0.0, 
                0.0, 
                0.0, 
                1.0
            ]
        ], 
        [
            [
                -0.7338870819191161, 
                -0.6792499577262598, 
                0.005407505440943243, 
                0.34595237309049337
            ], 
            [
                -0.6791959343402016, 
                0.7336634762021526, 
                -0.020755389506443005, 
                0.33471036753034367
            ], 
            [
                0.0101308, 
                -0.01890486999999988, 
                -0.99976996, 
                0.0536968773213752
            ], 
            [
                0.0, 
                0.0, 
                0.0, 
                1.0
            ]
        ], 
        [
            [
                -0.7338870819191161, 
                -0.6792499577262598, 
                0.005407505440943243, 
                0.34595237309049337
            ], 
            [
                -0.6791959343402016, 
                0.7336634762021526, 
                -0.020755389506443005, 
                0.33471036753034367
            ], 
            [
                0.0101308, 
                -0.01890486999999988, 
                -0.99976996, 
                0.1536968773213752
            ], 
            [
                0.0, 
                0.0, 
                0.0, 
                1.0
            ]
        ]
    ], 
    "Teffectivestart_unhoveringstart": [
        [
            0.999999999340655, 
            -2.297989457380481e-09, 
            8.269139793035671e-09, 
            -0.6899463662999997
        ], 
        [
            -2.297989457380481e-09, 
            0.9999999954938692, 
            2.066313204951218e-09, 
            0.004881957
        ], 
        [
            8.269139793035671e-09, 
            2.066313204951218e-09, 
            1.0000000002270595, 
            -0.007083636599999998
        ], 
        [
            0.0, 
            0.0, 
            0.0, 
            1.0
        ]
    ], 
    "raw sample file path": "learned_samples/ur/simulator/pointcloud/push/plunger/meiying_tool_target/raw/raw_sample_23.txt", 
    "trajectory_thetas": [
        0.6899999989725686
    ], 
    "tool": "plunger", 
    "Tworld_goalend": [
        [
            0.9999999999999999, 
            -2.4936262275483086e-17, 
            0.0, 
            0.5029883529207746
        ], 
        [
            -2.4936262275483086e-17, 
            0.9999999999999999, 
            0.0, 
            0.4723375030907944
        ], 
        [
            0.0, 
            0.0, 
            1.0, 
            0.0
        ], 
        [
            0.0, 
            0.0, 
            0.0, 
            1.0
        ]
    ], 
    "Tworld_toolend": [
        [
            -0.7338870819191162, 
            -0.67924995772626, 
            0.005407505440943243, 
            0.3459523730904934
        ], 
        [
            -0.6791959343402018, 
            0.7336634762021527, 
            -0.020755389506443008, 
            0.3347103675303437
        ], 
        [
            0.0101308, 
            -0.01890486999999988, 
            -0.99976996, 
            0.0536968773213752
        ], 
        [
            0.0, 
            0.0, 
            0.0, 
            1.0
        ]
    ], 
    "hovering_start": [
        [
            -0.7338870819191161, 
            -0.6792499577262598, 
            0.005407505440943243, 
            -0.1934844112013517
        ], 
        [
            -0.6791959343402016, 
            0.7336634762021526, 
            -0.020755389506443005, 
            -0.17185449085688503
        ], 
        [
            0.0101308, 
            -0.01890486999999988, 
            -0.99976996, 
            0.1536968773213752
        ], 
        [
            0.0, 
            0.0, 
            0.0, 
            1.0
        ]
    ], 
    "v_start_tool_frame": [
        -0.9999222700959053, 
        0.007075303137511809, 
        -0.010266150776406798
    ], 
    "task": "push", 
    "unhovering_start": [
        [
            -0.7338870819191161, 
            -0.6792499577262598, 
            0.005407505440943243, 
            0.34595237309049337
        ], 
        [
            -0.6791959343402016, 
            0.7336634762021526, 
            -0.020755389506443005, 
            0.33471036753034367
        ], 
        [
            0.0101308, 
            -0.01890486999999988, 
            -0.99976996, 
            0.0536968773213752
        ], 
        [
            0.0, 
            0.0, 
            0.0, 
            1.0
        ]
    ], 
    "Teffectivestart_hoveringend": [
        [
            0.999999999340655, 
            -2.297989457380481e-09, 
            8.269139793035671e-09, 
            0.04999611349999983
        ], 
        [
            -2.297989457380481e-09, 
            0.9999999954938692, 
            2.066313204951218e-09, 
            -0.0003537650000000319
        ], 
        [
            8.269139793035671e-09, 
            2.066313204951218e-09, 
            1.0000000002270595, 
            0.0005133069999999976
        ], 
        [
            0.0, 
            0.0, 
            0.0, 
            1.0
        ]
    ], 
    "Tworld_toolstart": [
        [
            -0.733887081919116, 
            -0.6792499577262597, 
            0.005407505440943243, 
            -0.15703597898467292
        ], 
        [
            -0.6791959343402015, 
            0.7336634762021524, 
            -0.020755389506443, 
            -0.13762713565169263
        ], 
        [
            0.0101308, 
            -0.01890486999999988, 
            -0.99976996, 
            0.053696875599056164
        ], 
        [
            0.0, 
            0.0, 
            0.0, 
            1.0
        ]
    ], 
    "unhovering_end": [
        [
            -0.7338870819191161, 
            -0.6792499577262598, 
            0.005407505440943243, 
            0.34595237309049337
        ], 
        [
            -0.6791959343402016, 
            0.7336634762021526, 
            -0.020755389506443005, 
            0.33471036753034367
        ], 
        [
            0.0101308, 
            -0.01890486999999988, 
            -0.99976996, 
            0.1536968773213752
        ], 
        [
            0.0, 
            0.0, 
            0.0, 
            1.0
        ]
    ], 
    "trajectory_screw_axes": [
        [
            -0.0, 
            -0.0, 
            -0.0, 
            0.9999222700959053, 
            -0.007075303137511809, 
            0.010266150776406798
        ]
    ]
}