{
    "Tworld_goalstart": [
        [
            1.0, 
            -4.340056497651562e-18, 
            0.0, 
            0.0
        ], 
        [
            -4.340056497651562e-18, 
            1.0, 
            0.0, 
            0.0
        ], 
        [
            0.0, 
            0.0, 
            1.0, 
            0.0
        ], 
        [
            0.0, 
            0.0, 
            0.0, 
            1.0
        ]
    ], 
    "Teffectivestart_hoveringstart": [
        [
            0.9999999993406552, 
            -2.2979895005317275e-09, 
            8.269139799974565e-09, 
            0.051009193499999994
        ], 
        [
            -2.2979895005317275e-09, 
            0.9999999954938694, 
            2.066313198012324e-09, 
            -0.0022442519999999896
        ], 
        [
            8.269139799974565e-09, 
            2.066313198012324e-09, 
            1.0000000002270595, 
            -0.099463689
        ], 
        [
            0.0, 
            0.0, 
            0.0, 
            1.0
        ]
    ], 
    "hovering_end": [
        [
            -0.07003904757776527, 
            -0.9973791187195286, 
            0.01814994363811646, 
            -0.023401571303960124
        ], 
        [
            -0.9974928060123616, 
            0.06983906447260818, 
            -0.011428335600217176, 
            -0.25772572604635074
        ], 
        [
            0.0101308, 
            -0.01890486999999988, 
            -0.99976996, 
            0.0536968773213752
        ], 
        [
            0.0, 
            0.0, 
            0.0, 
            1.0
        ]
    ], 
    "sample file path": "learned_samples/ur/simulator/pointcloud/push/plunger/meiying_tool_target/sample/sample_20.txt", 
    "v_start_goal_frame": [
        0.06279051364335562, 
        0.9980267285694036, 
        1.9305586521772833e-08
    ], 
    "Teffectiveend_unhoveringend": [
        [
            0.9999999993406552, 
            -2.2979895005317275e-09, 
            8.269139799974565e-09, 
            0.0010130799999999995
        ], 
        [
            -2.2979895005317275e-09, 
            0.9999999954938694, 
            2.066313198012324e-09, 
            -0.0018904869999999876
        ], 
        [
            8.269139799974565e-09, 
            2.066313198012324e-09, 
            1.0000000002270595, 
            -0.09997699600000001
        ], 
        [
            0.0, 
            0.0, 
            0.0, 
            1.0
        ]
    ], 
    "task_type": "pose_change", 
    "goal": "meiying_tool_target", 
    "trajectory": [
        [
            [
                0.9999999993406552, 
                -2.2979895005317275e-09, 
                8.269139799974565e-09, 
                0.0
            ], 
            [
                -2.2979895005317275e-09, 
                0.9999999954938694, 
                2.066313198012324e-09, 
                8.673617379884035e-19
            ], 
            [
                8.269139799974565e-09, 
                2.066313198012324e-09, 
                1.0000000002270595, 
                6.938893903907228e-18
            ], 
            [
                0.0, 
                0.0, 
                0.0, 
                1.0
            ]
        ], 
        [
            [
                0.9999999993406552, 
                -2.2979895005317275e-09, 
                8.269139799974565e-09, 
                -0.5999533614239417
            ], 
            [
                -2.2979895005317275e-09, 
                0.9999999954938694, 
                2.066313198012324e-09, 
                0.004245180608760054
            ], 
            [
                8.269139799974565e-09, 
                2.066313198012324e-09, 
                1.0000000002270595, 
                -0.006159685728389215
            ], 
            [
                0.0, 
                0.0, 
                0.0, 
                1.0
            ]
        ]
    ], 
    "tool_contact_area_index": [
        1126, 
        1132, 
        1375, 
        1377, 
        1638, 
        1639, 
        1641, 
        1642, 
        1643, 
        1644, 
        1659, 
        1660, 
        1661, 
        1662, 
        1663, 
        1664, 
        1666, 
        1942, 
        1943, 
        1944, 
        1945, 
        1946, 
        1947, 
        1951, 
        1953, 
        1954, 
        1955, 
        1956, 
        1957, 
        1958, 
        1959, 
        1960, 
        1965, 
        1966, 
        1967, 
        1968, 
        1969, 
        1970, 
        1971, 
        1972, 
        1973, 
        1974, 
        1975, 
        1976, 
        2308, 
        2310, 
        2311, 
        2312, 
        2313, 
        2314, 
        2315, 
        2316, 
        2317, 
        2318, 
        2319, 
        2320, 
        2321, 
        2322, 
        2323, 
        2324, 
        2325, 
        2326, 
        2327, 
        2328, 
        2329, 
        2331, 
        2334, 
        2671, 
        2673, 
        2674, 
        2675, 
        2676, 
        2677, 
        2678, 
        2679, 
        2680, 
        2681, 
        2682, 
        2683, 
        2685, 
        2686, 
        2687, 
        2688, 
        2689, 
        2693, 
        2694, 
        2695, 
        2696, 
        2698, 
        3038, 
        3041, 
        3042, 
        3043
    ], 
    "v_start_world_frame": [
        0.06279051364335562, 
        0.9980267285694036, 
        1.9305586521772833e-08
    ], 
    "Ttool_goal": [
        [
            -0.07003904757776527, 
            -0.9974928060123616, 
            0.0101308, 
            -0.2092664602462675
        ], 
        [
            -0.9973791187195286, 
            0.06983906447260818, 
            -0.01890486999999988, 
            -0.0046795474810285755
        ], 
        [
            0.01814994363811646, 
            -0.011428335600217176, 
            -0.99976996, 
            0.051677193001859106
        ], 
        [
            0.0, 
            0.0, 
            0.0, 
            1.0
        ]
    ], 
    "tool_trajectory_world_frame": [
        [
            [
                -0.07003904757776527, 
                -0.9973791187195286, 
                0.01814994363811646, 
                -0.023401571303960124
            ], 
            [
                -0.9974928060123616, 
                0.06983906447260818, 
                -0.011428335600217176, 
                -0.25772572604635074
            ], 
            [
                0.0101308, 
                -0.01890486999999988, 
                -0.99976996, 
                0.1536968773213752
            ], 
            [
                0.0, 
                0.0, 
                0.0, 
                1.0
            ]
        ], 
        [
            [
                -0.07003904757776527, 
                -0.9973791187195286, 
                0.01814994363811646, 
                -0.023401571303960124
            ], 
            [
                -0.9974928060123616, 
                0.06983906447260818, 
                -0.011428335600217176, 
                -0.25772572604635074
            ], 
            [
                0.0101308, 
                -0.01890486999999988, 
                -0.99976996, 
                0.0536968773213752
            ], 
            [
                0.0, 
                0.0, 
                0.0, 
                1.0
            ]
        ], 
        [
            [
                -0.07003904757776527, 
                -0.9973791187195286, 
                0.01814994363811646, 
                0.01741226639009379
            ], 
            [
                -0.9974928060123616, 
                0.06983906447260818, 
                -0.011428335600217176, 
                0.39099164743202575
            ], 
            [
                0.0101308, 
                -0.01890486999999988, 
                -0.99976996, 
                0.0536968773213752
            ], 
            [
                0.0, 
                0.0, 
                0.0, 
                1.0
            ]
        ], 
        [
            [
                -0.07003904757776527, 
                -0.9973791187195286, 
                0.01814994363811646, 
                0.01741226639009379
            ], 
            [
                -0.9974928060123616, 
                0.06983906447260818, 
                -0.011428335600217176, 
                0.39099164743202575
            ], 
            [
                0.0101308, 
                -0.01890486999999988, 
                -0.99976996, 
                0.1536968773213752
            ], 
            [
                0.0, 
                0.0, 
                0.0, 
                1.0
            ]
        ]
    ], 
    "goal_contact_area_index": [
        4107, 
        4111, 
        4113, 
        4114, 
        4115, 
        4116, 
        4117, 
        4119, 
        4122, 
        4123, 
        4124, 
        4130, 
        4479, 
        4659, 
        4669
    ], 
    "changing_point": [
        1, 
        -2
    ], 
    "tool_trajectory_goal_frame": [
        [
            [
                -0.07003904757776527, 
                -0.9973791187195286, 
                0.01814994363811646, 
                -0.023401571303960124
            ], 
            [
                -0.9974928060123616, 
                0.06983906447260818, 
                -0.011428335600217176, 
                -0.25772572604635074
            ], 
            [
                0.0101308, 
                -0.01890486999999988, 
                -0.99976996, 
                0.1536968773213752
            ], 
            [
                0.0, 
                0.0, 
                0.0, 
                1.0
            ]
        ], 
        [
            [
                -0.07003904757776527, 
                -0.9973791187195286, 
                0.01814994363811646, 
                -0.023401571303960124
            ], 
            [
                -0.9974928060123616, 
                0.06983906447260818, 
                -0.011428335600217176, 
                -0.25772572604635074
            ], 
            [
                0.0101308, 
                -0.01890486999999988, 
                -0.99976996, 
                0.0536968773213752
            ], 
            [
                0.0, 
                0.0, 
                0.0, 
                1.0
            ]
        ], 
        [
            [
                -0.07003904757776527, 
                -0.9973791187195286, 
                0.01814994363811646, 
                0.01741226639009379
            ], 
            [
                -0.9974928060123616, 
                0.06983906447260818, 
                -0.011428335600217176, 
                0.39099164743202575
            ], 
            [
                0.0101308, 
                -0.01890486999999988, 
                -0.99976996, 
                0.0536968773213752
            ], 
            [
                0.0, 
                0.0, 
                0.0, 
                1.0
            ]
        ], 
        [
            [
                -0.07003904757776527, 
                -0.9973791187195286, 
                0.01814994363811646, 
                0.01741226639009379
            ], 
            [
                -0.9974928060123616, 
                0.06983906447260818, 
                -0.011428335600217176, 
                0.39099164743202575
            ], 
            [
                0.0101308, 
                -0.01890486999999988, 
                -0.99976996, 
                0.1536968773213752
            ], 
            [
                0.0, 
                0.0, 
                0.0, 
                1.0
            ]
        ]
    ], 
    "Teffectivestart_unhoveringstart": [
        [
            0.9999999993406552, 
            -2.2979895005317275e-09, 
            8.269139799974565e-09, 
            -0.5999533619999999
        ], 
        [
            -2.2979895005317275e-09, 
            0.9999999954938694, 
            2.066313198012324e-09, 
            0.004245180000000008
        ], 
        [
            8.269139799974565e-09, 
            2.066313198012324e-09, 
            1.0000000002270595, 
            -0.006159683999999992
        ], 
        [
            0.0, 
            0.0, 
            0.0, 
            1.0
        ]
    ], 
    "raw sample file path": "learned_samples/ur/simulator/pointcloud/push/plunger/meiying_tool_target/raw/raw_sample_20.txt", 
    "trajectory_thetas": [
        0.5999999990343258
    ], 
    "tool": "plunger", 
    "Tworld_goalend": [
        [
            1.0, 
            -4.340056497651562e-18, 
            0.0, 
            0.037674311717588234
        ], 
        [
            -4.340056497651562e-18, 
            1.0, 
            0.0, 
            0.598816037056963
        ], 
        [
            0.0, 
            0.0, 
            1.0, 
            0.0
        ], 
        [
            0.0, 
            0.0, 
            0.0, 
            1.0
        ]
    ], 
    "Tworld_toolend": [
        [
            -0.07003904757776527, 
            -0.9973791187195286, 
            0.01814994363811646, 
            0.01741226639009379
        ], 
        [
            -0.9974928060123616, 
            0.06983906447260818, 
            -0.011428335600217176, 
            0.39099164743202575
        ], 
        [
            0.0101308, 
            -0.01890486999999988, 
            -0.99976996, 
            0.0536968773213752
        ], 
        [
            0.0, 
            0.0, 
            0.0, 
            1.0
        ]
    ], 
    "hovering_start": [
        [
            -0.07003904757776527, 
            -0.9973791187195286, 
            0.01814994363811646, 
            -0.023401571303960124
        ], 
        [
            -0.9974928060123616, 
            0.06983906447260818, 
            -0.011428335600217176, 
            -0.25772572604635074
        ], 
        [
            0.0101308, 
            -0.01890486999999988, 
            -0.99976996, 
            0.1536968773213752
        ], 
        [
            0.0, 
            0.0, 
            0.0, 
            1.0
        ]
    ], 
    "v_start_tool_frame": [
        -0.9999222700910925, 
        0.007075303270703065, 
        -0.010266151153379902
    ], 
    "task": "push", 
    "unhovering_start": [
        [
            -0.07003904757776527, 
            -0.9973791187195286, 
            0.01814994363811646, 
            0.01741226639009379
        ], 
        [
            -0.9974928060123616, 
            0.06983906447260818, 
            -0.011428335600217176, 
            0.39099164743202575
        ], 
        [
            0.0101308, 
            -0.01890486999999988, 
            -0.99976996, 
            0.0536968773213752
        ], 
        [
            0.0, 
            0.0, 
            0.0, 
            1.0
        ]
    ], 
    "Teffectivestart_hoveringend": [
        [
            0.9999999993406552, 
            -2.2979895005317275e-09, 
            8.269139799974565e-09, 
            0.049996113499999995
        ], 
        [
            -2.2979895005317275e-09, 
            0.9999999954938694, 
            2.066313198012324e-09, 
            -0.00035376500000000154
        ], 
        [
            8.269139799974565e-09, 
            2.066313198012324e-09, 
            1.0000000002270595, 
            0.0005133070000000045
        ], 
        [
            0.0, 
            0.0, 
            0.0, 
            1.0
        ]
    ], 
    "Tworld_toolstart": [
        [
            -0.07003904757776527, 
            -0.9973791187195286, 
            0.01814994363811646, 
            -0.020262044648613135
        ], 
        [
            -0.9974928060123616, 
            0.06983906447260818, 
            -0.011428335600217176, 
            -0.20782438911259105
        ], 
        [
            0.0101308, 
            -0.01890486999999988, 
            -0.99976996, 
            0.05369687559905617
        ], 
        [
            0.0, 
            0.0, 
            0.0, 
            1.0
        ]
    ], 
    "unhovering_end": [
        [
            -0.07003904757776527, 
            -0.9973791187195286, 
            0.01814994363811646, 
            0.01741226639009379
        ], 
        [
            -0.9974928060123616, 
            0.06983906447260818, 
            -0.011428335600217176, 
            0.39099164743202575
        ], 
        [
            0.0101308, 
            -0.01890486999999988, 
            -0.99976996, 
            0.1536968773213752
        ], 
        [
            0.0, 
            0.0, 
            0.0, 
            1.0
        ]
    ], 
    "trajectory_screw_axes": [
        [
            -0.0, 
            -0.0, 
            -0.0, 
            0.9999222700910925, 
            -0.007075303270703065, 
            0.010266151153379902
        ]
    ]
}