{
    "Tworld_goalstart": [
        [
            1.0, 
            4.436248660930358e-18, 
            0.0, 
            0.0
        ], 
        [
            4.436248660930358e-18, 
            1.0, 
            0.0, 
            0.0
        ], 
        [
            0.0, 
            0.0, 
            1.0, 
            0.0
        ], 
        [
            0.0, 
            0.0, 
            0.0, 
            1.0
        ]
    ], 
    "Teffectivestart_hoveringstart": [
        [
            0.9999999993406554, 
            -2.297989502293556e-09, 
            8.269139799974565e-09, 
            0.05100919350000002
        ], 
        [
            -2.297989502293556e-09, 
            0.9999999954938695, 
            2.066313198012324e-09, 
            -0.002244251999999988
        ], 
        [
            8.269139799974565e-09, 
            2.066313198012324e-09, 
            1.0000000002270595, 
            -0.099463689
        ], 
        [
            0.0, 
            0.0, 
            0.0, 
            1.0
        ]
    ], 
    "hovering_end": [
        [
            0.9929484748469816, 
            0.11828818777175594, 
            0.007824948058575034, 
            0.25754571207443266
        ], 
        [
            0.11811304979158174, 
            -0.9927993281715225, 
            0.01996991478546161, 
            0.025305920210227446
        ], 
        [
            0.0101308, 
            -0.01890486999999988, 
            -0.99976996, 
            0.0536968773213752
        ], 
        [
            0.0, 
            0.0, 
            0.0, 
            1.0
        ]
    ], 
    "sample file path": "learned_samples/ur/simulator/pointcloud/push/plunger/meiying_tool_target/sample/sample_13.txt", 
    "v_start_goal_frame": [
        -0.9921147002776011, 
        -0.12533323994706433, 
        2.0851257446358185e-08
    ], 
    "Teffectiveend_unhoveringend": [
        [
            0.9999999993406554, 
            -2.297989502293556e-09, 
            8.269139799974565e-09, 
            0.0010130799999999995
        ], 
        [
            -2.297989502293556e-09, 
            0.9999999954938695, 
            2.066313198012324e-09, 
            -0.0018904869999999884
        ], 
        [
            8.269139799974565e-09, 
            2.066313198012324e-09, 
            1.0000000002270595, 
            -0.09997699600000001
        ], 
        [
            0.0, 
            0.0, 
            0.0, 
            1.0
        ]
    ], 
    "task_type": "pose_change", 
    "goal": "meiying_tool_target", 
    "trajectory": [
        [
            [
                0.9999999993406554, 
                -2.297989502293556e-09, 
                8.269139799974565e-09, 
                0.0
            ], 
            [
                -2.297989502293556e-09, 
                0.9999999954938695, 
                2.066313198012324e-09, 
                0.0
            ], 
            [
                8.269139799974565e-09, 
                2.066313198012324e-09, 
                1.0000000002270595, 
                6.938893903907228e-18
            ], 
            [
                0.0, 
                0.0, 
                0.0, 
                1.0
            ]
        ], 
        [
            [
                0.9999999993406554, 
                -2.297989502293556e-09, 
                8.269139799974565e-09, 
                -0.38996968472394183
            ], 
            [
                -2.297989502293556e-09, 
                0.9999999954938695, 
                2.066313198012324e-09, 
                0.0027593676087600385
            ], 
            [
                8.269139799974565e-09, 
                2.066313198012324e-09, 
                1.0000000002270595, 
                -0.0040037963283892156
            ], 
            [
                0.0, 
                0.0, 
                0.0, 
                1.0
            ]
        ]
    ], 
    "tool_contact_area_index": [
        662, 
        878, 
        879, 
        881, 
        1127, 
        1131, 
        1132, 
        1133, 
        1373, 
        1378, 
        1380, 
        1382, 
        1383, 
        1384, 
        1385, 
        1386, 
        1387, 
        1388, 
        1389, 
        1390, 
        1391, 
        1392, 
        1393, 
        1394, 
        1395, 
        1397, 
        1399, 
        1638, 
        1639, 
        1640, 
        1641, 
        1642, 
        1643, 
        1644, 
        1645, 
        1646, 
        1647, 
        1648, 
        1649, 
        1650, 
        1651, 
        1652, 
        1653, 
        1654, 
        1655, 
        1656, 
        1657, 
        1658, 
        1659, 
        1660, 
        1661, 
        1662, 
        1663, 
        1664, 
        1665, 
        1666, 
        1945, 
        1949, 
        1950, 
        1951, 
        1954, 
        1955, 
        1956, 
        1957, 
        1958, 
        1959, 
        1960, 
        1961, 
        1962, 
        1963, 
        1964, 
        1965, 
        1966, 
        1967, 
        1968, 
        1969, 
        1970, 
        1971, 
        1972, 
        1973, 
        1974, 
        1975, 
        1976, 
        2316, 
        2317, 
        2318, 
        2319, 
        2320, 
        2321, 
        2322, 
        2323, 
        2324, 
        2325, 
        2326, 
        2327, 
        2328, 
        2329, 
        2671, 
        2672, 
        2679, 
        2681, 
        2682, 
        2684, 
        2685, 
        2693, 
        2694, 
        2695, 
        2698
    ], 
    "v_start_world_frame": [
        -0.9921147002776011, 
        -0.12533323994706433, 
        2.0851257446358185e-08
    ], 
    "Ttool_goal": [
        [
            0.9929484748469816, 
            0.11811304979158174, 
            0.0101308, 
            -0.20926646024626752
        ], 
        [
            0.11828818777175594, 
            -0.9927993281715225, 
            -0.01890486999999988, 
            -0.004679547481028582
        ], 
        [
            0.007824948058575034, 
            0.01996991478546161, 
            -0.99976996, 
            0.051677193001859106
        ], 
        [
            0.0, 
            0.0, 
            0.0, 
            1.0
        ]
    ], 
    "tool_trajectory_world_frame": [
        [
            [
                0.9929484748469816, 
                0.11828818777175594, 
                0.007824948058575034, 
                0.25754571207443266
            ], 
            [
                0.11811304979158174, 
                -0.9927993281715225, 
                0.01996991478546161, 
                0.025305920210227446
            ], 
            [
                0.0101308, 
                -0.01890486999999988, 
                -0.99976996, 
                0.1536968773213752
            ], 
            [
                0.0, 
                0.0, 
                0.0, 
                1.0
            ]
        ], 
        [
            [
                0.9929484748469816, 
                0.11828818777175594, 
                0.007824948058575034, 
                0.25754571207443266
            ], 
            [
                0.11811304979158174, 
                -0.9927993281715225, 
                0.01996991478546161, 
                0.025305920210227446
            ], 
            [
                0.0101308, 
                -0.01890486999999988, 
                -0.99976996, 
                0.0536968773213752
            ], 
            [
                0.0, 
                0.0, 
                0.0, 
                1.0
            ]
        ], 
        [
            [
                0.9929484748469816, 
                0.11828818777175594, 
                0.007824948058575034, 
                -0.17898475650393758
            ], 
            [
                0.11811304979158174, 
                -0.9927993281715225, 
                0.01996991478546161, 
                -0.02984070255806675
            ], 
            [
                0.0101308, 
                -0.01890486999999988, 
                -0.99976996, 
                0.0536968773213752
            ], 
            [
                0.0, 
                0.0, 
                0.0, 
                1.0
            ]
        ], 
        [
            [
                0.9929484748469816, 
                0.11828818777175594, 
                0.007824948058575034, 
                -0.17898475650393758
            ], 
            [
                0.11811304979158174, 
                -0.9927993281715225, 
                0.01996991478546161, 
                -0.02984070255806675
            ], 
            [
                0.0101308, 
                -0.01890486999999988, 
                -0.99976996, 
                0.1536968773213752
            ], 
            [
                0.0, 
                0.0, 
                0.0, 
                1.0
            ]
        ]
    ], 
    "goal_contact_area_index": [
        2629, 
        2631, 
        2632, 
        2887, 
        2898, 
        2901, 
        2902, 
        2903, 
        2904, 
        2905, 
        2906, 
        2907, 
        2908, 
        2909, 
        2911, 
        3138, 
        3139, 
        3140, 
        3141, 
        3142, 
        3145, 
        3148, 
        3149, 
        3150, 
        3152, 
        3154, 
        3156, 
        3157, 
        3158, 
        3159, 
        3160, 
        3161, 
        3162, 
        3163, 
        3164, 
        3165, 
        3166, 
        3173, 
        3176, 
        3177, 
        3188, 
        3189, 
        3507, 
        3508, 
        3509, 
        3510, 
        3511, 
        3512, 
        3513, 
        3514, 
        3515, 
        3516, 
        3517, 
        3518, 
        3520, 
        3521, 
        3522, 
        3523, 
        3524, 
        3525, 
        3526, 
        3527, 
        3528, 
        3529, 
        3530, 
        3531, 
        3533
    ], 
    "changing_point": [
        1, 
        -2
    ], 
    "tool_trajectory_goal_frame": [
        [
            [
                0.9929484748469816, 
                0.11828818777175594, 
                0.007824948058575034, 
                0.25754571207443266
            ], 
            [
                0.11811304979158174, 
                -0.9927993281715225, 
                0.01996991478546161, 
                0.025305920210227446
            ], 
            [
                0.0101308, 
                -0.01890486999999988, 
                -0.99976996, 
                0.1536968773213752
            ], 
            [
                0.0, 
                0.0, 
                0.0, 
                1.0
            ]
        ], 
        [
            [
                0.9929484748469816, 
                0.11828818777175594, 
                0.007824948058575034, 
                0.25754571207443266
            ], 
            [
                0.11811304979158174, 
                -0.9927993281715225, 
                0.01996991478546161, 
                0.025305920210227446
            ], 
            [
                0.0101308, 
                -0.01890486999999988, 
                -0.99976996, 
                0.0536968773213752
            ], 
            [
                0.0, 
                0.0, 
                0.0, 
                1.0
            ]
        ], 
        [
            [
                0.9929484748469816, 
                0.11828818777175594, 
                0.007824948058575034, 
                -0.17898475650393758
            ], 
            [
                0.11811304979158174, 
                -0.9927993281715225, 
                0.01996991478546161, 
                -0.02984070255806675
            ], 
            [
                0.0101308, 
                -0.01890486999999988, 
                -0.99976996, 
                0.0536968773213752
            ], 
            [
                0.0, 
                0.0, 
                0.0, 
                1.0
            ]
        ], 
        [
            [
                0.9929484748469816, 
                0.11828818777175594, 
                0.007824948058575034, 
                -0.17898475650393758
            ], 
            [
                0.11811304979158174, 
                -0.9927993281715225, 
                0.01996991478546161, 
                -0.02984070255806675
            ], 
            [
                0.0101308, 
                -0.01890486999999988, 
                -0.99976996, 
                0.1536968773213752
            ], 
            [
                0.0, 
                0.0, 
                0.0, 
                1.0
            ]
        ]
    ], 
    "Teffectivestart_unhoveringstart": [
        [
            0.9999999993406554, 
            -2.297989502293556e-09, 
            8.269139799974565e-09, 
            -0.38996968530000004
        ], 
        [
            -2.297989502293556e-09, 
            0.9999999954938695, 
            2.066313198012324e-09, 
            0.002759366999999995
        ], 
        [
            8.269139799974565e-09, 
            2.066313198012324e-09, 
            1.0000000002270595, 
            -0.004003794599999992
        ], 
        [
            0.0, 
            0.0, 
            0.0, 
            1.0
        ]
    ], 
    "raw sample file path": "learned_samples/ur/simulator/pointcloud/push/plunger/meiying_tool_target/raw/raw_sample_13.txt", 
    "trajectory_thetas": [
        0.3899999991784251
    ], 
    "tool": "plunger", 
    "Tworld_goalend": [
        [
            1.0, 
            4.436248660930358e-18, 
            0.0, 
            -0.38692473351264633
        ], 
        [
            4.436248660930358e-18, 
            1.0, 
            0.0, 
            -0.048879961090078944
        ], 
        [
            0.0, 
            0.0, 
            1.0, 
            0.0
        ], 
        [
            0.0, 
            0.0, 
            0.0, 
            1.0
        ]
    ], 
    "Tworld_toolend": [
        [
            0.9929484748469816, 
            0.11828818777175594, 
            0.007824948058575034, 
            -0.17898475650393758
        ], 
        [
            0.11811304979158174, 
            -0.9927993281715225, 
            0.01996991478546161, 
            -0.02984070255806675
        ], 
        [
            0.0101308, 
            -0.01890486999999988, 
            -0.99976996, 
            0.0536968773213752
        ], 
        [
            0.0, 
            0.0, 
            0.0, 
            1.0
        ]
    ], 
    "hovering_start": [
        [
            0.9929484748469816, 
            0.11828818777175594, 
            0.007824948058575034, 
            0.25754571207443266
        ], 
        [
            0.11811304979158174, 
            -0.9927993281715225, 
            0.01996991478546161, 
            0.025305920210227446
        ], 
        [
            0.0101308, 
            -0.01890486999999988, 
            -0.99976996, 
            0.1536968773213752
        ], 
        [
            0.0, 
            0.0, 
            0.0, 
            1.0
        ]
    ], 
    "v_start_tool_frame": [
        -0.9999222700712243, 
        0.007075303820543602, 
        -0.010266152709602202
    ], 
    "task": "push", 
    "unhovering_start": [
        [
            0.9929484748469816, 
            0.11828818777175594, 
            0.007824948058575034, 
            -0.17898475650393758
        ], 
        [
            0.11811304979158174, 
            -0.9927993281715225, 
            0.01996991478546161, 
            -0.02984070255806675
        ], 
        [
            0.0101308, 
            -0.01890486999999988, 
            -0.99976996, 
            0.0536968773213752
        ], 
        [
            0.0, 
            0.0, 
            0.0, 
            1.0
        ]
    ], 
    "Teffectivestart_hoveringend": [
        [
            0.9999999993406554, 
            -2.297989502293556e-09, 
            8.269139799974565e-09, 
            0.04999611350000002
        ], 
        [
            -2.297989502293556e-09, 
            0.9999999954938695, 
            2.066313198012324e-09, 
            -0.0003537649999999998
        ], 
        [
            8.269139799974565e-09, 
            2.066313198012324e-09, 
            1.0000000002270595, 
            0.0005133070000000045
        ], 
        [
            0.0, 
            0.0, 
            0.0, 
            1.0
        ]
    ], 
    "Tworld_toolstart": [
        [
            0.9929484748469816, 
            0.11828818777175594, 
            0.007824948058575034, 
            0.2079399763782281
        ], 
        [
            0.11811304979158174, 
            -0.9927993281715225, 
            0.01996991478546161, 
            0.01903925910286456
        ], 
        [
            0.0101308, 
            -0.01890486999999988, 
            -0.99976996, 
            0.05369687559905617
        ], 
        [
            0.0, 
            0.0, 
            0.0, 
            1.0
        ]
    ], 
    "unhovering_end": [
        [
            0.9929484748469816, 
            0.11828818777175594, 
            0.007824948058575034, 
            -0.17898475650393758
        ], 
        [
            0.11811304979158174, 
            -0.9927993281715225, 
            0.01996991478546161, 
            -0.02984070255806675
        ], 
        [
            0.0101308, 
            -0.01890486999999988, 
            -0.99976996, 
            0.1536968773213752
        ], 
        [
            0.0, 
            0.0, 
            0.0, 
            1.0
        ]
    ], 
    "trajectory_screw_axes": [
        [
            -0.0, 
            -0.0, 
            -0.0, 
            0.9999222700712243, 
            -0.007075303820543602, 
            0.010266152709602202
        ]
    ]
}