{
    "Tworld_goalstart": [
        [
            1.0, 
            2.5079129677996607e-17, 
            0.0, 
            0.0
        ], 
        [
            2.5079129677996607e-17, 
            0.9999999999999999, 
            0.0, 
            0.0
        ], 
        [
            0.0, 
            0.0, 
            1.0, 
            0.0
        ], 
        [
            0.0, 
            0.0, 
            0.0, 
            1.0
        ]
    ], 
    "Teffectivestart_hoveringstart": [
        [
            0.9999999993406552, 
            -2.2979895413248342e-09, 
            8.269139798239842e-09, 
            0.051009193499999994
        ], 
        [
            -2.2979895413248342e-09, 
            0.9999999954938694, 
            2.066313201481771e-09, 
            -0.0022442519999999896
        ], 
        [
            8.269139798239842e-09, 
            2.066313201481771e-09, 
            1.0000000002270595, 
            -0.099463689
        ], 
        [
            0.0, 
            0.0, 
            0.0, 
            1.0
        ]
    ], 
    "hovering_end": [
        [
            0.6317745451617832, 
            -0.7748662166572422, 
            0.0210539735623642, 
            0.15936638857544755
        ], 
        [
            -0.7750859889829238, 
            -0.6318425022641674, 
            0.004093593274039889, 
            -0.2038934466775046
        ], 
        [
            0.0101308, 
            -0.01890486999999988, 
            -0.99976996, 
            0.0536968773213752
        ], 
        [
            0.0, 
            0.0, 
            0.0, 
            1.0
        ]
    ], 
    "sample file path": "learned_samples/ur/simulator/pointcloud/push/plunger/meiying_tool_target/sample/sample_17.txt", 
    "v_start_goal_frame": [
        -0.6374239942822356, 
        0.770513238728461, 
        1.981215094412625e-08
    ], 
    "Teffectiveend_unhoveringend": [
        [
            0.9999999993406552, 
            -2.2979895413248342e-09, 
            8.269139798239842e-09, 
            0.001013080000000055
        ], 
        [
            -2.2979895413248342e-09, 
            0.9999999954938694, 
            2.066313201481771e-09, 
            -0.0018904869999999824
        ], 
        [
            8.269139798239842e-09, 
            2.066313201481771e-09, 
            1.0000000002270595, 
            -0.09997699600000001
        ], 
        [
            0.0, 
            0.0, 
            0.0, 
            1.0
        ]
    ], 
    "task_type": "pose_change", 
    "goal": "meiying_tool_target", 
    "trajectory": [
        [
            [
                0.9999999993406552, 
                -2.2979895413248342e-09, 
                8.269139798239842e-09, 
                0.0
            ], 
            [
                -2.2979895413248342e-09, 
                0.9999999954938694, 
                2.066313201481771e-09, 
                1.734723475976807e-18
            ], 
            [
                8.269139798239842e-09, 
                2.066313201481771e-09, 
                1.0000000002270595, 
                6.938893903907228e-18
            ], 
            [
                0.0, 
                0.0, 
                0.0, 
                1.0
            ]
        ], 
        [
            [
                0.9999999993406552, 
                -2.2979895413248342e-09, 
                8.269139798239842e-09, 
                -0.5099603571239416
            ], 
            [
                -2.2979895413248342e-09, 
                0.9999999954938694, 
                2.066313201481771e-09, 
                0.003608403608760115
            ], 
            [
                8.269139798239842e-09, 
                2.066313201481771e-09, 
                1.0000000002270595, 
                -0.005235733128389215
            ], 
            [
                0.0, 
                0.0, 
                0.0, 
                1.0
            ]
        ]
    ], 
    "tool_contact_area_index": [
        661, 
        879, 
        880, 
        881, 
        1124, 
        1128, 
        1129, 
        1132, 
        1133, 
        1381, 
        1382, 
        1383, 
        1384, 
        1385, 
        1386, 
        1387, 
        1388, 
        1389, 
        1390, 
        1391, 
        1392, 
        1393, 
        1394, 
        1395, 
        1398, 
        1399, 
        1638, 
        1639, 
        1640, 
        1641, 
        1642, 
        1643, 
        1644, 
        1645, 
        1646, 
        1647, 
        1648, 
        1649, 
        1650, 
        1651, 
        1652, 
        1653, 
        1654, 
        1655, 
        1656, 
        1657, 
        1658, 
        1659, 
        1660, 
        1661, 
        1662, 
        1663, 
        1666, 
        1942, 
        1943, 
        1944, 
        1945, 
        1946, 
        1947, 
        1948, 
        1949, 
        1950, 
        1951, 
        1952, 
        1953, 
        1954, 
        1955, 
        1956, 
        1957, 
        1958, 
        1959, 
        1960, 
        1961, 
        1962, 
        1963, 
        1964, 
        1965, 
        1966, 
        1967, 
        1968, 
        1969, 
        1970, 
        1971, 
        1972, 
        1973, 
        1974, 
        1975, 
        1976, 
        2307, 
        2308, 
        2309, 
        2310, 
        2311, 
        2312, 
        2313, 
        2314, 
        2315, 
        2316, 
        2317, 
        2318, 
        2319, 
        2320, 
        2321, 
        2322, 
        2323, 
        2324, 
        2325, 
        2326, 
        2327, 
        2328, 
        2329, 
        2331, 
        2665, 
        2671, 
        2673, 
        2674, 
        2675, 
        2676, 
        2677, 
        2678, 
        2679, 
        2680, 
        2681, 
        2683, 
        2685, 
        2687, 
        2688, 
        2693, 
        2694, 
        2695, 
        2696, 
        3038, 
        3041, 
        3042, 
        3044
    ], 
    "v_start_world_frame": [
        -0.6374239942822356, 
        0.7705132387284611, 
        1.981215094412625e-08
    ], 
    "Ttool_goal": [
        [
            0.6317745451617832, 
            -0.7750859889829238, 
            0.0101308, 
            -0.20926646024626744
        ], 
        [
            -0.7748662166572422, 
            -0.6318425022641674, 
            -0.01890486999999988, 
            -0.004679547481028557
        ], 
        [
            0.0210539735623642, 
            0.004093593274039889, 
            -0.99976996, 
            0.051677193001859106
        ], 
        [
            0.0, 
            0.0, 
            0.0, 
            1.0
        ]
    ], 
    "tool_trajectory_world_frame": [
        [
            [
                0.6317745451617832, 
                -0.7748662166572422, 
                0.0210539735623642, 
                0.15936638857544755
            ], 
            [
                -0.7750859889829239, 
                -0.6318425022641674, 
                0.004093593274039889, 
                -0.20389344667750461
            ], 
            [
                0.0101308, 
                -0.01890486999999988, 
                -0.99976996, 
                0.1536968773213752
            ], 
            [
                0.0, 
                0.0, 
                0.0, 
                1.0
            ]
        ], 
        [
            [
                0.6317745451617832, 
                -0.7748662166572422, 
                0.0210539735623642, 
                0.15936638857544755
            ], 
            [
                -0.7750859889829239, 
                -0.6318425022641674, 
                0.004093593274039889, 
                -0.20389344667750461
            ], 
            [
                0.0101308, 
                -0.01890486999999988, 
                -0.99976996, 
                0.0536968773213752
            ], 
            [
                0.0, 
                0.0, 
                0.0, 
                1.0
            ]
        ], 
        [
            [
                0.6317745451617832, 
                -0.7748662166572422, 
                0.0210539735623642, 
                -0.19759104568381897
            ], 
            [
                -0.7750859889829239, 
                -0.6318425022641674, 
                0.004093593274039889, 
                0.22759396927693712
            ], 
            [
                0.0101308, 
                -0.01890486999999988, 
                -0.99976996, 
                0.0536968773213752
            ], 
            [
                0.0, 
                0.0, 
                0.0, 
                1.0
            ]
        ], 
        [
            [
                0.6317745451617832, 
                -0.7748662166572422, 
                0.0210539735623642, 
                -0.19759104568381897
            ], 
            [
                -0.7750859889829239, 
                -0.6318425022641674, 
                0.004093593274039889, 
                0.22759396927693712
            ], 
            [
                0.0101308, 
                -0.01890486999999988, 
                -0.99976996, 
                0.1536968773213752
            ], 
            [
                0.0, 
                0.0, 
                0.0, 
                1.0
            ]
        ]
    ], 
    "goal_contact_area_index": [
        2939, 
        2942, 
        2945, 
        2946, 
        2948, 
        2952, 
        3245, 
        3248, 
        3252, 
        3259, 
        3260, 
        3261, 
        3262, 
        3264, 
        3268, 
        3269, 
        3270, 
        3271, 
        3272, 
        3274, 
        3275, 
        3276, 
        3277, 
        3278, 
        3279, 
        3280, 
        3281, 
        3284, 
        3285, 
        3286, 
        3288, 
        3289, 
        3290, 
        3291, 
        3292, 
        3293, 
        3294, 
        3296, 
        3297, 
        3298, 
        3299, 
        3300, 
        3301, 
        3302, 
        3304, 
        3305, 
        3306, 
        3307, 
        3308, 
        3309, 
        3310, 
        3311, 
        3312, 
        3313, 
        3314, 
        3315, 
        3316, 
        3317, 
        3318, 
        3319, 
        3320, 
        3321, 
        3324, 
        3327, 
        3334, 
        3339, 
        3342, 
        3554, 
        3560, 
        3563, 
        3568, 
        3570, 
        3574, 
        3576, 
        3577, 
        3578, 
        3579, 
        3580, 
        3582, 
        3583, 
        3584, 
        3585, 
        3586, 
        3588, 
        3590, 
        3592, 
        3593, 
        3594, 
        3596, 
        3597, 
        3598, 
        3599, 
        3601, 
        3602, 
        3603, 
        3604, 
        3605, 
        3607, 
        3608, 
        3617, 
        3624, 
        3628, 
        3882, 
        3889, 
        3892, 
        3898
    ], 
    "changing_point": [
        1, 
        -2
    ], 
    "tool_trajectory_goal_frame": [
        [
            [
                0.6317745451617832, 
                -0.7748662166572422, 
                0.0210539735623642, 
                0.15936638857544755
            ], 
            [
                -0.7750859889829238, 
                -0.6318425022641674, 
                0.004093593274039889, 
                -0.2038934466775046
            ], 
            [
                0.0101308, 
                -0.01890486999999988, 
                -0.99976996, 
                0.1536968773213752
            ], 
            [
                0.0, 
                0.0, 
                0.0, 
                1.0
            ]
        ], 
        [
            [
                0.6317745451617832, 
                -0.7748662166572422, 
                0.0210539735623642, 
                0.15936638857544755
            ], 
            [
                -0.7750859889829238, 
                -0.6318425022641674, 
                0.004093593274039889, 
                -0.2038934466775046
            ], 
            [
                0.0101308, 
                -0.01890486999999988, 
                -0.99976996, 
                0.0536968773213752
            ], 
            [
                0.0, 
                0.0, 
                0.0, 
                1.0
            ]
        ], 
        [
            [
                0.6317745451617832, 
                -0.7748662166572422, 
                0.0210539735623642, 
                -0.19759104568381897
            ], 
            [
                -0.7750859889829238, 
                -0.6318425022641674, 
                0.004093593274039889, 
                0.2275939692769371
            ], 
            [
                0.0101308, 
                -0.01890486999999988, 
                -0.99976996, 
                0.0536968773213752
            ], 
            [
                0.0, 
                0.0, 
                0.0, 
                1.0
            ]
        ], 
        [
            [
                0.6317745451617832, 
                -0.7748662166572422, 
                0.0210539735623642, 
                -0.19759104568381897
            ], 
            [
                -0.7750859889829238, 
                -0.6318425022641674, 
                0.004093593274039889, 
                0.2275939692769371
            ], 
            [
                0.0101308, 
                -0.01890486999999988, 
                -0.99976996, 
                0.1536968773213752
            ], 
            [
                0.0, 
                0.0, 
                0.0, 
                1.0
            ]
        ]
    ], 
    "Teffectivestart_unhoveringstart": [
        [
            0.9999999993406552, 
            -2.2979895413248342e-09, 
            8.269139798239842e-09, 
            -0.5099603576999998
        ], 
        [
            -2.2979895413248342e-09, 
            0.9999999954938694, 
            2.066313201481771e-09, 
            0.003608403000000051
        ], 
        [
            8.269139798239842e-09, 
            2.066313201481771e-09, 
            1.0000000002270595, 
            -0.005235731399999992
        ], 
        [
            0.0, 
            0.0, 
            0.0, 
            1.0
        ]
    ], 
    "raw sample file path": "learned_samples/ur/simulator/pointcloud/push/plunger/meiying_tool_target/raw/raw_sample_17.txt", 
    "trajectory_thetas": [
        0.5099999990960825
    ], 
    "tool": "plunger", 
    "Tworld_goalend": [
        [
            1.0, 
            2.5079129677996607e-17, 
            0.0, 
            -0.325086234771832
        ], 
        [
            2.5079129677996607e-17, 
            0.9999999999999999, 
            0.0, 
            0.3929617538156523
        ], 
        [
            0.0, 
            0.0, 
            1.0, 
            0.0
        ], 
        [
            0.0, 
            0.0, 
            0.0, 
            1.0
        ]
    ], 
    "Tworld_toolend": [
        [
            0.6317745451617832, 
            -0.7748662166572422, 
            0.0210539735623642, 
            -0.19759104568381897
        ], 
        [
            -0.7750859889829239, 
            -0.6318425022641674, 
            0.004093593274039889, 
            0.22759396927693712
        ], 
        [
            0.0101308, 
            -0.01890486999999988, 
            -0.99976996, 
            0.0536968773213752
        ], 
        [
            0.0, 
            0.0, 
            0.0, 
            1.0
        ]
    ], 
    "hovering_start": [
        [
            0.6317745451617832, 
            -0.7748662166572422, 
            0.0210539735623642, 
            0.15936638857544755
        ], 
        [
            -0.7750859889829238, 
            -0.6318425022641674, 
            0.004093593274039889, 
            -0.2038934466775046
        ], 
        [
            0.0101308, 
            -0.01890486999999988, 
            -0.99976996, 
            0.1536968773213752
        ], 
        [
            0.0, 
            0.0, 
            0.0, 
            1.0
        ]
    ], 
    "v_start_tool_frame": [
        -0.999922270084581, 
        0.007075303450903077, 
        -0.01026615166340234
    ], 
    "task": "push", 
    "unhovering_start": [
        [
            0.6317745451617832, 
            -0.7748662166572422, 
            0.0210539735623642, 
            -0.19759104568381897
        ], 
        [
            -0.7750859889829238, 
            -0.6318425022641674, 
            0.004093593274039889, 
            0.2275939692769371
        ], 
        [
            0.0101308, 
            -0.01890486999999988, 
            -0.99976996, 
            0.0536968773213752
        ], 
        [
            0.0, 
            0.0, 
            0.0, 
            1.0
        ]
    ], 
    "Teffectivestart_hoveringend": [
        [
            0.9999999993406552, 
            -2.2979895413248342e-09, 
            8.269139798239842e-09, 
            0.049996113499999995
        ], 
        [
            -2.2979895413248342e-09, 
            0.9999999954938694, 
            2.066313201481771e-09, 
            -0.00035376500000000154
        ], 
        [
            8.269139798239842e-09, 
            2.066313201481771e-09, 
            1.0000000002270595, 
            0.0005133070000000045
        ], 
        [
            0.0, 
            0.0, 
            0.0, 
            1.0
        ]
    ], 
    "Tworld_toolstart": [
        [
            0.6317745451617832, 
            -0.7748662166572422, 
            0.0210539735623642, 
            0.12749518923217115
        ], 
        [
            -0.7750859889829237, 
            -0.6318425022641674, 
            0.004093593274039889, 
            -0.16536778370050462
        ], 
        [
            0.0101308, 
            -0.01890486999999988, 
            -0.99976996, 
            0.05369687559905617
        ], 
        [
            0.0, 
            0.0, 
            0.0, 
            1.0
        ]
    ], 
    "unhovering_end": [
        [
            0.6317745451617832, 
            -0.7748662166572422, 
            0.0210539735623642, 
            -0.19759104568381897
        ], 
        [
            -0.7750859889829238, 
            -0.6318425022641674, 
            0.004093593274039889, 
            0.2275939692769371
        ], 
        [
            0.0101308, 
            -0.01890486999999988, 
            -0.99976996, 
            0.1536968773213752
        ], 
        [
            0.0, 
            0.0, 
            0.0, 
            1.0
        ]
    ], 
    "trajectory_screw_axes": [
        [
            -0.0, 
            -0.0, 
            -0.0, 
            0.999922270084581, 
            -0.007075303450903077, 
            0.01026615166340234
        ]
    ]
}