{
    "Tworld_goalstart": [
        [
            1.0000000000000002, 
            4.209444989064144e-18, 
            0.0, 
            0.0
        ], 
        [
            4.209444989064144e-18, 
            1.0, 
            0.0, 
            0.0
        ], 
        [
            0.0, 
            0.0, 
            1.0, 
            0.0
        ], 
        [
            0.0, 
            0.0, 
            0.0, 
            1.0
        ]
    ], 
    "Teffectivestart_hoveringstart": [
        [
            1.0000000000000002, 
            1.6232400870470934e-16, 
            0.0, 
            -0.05000000000000002
        ], 
        [
            1.6232400870470934e-16, 
            1.0000000000000002, 
            0.0, 
            -3.783599046314023e-18
        ], 
        [
            0.0, 
            0.0, 
            1.0, 
            0.1
        ], 
        [
            0.0, 
            0.0, 
            0.0, 
            1.0
        ]
    ], 
    "hovering_end": [
        [
            0.7289686274214117, 
            0.6845471059286888, 
            0.0, 
            -0.03644843137107059
        ], 
        [
            -0.6845471059286887, 
            0.7289686274214116, 
            0.0, 
            0.03422735529643444
        ], 
        [
            0.0, 
            0.0, 
            1.0, 
            0.0
        ], 
        [
            0.0, 
            0.0, 
            0.0, 
            1.0
        ]
    ], 
    "sample file path": "learned_samples/ur/simulator/pointcloud/pull/meiying_L_pull_tool/meiying_tool_target/sample/sample_4.txt", 
    "v_start_goal_frame": [
        0.7289686274214121, 
        -0.6845471059286885, 
        0.0
    ], 
    "Teffectiveend_unhoveringend": [
        [
            1.0000000000000002, 
            1.6232400870470934e-16, 
            0.0, 
            1.3877787807814457e-17
        ], 
        [
            1.6232400870470934e-16, 
            1.0000000000000002, 
            0.0, 
            2.685438590730458e-18
        ], 
        [
            0.0, 
            0.0, 
            1.0, 
            0.1
        ], 
        [
            0.0, 
            0.0, 
            0.0, 
            1.0
        ]
    ], 
    "task_type": "pose_change", 
    "goal": "meiying_tool_target", 
    "trajectory": [
        [
            [
                1.0000000000000002, 
                1.6232400870470934e-16, 
                0.0, 
                -2.9152908537628766e-35
            ], 
            [
                1.6232400870470934e-16, 
                1.0000000000000002, 
                0.0, 
                0.0
            ], 
            [
                0.0, 
                0.0, 
                1.0, 
                0.0
            ], 
            [
                0.0, 
                0.0, 
                0.0, 
                1.0
            ]
        ], 
        [
            [
                1.0000000000000002, 
                1.6232400870470934e-16, 
                0.0, 
                0.12000000000000004
            ], 
            [
                1.6232400870470934e-16, 
                1.0000000000000002, 
                0.0, 
                2.61875588931826e-17
            ], 
            [
                0.0, 
                0.0, 
                1.0, 
                0.0
            ], 
            [
                0.0, 
                0.0, 
                0.0, 
                1.0
            ]
        ]
    ], 
    "tool_contact_area_index": [
        328, 
        332, 
        1148, 
        1163, 
        1187, 
        1192, 
        1193, 
        1196, 
        1201, 
        1202, 
        1203, 
        1204, 
        1205, 
        1206, 
        1549, 
        2817, 
        2818, 
        2820, 
        2821, 
        2822, 
        2823, 
        2824, 
        2825, 
        2828, 
        2831, 
        3836, 
        4178, 
        4180, 
        4181, 
        4182, 
        4185, 
        4186, 
        6215, 
        6329, 
        7115, 
        7116, 
        7117, 
        7118, 
        7122, 
        7123, 
        7124, 
        7128, 
        7130, 
        7132, 
        8117, 
        8155, 
        8156, 
        8157, 
        8158, 
        8161, 
        8162
    ], 
    "v_start_world_frame": [
        0.728968627421412, 
        -0.6845471059286885, 
        0.0
    ], 
    "Ttool_goal": [
        [
            0.7289686274214117, 
            -0.6845471059286887, 
            0.0, 
            0.0
        ], 
        [
            0.6845471059286888, 
            0.7289686274214116, 
            0.0, 
            2.685438590730458e-18
        ], 
        [
            0.0, 
            0.0, 
            1.0, 
            0.0
        ], 
        [
            0.0, 
            0.0, 
            0.0, 
            1.0
        ]
    ], 
    "tool_trajectory_world_frame": [
        [
            [
                0.7289686274214116, 
                0.6845471059286887, 
                0.0, 
                -0.03644843137107058
            ], 
            [
                -0.6845471059286887, 
                0.7289686274214116, 
                0.0, 
                0.03422735529643444
            ], 
            [
                0.0, 
                0.0, 
                1.0, 
                0.1
            ], 
            [
                0.0, 
                0.0, 
                0.0, 
                1.0
            ]
        ], 
        [
            [
                0.7289686274214116, 
                0.6845471059286887, 
                0.0, 
                -0.03644843137107058
            ], 
            [
                -0.6845471059286887, 
                0.7289686274214116, 
                0.0, 
                0.03422735529643444
            ], 
            [
                0.0, 
                0.0, 
                1.0, 
                0.0
            ], 
            [
                0.0, 
                0.0, 
                0.0, 
                1.0
            ]
        ], 
        [
            [
                0.7289686274214116, 
                0.6845471059286887, 
                0.0, 
                0.08747623529056939
            ], 
            [
                -0.6845471059286887, 
                0.7289686274214116, 
                0.0, 
                -0.08214565271144264
            ], 
            [
                0.0, 
                0.0, 
                1.0, 
                0.0
            ], 
            [
                0.0, 
                0.0, 
                0.0, 
                1.0
            ]
        ], 
        [
            [
                0.7289686274214116, 
                0.6845471059286887, 
                0.0, 
                0.08747623529056939
            ], 
            [
                -0.6845471059286887, 
                0.7289686274214116, 
                0.0, 
                -0.08214565271144264
            ], 
            [
                0.0, 
                0.0, 
                1.0, 
                0.1
            ], 
            [
                0.0, 
                0.0, 
                0.0, 
                1.0
            ]
        ]
    ], 
    "goal_contact_area_index": [
        1978, 
        1981, 
        1983, 
        1987, 
        1995, 
        1997, 
        1998, 
        2000, 
        2001, 
        2003, 
        2236, 
        2240, 
        2241, 
        2245, 
        2258, 
        2260, 
        2261, 
        2264, 
        2266, 
        2516, 
        2517, 
        2518, 
        2520, 
        2521, 
        2525, 
        2526, 
        2528, 
        2529, 
        2541, 
        2543, 
        2811, 
        2812, 
        2813, 
        2820, 
        2823, 
        2824, 
        2826, 
        2827, 
        2828, 
        2829, 
        2830, 
        2831, 
        2832, 
        2833, 
        2834, 
        2837, 
        2838, 
        3031, 
        3032, 
        3034, 
        3036, 
        3037, 
        3039, 
        3040, 
        3043, 
        3044, 
        3048, 
        3050, 
        3051, 
        3055, 
        3057, 
        3062, 
        3064, 
        3071, 
        3076, 
        3079, 
        3083, 
        3422, 
        3423, 
        3425, 
        3426, 
        3427, 
        3428, 
        3429, 
        3431, 
        3432, 
        3433, 
        3434, 
        3435, 
        3436, 
        3437, 
        3438, 
        3439, 
        3440, 
        3441, 
        3692, 
        3698, 
        3701, 
        3702, 
        3704, 
        3710, 
        3711, 
        3712, 
        3713, 
        3715, 
        3716, 
        3717, 
        3718, 
        3719, 
        3720, 
        3721, 
        3723, 
        3725, 
        3726, 
        3727, 
        3728, 
        3730, 
        3731, 
        3732, 
        3745, 
        3976, 
        3977, 
        3978
    ], 
    "changing_point": [
        1, 
        -2
    ], 
    "tool_trajectory_goal_frame": [
        [
            [
                0.7289686274214117, 
                0.6845471059286888, 
                0.0, 
                -0.03644843137107059
            ], 
            [
                -0.6845471059286887, 
                0.7289686274214116, 
                0.0, 
                0.03422735529643444
            ], 
            [
                0.0, 
                0.0, 
                1.0, 
                0.1
            ], 
            [
                0.0, 
                0.0, 
                0.0, 
                1.0
            ]
        ], 
        [
            [
                0.7289686274214117, 
                0.6845471059286888, 
                0.0, 
                -0.03644843137107059
            ], 
            [
                -0.6845471059286887, 
                0.7289686274214116, 
                0.0, 
                0.03422735529643444
            ], 
            [
                0.0, 
                0.0, 
                1.0, 
                0.0
            ], 
            [
                0.0, 
                0.0, 
                0.0, 
                1.0
            ]
        ], 
        [
            [
                0.7289686274214117, 
                0.6845471059286888, 
                0.0, 
                0.0874762352905694
            ], 
            [
                -0.6845471059286887, 
                0.7289686274214116, 
                0.0, 
                -0.08214565271144264
            ], 
            [
                0.0, 
                0.0, 
                1.0, 
                0.0
            ], 
            [
                0.0, 
                0.0, 
                0.0, 
                1.0
            ]
        ], 
        [
            [
                0.7289686274214117, 
                0.6845471059286888, 
                0.0, 
                0.0874762352905694
            ], 
            [
                -0.6845471059286887, 
                0.7289686274214116, 
                0.0, 
                -0.08214565271144264
            ], 
            [
                0.0, 
                0.0, 
                1.0, 
                0.1
            ], 
            [
                0.0, 
                0.0, 
                0.0, 
                1.0
            ]
        ]
    ], 
    "Teffectivestart_unhoveringstart": [
        [
            1.0000000000000002, 
            1.6232400870470934e-16, 
            0.0, 
            0.12000000000000004
        ], 
        [
            1.6232400870470934e-16, 
            1.0000000000000002, 
            0.0, 
            2.61875588931826e-17
        ], 
        [
            0.0, 
            0.0, 
            1.0, 
            0.0
        ], 
        [
            0.0, 
            0.0, 
            0.0, 
            1.0
        ]
    ], 
    "raw sample file path": "learned_samples/ur/simulator/pointcloud/pull/meiying_L_pull_tool/meiying_tool_target/raw/raw_sample_4.txt", 
    "trajectory_thetas": [
        0.12000000000000006
    ], 
    "tool": "meiying_L_pull_tool", 
    "Tworld_goalend": [
        [
            1.0000000000000002, 
            4.209444989064144e-18, 
            0.0, 
            0.08747623529056939
        ], 
        [
            4.209444989064144e-18, 
            1.0, 
            0.0, 
            -0.08214565271144264
        ], 
        [
            0.0, 
            0.0, 
            1.0, 
            0.0
        ], 
        [
            0.0, 
            0.0, 
            0.0, 
            1.0
        ]
    ], 
    "Tworld_toolend": [
        [
            0.7289686274214116, 
            0.6845471059286887, 
            0.0, 
            0.08747623529056939
        ], 
        [
            -0.6845471059286887, 
            0.7289686274214116, 
            0.0, 
            -0.08214565271144264
        ], 
        [
            0.0, 
            0.0, 
            1.0, 
            0.0
        ], 
        [
            0.0, 
            0.0, 
            0.0, 
            1.0
        ]
    ], 
    "hovering_start": [
        [
            0.7289686274214117, 
            0.6845471059286888, 
            0.0, 
            -0.03644843137107059
        ], 
        [
            -0.6845471059286887, 
            0.7289686274214116, 
            0.0, 
            0.03422735529643444
        ], 
        [
            0.0, 
            0.0, 
            1.0, 
            0.1
        ], 
        [
            0.0, 
            0.0, 
            0.0, 
            1.0
        ]
    ], 
    "v_start_tool_frame": [
        1.0, 
        3.8055366614789756e-16, 
        0.0
    ], 
    "task": "pull", 
    "unhovering_start": [
        [
            0.7289686274214117, 
            0.6845471059286888, 
            0.0, 
            0.0874762352905694
        ], 
        [
            -0.6845471059286887, 
            0.7289686274214116, 
            0.0, 
            -0.08214565271144264
        ], 
        [
            0.0, 
            0.0, 
            1.0, 
            0.0
        ], 
        [
            0.0, 
            0.0, 
            0.0, 
            1.0
        ]
    ], 
    "Teffectivestart_hoveringend": [
        [
            1.0000000000000002, 
            1.6232400870470934e-16, 
            0.0, 
            -0.05000000000000002
        ], 
        [
            1.6232400870470934e-16, 
            1.0000000000000002, 
            0.0, 
            -3.783599046314023e-18
        ], 
        [
            0.0, 
            0.0, 
            1.0, 
            0.0
        ], 
        [
            0.0, 
            0.0, 
            0.0, 
            1.0
        ]
    ], 
    "Tworld_toolstart": [
        [
            0.7289686274214118, 
            0.684547105928689, 
            0.0, 
            -1.838309215433752e-18
        ], 
        [
            -0.6845471059286887, 
            0.7289686274214116, 
            0.0, 
            -1.957600483509272e-18
        ], 
        [
            0.0, 
            0.0, 
            1.0, 
            0.0
        ], 
        [
            0.0, 
            0.0, 
            0.0, 
            1.0
        ]
    ], 
    "unhovering_end": [
        [
            0.7289686274214117, 
            0.6845471059286888, 
            0.0, 
            0.0874762352905694
        ], 
        [
            -0.6845471059286887, 
            0.7289686274214116, 
            0.0, 
            -0.08214565271144264
        ], 
        [
            0.0, 
            0.0, 
            1.0, 
            0.1
        ], 
        [
            0.0, 
            0.0, 
            0.0, 
            1.0
        ]
    ], 
    "trajectory_screw_axes": [
        [
            -0.0, 
            -0.0, 
            -0.0, 
            -1.0, 
            -3.8055366614789756e-16, 
            -0.0
        ]
    ]
}