{
    "Tworld_goalstart": [
        [
            0.9999999999999999, 
            -1.63469831201726e-17, 
            0.0, 
            0.0
        ], 
        [
            -1.63469831201726e-17, 
            0.9999999999999999, 
            0.0, 
            0.0
        ], 
        [
            0.0, 
            0.0, 
            1.0, 
            0.0
        ], 
        [
            0.0, 
            0.0, 
            0.0, 
            1.0
        ]
    ], 
    "Teffectivestart_hoveringstart": [
        [
            0.9999999999999998, 
            -8.492919851057995e-17, 
            0.0, 
            -0.04999999999999999
        ], 
        [
            -8.492919851057995e-17, 
            0.9999999999999996, 
            0.0, 
            -4.551122690736165e-18
        ], 
        [
            0.0, 
            0.0, 
            1.0, 
            0.1
        ], 
        [
            0.0, 
            0.0, 
            0.0, 
            1.0
        ]
    ], 
    "hovering_end": [
        [
            -0.8090169943749479, 
            -0.5877852522924721, 
            0.0, 
            0.0404508497187474
        ], 
        [
            0.5877852522924722, 
            -0.8090169943749479, 
            0.0, 
            -0.029389262614623612
        ], 
        [
            0.0, 
            0.0, 
            1.0, 
            0.0
        ], 
        [
            0.0, 
            0.0, 
            0.0, 
            1.0
        ]
    ], 
    "sample file path": "learned_samples/ur/simulator/pointcloud/pull/meiying_L_pull_tool/meiying_tool_target/sample/sample_16.txt", 
    "v_start_goal_frame": [
        -0.8090169943749476, 
        0.5877852522924724, 
        0.0
    ], 
    "Teffectiveend_unhoveringend": [
        [
            0.9999999999999998, 
            -8.492919851057995e-17, 
            0.0, 
            0.0
        ], 
        [
            -8.492919851057995e-17, 
            0.9999999999999996, 
            0.0, 
            -3.2805205518200175e-18
        ], 
        [
            0.0, 
            0.0, 
            1.0, 
            0.1
        ], 
        [
            0.0, 
            0.0, 
            0.0, 
            1.0
        ]
    ], 
    "task_type": "pose_change", 
    "goal": "meiying_tool_target", 
    "trajectory": [
        [
            [
                0.9999999999999998, 
                -8.492919851057995e-17, 
                0.0, 
                8.367997723452126e-35
            ], 
            [
                -8.492919851057995e-17, 
                0.9999999999999996, 
                0.0, 
                0.0
            ], 
            [
                0.0, 
                0.0, 
                1.0, 
                0.0
            ], 
            [
                0.0, 
                0.0, 
                0.0, 
                1.0
            ]
        ], 
        [
            [
                0.9999999999999998, 
                -8.492919851057995e-17, 
                0.0, 
                0.47999999999999987
            ], 
            [
                -8.492919851057995e-17, 
                0.9999999999999996, 
                0.0, 
                -3.788453169389008e-17
            ], 
            [
                0.0, 
                0.0, 
                1.0, 
                0.0
            ], 
            [
                0.0, 
                0.0, 
                0.0, 
                1.0
            ]
        ]
    ], 
    "tool_contact_area_index": [
        328, 
        454, 
        1156, 
        1184, 
        1186, 
        1187, 
        1195, 
        1200, 
        1201, 
        1203, 
        1204, 
        1206, 
        1312, 
        1549, 
        2691, 
        2817, 
        2819, 
        2822, 
        2830, 
        3836, 
        3837, 
        4061, 
        4065, 
        4178, 
        4179, 
        6215, 
        6217, 
        6218, 
        6219, 
        6220, 
        6329, 
        7114, 
        7118, 
        7122, 
        7123, 
        7124, 
        7128, 
        7131, 
        7132, 
        8117, 
        8155, 
        8156, 
        8157, 
        8158, 
        8161, 
        8162, 
        8166
    ], 
    "v_start_world_frame": [
        -0.8090169943749477, 
        0.5877852522924724, 
        0.0
    ], 
    "Ttool_goal": [
        [
            -0.8090169943749479, 
            0.5877852522924722, 
            0.0, 
            0.0
        ], 
        [
            -0.5877852522924721, 
            -0.8090169943749479, 
            0.0, 
            -6.848435526441149e-18
        ], 
        [
            0.0, 
            0.0, 
            1.0, 
            0.0
        ], 
        [
            0.0, 
            0.0, 
            0.0, 
            1.0
        ]
    ], 
    "tool_trajectory_world_frame": [
        [
            [
                -0.809016994374948, 
                -0.5877852522924722, 
                0.0, 
                0.040450849718747406
            ], 
            [
                0.5877852522924722, 
                -0.809016994374948, 
                0.0, 
                -0.029389262614623615
            ], 
            [
                0.0, 
                0.0, 
                1.0, 
                0.1
            ], 
            [
                0.0, 
                0.0, 
                0.0, 
                1.0
            ]
        ], 
        [
            [
                -0.809016994374948, 
                -0.5877852522924722, 
                0.0, 
                0.040450849718747406
            ], 
            [
                0.5877852522924722, 
                -0.809016994374948, 
                0.0, 
                -0.029389262614623615
            ], 
            [
                0.0, 
                0.0, 
                1.0, 
                0.0
            ], 
            [
                0.0, 
                0.0, 
                0.0, 
                1.0
            ]
        ], 
        [
            [
                -0.809016994374948, 
                -0.5877852522924722, 
                0.0, 
                -0.38832815729997505
            ], 
            [
                0.5877852522924722, 
                -0.809016994374948, 
                0.0, 
                0.2821369211003867
            ], 
            [
                0.0, 
                0.0, 
                1.0, 
                0.0
            ], 
            [
                0.0, 
                0.0, 
                0.0, 
                1.0
            ]
        ], 
        [
            [
                -0.809016994374948, 
                -0.5877852522924722, 
                0.0, 
                -0.38832815729997505
            ], 
            [
                0.5877852522924722, 
                -0.809016994374948, 
                0.0, 
                0.2821369211003867
            ], 
            [
                0.0, 
                0.0, 
                1.0, 
                0.1
            ], 
            [
                0.0, 
                0.0, 
                0.0, 
                1.0
            ]
        ]
    ], 
    "goal_contact_area_index": [
        4042, 
        4043, 
        4046, 
        4049, 
        4050, 
        4056, 
        4057, 
        4074, 
        4078, 
        4080, 
        4086, 
        4250, 
        4251, 
        4252, 
        4254, 
        4256, 
        4257, 
        4272, 
        4274, 
        4275, 
        4277, 
        4278, 
        4279, 
        4280, 
        4281, 
        4290, 
        4292, 
        4294, 
        4296, 
        4297, 
        4299, 
        4300, 
        4301, 
        4305, 
        4811, 
        4812, 
        4813, 
        4814, 
        4815, 
        4816, 
        4817, 
        4818, 
        4819, 
        4820, 
        4821, 
        4981, 
        4983, 
        4985, 
        4988, 
        4989, 
        4991, 
        4992, 
        4993, 
        4997, 
        4999, 
        5000, 
        5001, 
        5002, 
        5003, 
        5006, 
        5009, 
        5135, 
        5136, 
        5137, 
        5138, 
        5239, 
        5240, 
        5243, 
        5244, 
        5245, 
        5250, 
        5251, 
        5252, 
        5373, 
        5375, 
        5376, 
        6056, 
        6057, 
        6058, 
        6061, 
        6062, 
        6064
    ], 
    "changing_point": [
        1, 
        -2
    ], 
    "tool_trajectory_goal_frame": [
        [
            [
                -0.8090169943749479, 
                -0.5877852522924721, 
                0.0, 
                0.0404508497187474
            ], 
            [
                0.5877852522924722, 
                -0.8090169943749479, 
                0.0, 
                -0.029389262614623612
            ], 
            [
                0.0, 
                0.0, 
                1.0, 
                0.1
            ], 
            [
                0.0, 
                0.0, 
                0.0, 
                1.0
            ]
        ], 
        [
            [
                -0.8090169943749479, 
                -0.5877852522924721, 
                0.0, 
                0.0404508497187474
            ], 
            [
                0.5877852522924722, 
                -0.8090169943749479, 
                0.0, 
                -0.029389262614623612
            ], 
            [
                0.0, 
                0.0, 
                1.0, 
                0.0
            ], 
            [
                0.0, 
                0.0, 
                0.0, 
                1.0
            ]
        ], 
        [
            [
                -0.8090169943749479, 
                -0.5877852522924721, 
                0.0, 
                -0.388328157299975
            ], 
            [
                0.5877852522924722, 
                -0.8090169943749479, 
                0.0, 
                0.2821369211003867
            ], 
            [
                0.0, 
                0.0, 
                1.0, 
                0.0
            ], 
            [
                0.0, 
                0.0, 
                0.0, 
                1.0
            ]
        ], 
        [
            [
                -0.8090169943749479, 
                -0.5877852522924721, 
                0.0, 
                -0.388328157299975
            ], 
            [
                0.5877852522924722, 
                -0.8090169943749479, 
                0.0, 
                0.2821369211003867
            ], 
            [
                0.0, 
                0.0, 
                1.0, 
                0.1
            ], 
            [
                0.0, 
                0.0, 
                0.0, 
                1.0
            ]
        ]
    ], 
    "Teffectivestart_unhoveringstart": [
        [
            0.9999999999999998, 
            -8.492919851057995e-17, 
            0.0, 
            0.47999999999999987
        ], 
        [
            -8.492919851057995e-17, 
            0.9999999999999996, 
            0.0, 
            -3.788453169389008e-17
        ], 
        [
            0.0, 
            0.0, 
            1.0, 
            0.0
        ], 
        [
            0.0, 
            0.0, 
            0.0, 
            1.0
        ]
    ], 
    "raw sample file path": "learned_samples/ur/simulator/pointcloud/pull/meiying_L_pull_tool/meiying_tool_target/raw/raw_sample_16.txt", 
    "trajectory_thetas": [
        0.47999999999999976
    ], 
    "tool": "meiying_L_pull_tool", 
    "Tworld_goalend": [
        [
            0.9999999999999999, 
            -1.63469831201726e-17, 
            0.0, 
            -0.38832815729997505
        ], 
        [
            -1.63469831201726e-17, 
            0.9999999999999999, 
            0.0, 
            0.2821369211003867
        ], 
        [
            0.0, 
            0.0, 
            1.0, 
            0.0
        ], 
        [
            0.0, 
            0.0, 
            0.0, 
            1.0
        ]
    ], 
    "Tworld_toolend": [
        [
            -0.809016994374948, 
            -0.5877852522924722, 
            0.0, 
            -0.38832815729997505
        ], 
        [
            0.5877852522924722, 
            -0.809016994374948, 
            0.0, 
            0.2821369211003867
        ], 
        [
            0.0, 
            0.0, 
            1.0, 
            0.0
        ], 
        [
            0.0, 
            0.0, 
            0.0, 
            1.0
        ]
    ], 
    "hovering_start": [
        [
            -0.8090169943749479, 
            -0.5877852522924721, 
            0.0, 
            0.0404508497187474
        ], 
        [
            0.5877852522924722, 
            -0.8090169943749479, 
            0.0, 
            -0.029389262614623612
        ], 
        [
            0.0, 
            0.0, 
            1.0, 
            0.1
        ], 
        [
            0.0, 
            0.0, 
            0.0, 
            1.0
        ]
    ], 
    "v_start_tool_frame": [
        1.0, 
        -1.6385530620618432e-16, 
        0.0
    ], 
    "task": "pull", 
    "unhovering_start": [
        [
            -0.8090169943749479, 
            -0.5877852522924721, 
            0.0, 
            -0.388328157299975
        ], 
        [
            0.5877852522924722, 
            -0.8090169943749479, 
            0.0, 
            0.2821369211003867
        ], 
        [
            0.0, 
            0.0, 
            1.0, 
            0.0
        ], 
        [
            0.0, 
            0.0, 
            0.0, 
            1.0
        ]
    ], 
    "Teffectivestart_hoveringend": [
        [
            0.9999999999999998, 
            -8.492919851057995e-17, 
            0.0, 
            -0.04999999999999999
        ], 
        [
            -8.492919851057995e-17, 
            0.9999999999999996, 
            0.0, 
            -4.551122690736165e-18
        ], 
        [
            0.0, 
            0.0, 
            1.0, 
            0.0
        ], 
        [
            0.0, 
            0.0, 
            0.0, 
            1.0
        ]
    ], 
    "Tworld_toolstart": [
        [
            -0.8090169943749478, 
            -0.587785252292472, 
            0.0, 
            -4.02540940371794e-18
        ], 
        [
            0.5877852522924722, 
            -0.8090169943749478, 
            0.0, 
            -5.5405007257720316e-18
        ], 
        [
            0.0, 
            0.0, 
            1.0, 
            0.0
        ], 
        [
            0.0, 
            0.0, 
            0.0, 
            1.0
        ]
    ], 
    "unhovering_end": [
        [
            -0.8090169943749479, 
            -0.5877852522924721, 
            0.0, 
            -0.388328157299975
        ], 
        [
            0.5877852522924722, 
            -0.8090169943749479, 
            0.0, 
            0.2821369211003867
        ], 
        [
            0.0, 
            0.0, 
            1.0, 
            0.1
        ], 
        [
            0.0, 
            0.0, 
            0.0, 
            1.0
        ]
    ], 
    "trajectory_screw_axes": [
        [
            -0.0, 
            -0.0, 
            -0.0, 
            -1.0, 
            1.6385530620618432e-16, 
            -0.0
        ]
    ]
}