{
    "Tworld_goalstart": [
        [
            1.0, 
            -8.85750335758604e-19, 
            0.0, 
            0.0
        ], 
        [
            -8.85750335758604e-19, 
            0.9999999999999999, 
            0.0, 
            0.0
        ], 
        [
            0.0, 
            0.0, 
            1.0, 
            0.0
        ], 
        [
            0.0, 
            0.0, 
            0.0, 
            1.0
        ]
    ], 
    "Teffectivestart_hoveringstart": [
        [
            0.9999999999999999, 
            5.53794573766746e-17, 
            0.0, 
            -0.049999999999999996
        ], 
        [
            5.53794573766746e-17, 
            0.9999999999999997, 
            0.0, 
            -2.2021359776033054e-18
        ], 
        [
            0.0, 
            0.0, 
            1.0, 
            0.1
        ], 
        [
            0.0, 
            0.0, 
            0.0, 
            1.0
        ]
    ], 
    "hovering_end": [
        [
            0.9685831611286311, 
            0.2486898871648548, 
            0.0, 
            -0.048429158056431554
        ], 
        [
            -0.24868988716485477, 
            0.968583161128631, 
            0.0, 
            0.012434494358242738
        ], 
        [
            0.0, 
            0.0, 
            1.0, 
            0.0
        ], 
        [
            0.0, 
            0.0, 
            0.0, 
            1.0
        ]
    ], 
    "sample file path": "learned_samples/ur/simulator/pointcloud/pull/meiying_L_pull_tool/meiying_tool_target/sample/sample_2.txt", 
    "v_start_goal_frame": [
        0.9685831611286311, 
        -0.2486898871648546, 
        0.0
    ], 
    "Teffectiveend_unhoveringend": [
        [
            0.9999999999999999, 
            5.53794573766746e-17, 
            0.0, 
            0.0
        ], 
        [
            5.53794573766746e-17, 
            0.9999999999999997, 
            0.0, 
            8.727662445823548e-20
        ], 
        [
            0.0, 
            0.0, 
            1.0, 
            0.1
        ], 
        [
            0.0, 
            0.0, 
            0.0, 
            1.0
        ]
    ], 
    "task_type": "pose_change", 
    "goal": "meiying_tool_target", 
    "trajectory": [
        [
            [
                0.9999999999999999, 
                5.53794573766746e-17, 
                0.0, 
                7.049782844858018e-38
            ], 
            [
                5.53794573766746e-17, 
                0.9999999999999997, 
                0.0, 
                0.0
            ], 
            [
                0.0, 
                0.0, 
                1.0, 
                0.0
            ], 
            [
                0.0, 
                0.0, 
                0.0, 
                1.0
            ]
        ], 
        [
            [
                0.9999999999999999, 
                5.53794573766746e-17, 
                0.0, 
                0.059999999999999984
            ], 
            [
                5.53794573766746e-17, 
                0.9999999999999997, 
                0.0, 
                3.776615772446913e-18
            ], 
            [
                0.0, 
                0.0, 
                1.0, 
                0.0
            ], 
            [
                0.0, 
                0.0, 
                0.0, 
                1.0
            ]
        ]
    ], 
    "tool_contact_area_index": [
        328, 
        1184, 
        1185, 
        1187, 
        1195, 
        1197, 
        1204, 
        4059, 
        4178, 
        4184, 
        4186, 
        8156, 
        8157, 
        8161, 
        8164, 
        8166
    ], 
    "v_start_world_frame": [
        0.9685831611286311, 
        -0.24868988716485463, 
        0.0
    ], 
    "Ttool_goal": [
        [
            0.9685831611286311, 
            -0.24868988716485477, 
            0.0, 
            0.0
        ], 
        [
            0.2486898871648548, 
            0.968583161128631, 
            0.0, 
            2.1989219603506337e-19
        ], 
        [
            0.0, 
            0.0, 
            1.0, 
            0.0
        ], 
        [
            0.0, 
            0.0, 
            0.0, 
            1.0
        ]
    ], 
    "tool_trajectory_world_frame": [
        [
            [
                0.9685831611286311, 
                0.2486898871648548, 
                0.0, 
                -0.048429158056431554
            ], 
            [
                -0.2486898871648548, 
                0.9685831611286311, 
                0.0, 
                0.01243449435824274
            ], 
            [
                0.0, 
                0.0, 
                1.0, 
                0.1
            ], 
            [
                0.0, 
                0.0, 
                0.0, 
                1.0
            ]
        ], 
        [
            [
                0.9685831611286311, 
                0.2486898871648548, 
                0.0, 
                -0.048429158056431554
            ], 
            [
                -0.2486898871648548, 
                0.9685831611286311, 
                0.0, 
                0.01243449435824274
            ], 
            [
                0.0, 
                0.0, 
                1.0, 
                0.0
            ], 
            [
                0.0, 
                0.0, 
                0.0, 
                1.0
            ]
        ], 
        [
            [
                0.9685831611286311, 
                0.2486898871648548, 
                0.0, 
                0.05811498966771786
            ], 
            [
                -0.2486898871648548, 
                0.9685831611286311, 
                0.0, 
                -0.014921393229891286
            ], 
            [
                0.0, 
                0.0, 
                1.0, 
                0.0
            ], 
            [
                0.0, 
                0.0, 
                0.0, 
                1.0
            ]
        ], 
        [
            [
                0.9685831611286311, 
                0.2486898871648548, 
                0.0, 
                0.05811498966771786
            ], 
            [
                -0.2486898871648548, 
                0.9685831611286311, 
                0.0, 
                -0.014921393229891286
            ], 
            [
                0.0, 
                0.0, 
                1.0, 
                0.1
            ], 
            [
                0.0, 
                0.0, 
                0.0, 
                1.0
            ]
        ]
    ], 
    "goal_contact_area_index": [
        2817, 
        3039, 
        3976
    ], 
    "changing_point": [
        1, 
        -2
    ], 
    "tool_trajectory_goal_frame": [
        [
            [
                0.9685831611286311, 
                0.2486898871648548, 
                0.0, 
                -0.048429158056431554
            ], 
            [
                -0.24868988716485477, 
                0.968583161128631, 
                0.0, 
                0.012434494358242738
            ], 
            [
                0.0, 
                0.0, 
                1.0, 
                0.1
            ], 
            [
                0.0, 
                0.0, 
                0.0, 
                1.0
            ]
        ], 
        [
            [
                0.9685831611286311, 
                0.2486898871648548, 
                0.0, 
                -0.048429158056431554
            ], 
            [
                -0.24868988716485477, 
                0.968583161128631, 
                0.0, 
                0.012434494358242738
            ], 
            [
                0.0, 
                0.0, 
                1.0, 
                0.0
            ], 
            [
                0.0, 
                0.0, 
                0.0, 
                1.0
            ]
        ], 
        [
            [
                0.9685831611286311, 
                0.2486898871648548, 
                0.0, 
                0.05811498966771786
            ], 
            [
                -0.24868988716485477, 
                0.968583161128631, 
                0.0, 
                -0.014921393229891285
            ], 
            [
                0.0, 
                0.0, 
                1.0, 
                0.0
            ], 
            [
                0.0, 
                0.0, 
                0.0, 
                1.0
            ]
        ], 
        [
            [
                0.9685831611286311, 
                0.2486898871648548, 
                0.0, 
                0.05811498966771786
            ], 
            [
                -0.24868988716485477, 
                0.968583161128631, 
                0.0, 
                -0.014921393229891285
            ], 
            [
                0.0, 
                0.0, 
                1.0, 
                0.1
            ], 
            [
                0.0, 
                0.0, 
                0.0, 
                1.0
            ]
        ]
    ], 
    "Teffectivestart_unhoveringstart": [
        [
            0.9999999999999999, 
            5.53794573766746e-17, 
            0.0, 
            0.059999999999999984
        ], 
        [
            5.53794573766746e-17, 
            0.9999999999999997, 
            0.0, 
            3.776615772446913e-18
        ], 
        [
            0.0, 
            0.0, 
            1.0, 
            0.0
        ], 
        [
            0.0, 
            0.0, 
            0.0, 
            1.0
        ]
    ], 
    "raw sample file path": "learned_samples/ur/simulator/pointcloud/pull/meiying_L_pull_tool/meiying_tool_target/raw/raw_sample_2.txt", 
    "trajectory_thetas": [
        0.05999999999999998
    ], 
    "tool": "meiying_L_pull_tool", 
    "Tworld_goalend": [
        [
            1.0, 
            -8.85750335758604e-19, 
            0.0, 
            0.05811498966771786
        ], 
        [
            -8.85750335758604e-19, 
            0.9999999999999999, 
            0.0, 
            -0.014921393229891286
        ], 
        [
            0.0, 
            0.0, 
            1.0, 
            0.0
        ], 
        [
            0.0, 
            0.0, 
            0.0, 
            1.0
        ]
    ], 
    "Tworld_toolend": [
        [
            0.9685831611286311, 
            0.2486898871648548, 
            0.0, 
            0.05811498966771786
        ], 
        [
            -0.2486898871648548, 
            0.9685831611286311, 
            0.0, 
            -0.014921393229891286
        ], 
        [
            0.0, 
            0.0, 
            1.0, 
            0.0
        ], 
        [
            0.0, 
            0.0, 
            0.0, 
            1.0
        ]
    ], 
    "hovering_start": [
        [
            0.9685831611286311, 
            0.2486898871648548, 
            0.0, 
            -0.048429158056431554
        ], 
        [
            -0.24868988716485477, 
            0.968583161128631, 
            0.0, 
            0.012434494358242738
        ], 
        [
            0.0, 
            0.0, 
            1.0, 
            0.1
        ], 
        [
            0.0, 
            0.0, 
            0.0, 
            1.0
        ]
    ], 
    "v_start_tool_frame": [
        1.0, 
        1.1832305358412317e-16, 
        0.0
    ], 
    "task": "pull", 
    "unhovering_start": [
        [
            0.9685831611286311, 
            0.2486898871648548, 
            0.0, 
            0.05811498966771786
        ], 
        [
            -0.24868988716485477, 
            0.968583161128631, 
            0.0, 
            -0.014921393229891285
        ], 
        [
            0.0, 
            0.0, 
            1.0, 
            0.0
        ], 
        [
            0.0, 
            0.0, 
            0.0, 
            1.0
        ]
    ], 
    "Teffectivestart_hoveringend": [
        [
            0.9999999999999999, 
            5.53794573766746e-17, 
            0.0, 
            -0.049999999999999996
        ], 
        [
            5.53794573766746e-17, 
            0.9999999999999997, 
            0.0, 
            -2.2021359776033054e-18
        ], 
        [
            0.0, 
            0.0, 
            1.0, 
            0.0
        ], 
        [
            0.0, 
            0.0, 
            0.0, 
            1.0
        ]
    ], 
    "Tworld_toolstart": [
        [
            0.9685831611286311, 
            0.2486898871648548, 
            0.0, 
            -5.468496542039204e-20
        ], 
        [
            -0.24868988716485474, 
            0.9685831611286309, 
            0.0, 
            -2.1298387834315828e-19
        ], 
        [
            0.0, 
            0.0, 
            1.0, 
            0.0
        ], 
        [
            0.0, 
            0.0, 
            0.0, 
            1.0
        ]
    ], 
    "unhovering_end": [
        [
            0.9685831611286311, 
            0.2486898871648548, 
            0.0, 
            0.05811498966771786
        ], 
        [
            -0.24868988716485477, 
            0.968583161128631, 
            0.0, 
            -0.014921393229891285
        ], 
        [
            0.0, 
            0.0, 
            1.0, 
            0.1
        ], 
        [
            0.0, 
            0.0, 
            0.0, 
            1.0
        ]
    ], 
    "trajectory_screw_axes": [
        [
            -0.0, 
            -0.0, 
            -0.0, 
            -1.0, 
            -1.1832305358412317e-16, 
            -0.0
        ]
    ]
}