{
    "Tworld_goalstart": [
        [
            1.0, 
            2.5079129677996607e-17, 
            0.0, 
            0.0
        ], 
        [
            2.5079129677996607e-17, 
            0.9999999999999999, 
            0.0, 
            0.0
        ], 
        [
            0.0, 
            0.0, 
            1.0, 
            0.0
        ], 
        [
            0.0, 
            0.0, 
            0.0, 
            1.0
        ]
    ], 
    "Teffectivestart_hoveringstart": [
        [
            0.9999999999999998, 
            4.5689149308745953e-17, 
            0.0, 
            -0.04999999999999999
        ], 
        [
            4.5689149308745953e-17, 
            0.9999999999999999, 
            0.0, 
            -3.205765094561462e-17
        ], 
        [
            0.0, 
            0.0, 
            1.0, 
            0.1
        ], 
        [
            0.0, 
            0.0, 
            0.0, 
            1.0
        ]
    ], 
    "hovering_end": [
        [
            -0.6374239897486902, 
            -0.7705132427757888, 
            0.0, 
            0.03187119948743451
        ], 
        [
            0.7705132427757887, 
            -0.6374239897486902, 
            0.0, 
            -0.038525662138789434
        ], 
        [
            0.0, 
            0.0, 
            1.0, 
            0.0
        ], 
        [
            0.0, 
            0.0, 
            0.0, 
            1.0
        ]
    ], 
    "sample file path": "learned_samples/ur/simulator/pointcloud/pull/meiying_L_pull_tool/meiying_tool_target/sample/sample_17.txt", 
    "v_start_goal_frame": [
        -0.6374239897486903, 
        0.7705132427757884, 
        0.0
    ], 
    "Teffectiveend_unhoveringend": [
        [
            0.9999999999999998, 
            4.5689149308745953e-17, 
            0.0, 
            0.0
        ], 
        [
            4.5689149308745953e-17, 
            0.9999999999999999, 
            0.0, 
            9.271107062091132e-18
        ], 
        [
            0.0, 
            0.0, 
            1.0, 
            0.1
        ], 
        [
            0.0, 
            0.0, 
            0.0, 
            1.0
        ]
    ], 
    "task_type": "pose_change", 
    "goal": "meiying_tool_target", 
    "trajectory": [
        [
            [
                0.9999999999999998, 
                4.5689149308745953e-17, 
                0.0, 
                -1.863277766229208e-34
            ], 
            [
                4.5689149308745953e-17, 
                0.9999999999999999, 
                0.0, 
                0.0
            ], 
            [
                0.0, 
                0.0, 
                1.0, 
                0.0
            ], 
            [
                0.0, 
                0.0, 
                0.0, 
                1.0
            ]
        ], 
        [
            [
                0.9999999999999998, 
                4.5689149308745953e-17, 
                0.0, 
                0.5099999999999999
            ], 
            [
                4.5689149308745953e-17, 
                0.9999999999999999, 
                0.0, 
                3.866922586206881e-17
            ], 
            [
                0.0, 
                0.0, 
                1.0, 
                0.0
            ], 
            [
                0.0, 
                0.0, 
                0.0, 
                1.0
            ]
        ]
    ], 
    "tool_contact_area_index": [
        328, 
        454, 
        1154, 
        1187, 
        1193, 
        1200, 
        1201, 
        1204, 
        1206, 
        1549, 
        1979, 
        2691, 
        2817, 
        2818, 
        2819, 
        2823, 
        2825, 
        3836, 
        3837, 
        4059, 
        4064, 
        4992, 
        6215, 
        6217, 
        6218, 
        6219, 
        6329, 
        7113, 
        7115, 
        7116, 
        7117, 
        7118, 
        7122, 
        7123, 
        7124, 
        7128, 
        7129, 
        7131, 
        8082, 
        8083, 
        8116, 
        8117, 
        8155, 
        8157, 
        8158, 
        8160, 
        8161, 
        8162, 
        8163, 
        8819
    ], 
    "v_start_world_frame": [
        -0.6374239897486903, 
        0.7705132427757885, 
        0.0
    ], 
    "Ttool_goal": [
        [
            -0.6374239897486902, 
            0.7705132427757887, 
            0.0, 
            0.0
        ], 
        [
            -0.7705132427757888, 
            -0.6374239897486902, 
            0.0, 
            -2.6113032431280148e-17
        ], 
        [
            0.0, 
            0.0, 
            1.0, 
            0.0
        ], 
        [
            0.0, 
            0.0, 
            0.0, 
            1.0
        ]
    ], 
    "tool_trajectory_world_frame": [
        [
            [
                -0.6374239897486902, 
                -0.7705132427757888, 
                0.0, 
                0.03187119948743451
            ], 
            [
                0.7705132427757888, 
                -0.6374239897486902, 
                0.0, 
                -0.03852566213878944
            ], 
            [
                0.0, 
                0.0, 
                1.0, 
                0.1
            ], 
            [
                0.0, 
                0.0, 
                0.0, 
                1.0
            ]
        ], 
        [
            [
                -0.6374239897486902, 
                -0.7705132427757888, 
                0.0, 
                0.03187119948743451
            ], 
            [
                0.7705132427757888, 
                -0.6374239897486902, 
                0.0, 
                -0.03852566213878944
            ], 
            [
                0.0, 
                0.0, 
                1.0, 
                0.0
            ], 
            [
                0.0, 
                0.0, 
                0.0, 
                1.0
            ]
        ], 
        [
            [
                -0.6374239897486902, 
                -0.7705132427757888, 
                0.0, 
                -0.325086234771832
            ], 
            [
                0.7705132427757888, 
                -0.6374239897486902, 
                0.0, 
                0.3929617538156523
            ], 
            [
                0.0, 
                0.0, 
                1.0, 
                0.0
            ], 
            [
                0.0, 
                0.0, 
                0.0, 
                1.0
            ]
        ], 
        [
            [
                -0.6374239897486902, 
                -0.7705132427757888, 
                0.0, 
                -0.325086234771832
            ], 
            [
                0.7705132427757888, 
                -0.6374239897486902, 
                0.0, 
                0.3929617538156523
            ], 
            [
                0.0, 
                0.0, 
                1.0, 
                0.1
            ], 
            [
                0.0, 
                0.0, 
                0.0, 
                1.0
            ]
        ]
    ], 
    "goal_contact_area_index": [
        4071, 
        4073, 
        4080, 
        4082, 
        4250, 
        4286, 
        4287, 
        4414, 
        4422, 
        4577, 
        4578, 
        4579, 
        4811, 
        4812, 
        4815, 
        4817, 
        4819, 
        4820, 
        4822, 
        4823, 
        4986, 
        4987, 
        4988, 
        4990, 
        4991, 
        4992, 
        4994, 
        4995, 
        5003, 
        5006, 
        5007, 
        5010, 
        5011, 
        5012, 
        5136, 
        5143, 
        5144, 
        5145, 
        5148, 
        5151, 
        5153, 
        5155, 
        5156, 
        5157, 
        5158, 
        5159, 
        5160, 
        5161, 
        5162, 
        5163, 
        5165, 
        5166, 
        5167, 
        5170, 
        5173, 
        5175, 
        5176, 
        5246, 
        5247, 
        5248, 
        5254, 
        5255, 
        5256, 
        5260, 
        5261, 
        5267, 
        5268, 
        5269, 
        5271, 
        5272, 
        5273, 
        5274, 
        5275, 
        5276, 
        5413, 
        5422, 
        5430
    ], 
    "changing_point": [
        1, 
        -2
    ], 
    "tool_trajectory_goal_frame": [
        [
            [
                -0.6374239897486902, 
                -0.7705132427757888, 
                0.0, 
                0.03187119948743451
            ], 
            [
                0.7705132427757887, 
                -0.6374239897486902, 
                0.0, 
                -0.038525662138789434
            ], 
            [
                0.0, 
                0.0, 
                1.0, 
                0.1
            ], 
            [
                0.0, 
                0.0, 
                0.0, 
                1.0
            ]
        ], 
        [
            [
                -0.6374239897486902, 
                -0.7705132427757888, 
                0.0, 
                0.03187119948743451
            ], 
            [
                0.7705132427757887, 
                -0.6374239897486902, 
                0.0, 
                -0.038525662138789434
            ], 
            [
                0.0, 
                0.0, 
                1.0, 
                0.0
            ], 
            [
                0.0, 
                0.0, 
                0.0, 
                1.0
            ]
        ], 
        [
            [
                -0.6374239897486902, 
                -0.7705132427757888, 
                0.0, 
                -0.325086234771832
            ], 
            [
                0.7705132427757887, 
                -0.6374239897486902, 
                0.0, 
                0.39296175381565224
            ], 
            [
                0.0, 
                0.0, 
                1.0, 
                0.0
            ], 
            [
                0.0, 
                0.0, 
                0.0, 
                1.0
            ]
        ], 
        [
            [
                -0.6374239897486902, 
                -0.7705132427757888, 
                0.0, 
                -0.325086234771832
            ], 
            [
                0.7705132427757887, 
                -0.6374239897486902, 
                0.0, 
                0.39296175381565224
            ], 
            [
                0.0, 
                0.0, 
                1.0, 
                0.1
            ], 
            [
                0.0, 
                0.0, 
                0.0, 
                1.0
            ]
        ]
    ], 
    "Teffectivestart_unhoveringstart": [
        [
            0.9999999999999998, 
            4.5689149308745953e-17, 
            0.0, 
            0.5099999999999999
        ], 
        [
            4.5689149308745953e-17, 
            0.9999999999999999, 
            0.0, 
            3.866922586206881e-17
        ], 
        [
            0.0, 
            0.0, 
            1.0, 
            0.0
        ], 
        [
            0.0, 
            0.0, 
            0.0, 
            1.0
        ]
    ], 
    "raw sample file path": "learned_samples/ur/simulator/pointcloud/pull/meiying_L_pull_tool/meiying_tool_target/raw/raw_sample_17.txt", 
    "trajectory_thetas": [
        0.5099999999999998
    ], 
    "tool": "meiying_L_pull_tool", 
    "Tworld_goalend": [
        [
            1.0, 
            2.5079129677996607e-17, 
            0.0, 
            -0.325086234771832
        ], 
        [
            2.5079129677996607e-17, 
            0.9999999999999999, 
            0.0, 
            0.3929617538156523
        ], 
        [
            0.0, 
            0.0, 
            1.0, 
            0.0
        ], 
        [
            0.0, 
            0.0, 
            0.0, 
            1.0
        ]
    ], 
    "Tworld_toolend": [
        [
            -0.6374239897486902, 
            -0.7705132427757888, 
            0.0, 
            -0.325086234771832
        ], 
        [
            0.7705132427757888, 
            -0.6374239897486902, 
            0.0, 
            0.3929617538156523
        ], 
        [
            0.0, 
            0.0, 
            1.0, 
            0.0
        ], 
        [
            0.0, 
            0.0, 
            0.0, 
            1.0
        ]
    ], 
    "hovering_start": [
        [
            -0.6374239897486902, 
            -0.7705132427757888, 
            0.0, 
            0.03187119948743451
        ], 
        [
            0.7705132427757887, 
            -0.6374239897486902, 
            0.0, 
            -0.038525662138789434
        ], 
        [
            0.0, 
            0.0, 
            1.0, 
            0.1
        ], 
        [
            0.0, 
            0.0, 
            0.0, 
            1.0
        ]
    ], 
    "v_start_tool_frame": [
        1.0, 
        1.2151116080299856e-16, 
        0.0
    ], 
    "task": "pull", 
    "unhovering_start": [
        [
            -0.6374239897486902, 
            -0.7705132427757888, 
            0.0, 
            -0.325086234771832
        ], 
        [
            0.7705132427757887, 
            -0.6374239897486902, 
            0.0, 
            0.39296175381565224
        ], 
        [
            0.0, 
            0.0, 
            1.0, 
            0.0
        ], 
        [
            0.0, 
            0.0, 
            0.0, 
            1.0
        ]
    ], 
    "Teffectivestart_hoveringend": [
        [
            0.9999999999999998, 
            4.5689149308745953e-17, 
            0.0, 
            -0.04999999999999999
        ], 
        [
            4.5689149308745953e-17, 
            0.9999999999999999, 
            0.0, 
            -3.205765094561462e-17
        ], 
        [
            0.0, 
            0.0, 
            1.0, 
            0.0
        ], 
        [
            0.0, 
            0.0, 
            0.0, 
            1.0
        ]
    ], 
    "Tworld_toolstart": [
        [
            -0.6374239897486902, 
            -0.7705132427757888, 
            0.0, 
            -2.0120437297335007e-17
        ], 
        [
            0.7705132427757886, 
            -0.6374239897486902, 
            0.0, 
            -1.664507331678353e-17
        ], 
        [
            0.0, 
            0.0, 
            1.0, 
            0.0
        ], 
        [
            0.0, 
            0.0, 
            0.0, 
            1.0
        ]
    ], 
    "unhovering_end": [
        [
            -0.6374239897486902, 
            -0.7705132427757888, 
            0.0, 
            -0.325086234771832
        ], 
        [
            0.7705132427757887, 
            -0.6374239897486902, 
            0.0, 
            0.39296175381565224
        ], 
        [
            0.0, 
            0.0, 
            1.0, 
            0.1
        ], 
        [
            0.0, 
            0.0, 
            0.0, 
            1.0
        ]
    ], 
    "trajectory_screw_axes": [
        [
            -0.0, 
            -0.0, 
            -0.0, 
            -1.0, 
            -1.2151116080299856e-16, 
            -0.0
        ]
    ]
}