{
    "Tworld_goalstart": [
        [
            1.0, 
            -2.3506446393833413e-18, 
            0.0, 
            0.0
        ], 
        [
            -2.3506446393833413e-18, 
            1.0, 
            0.0, 
            0.0
        ], 
        [
            0.0, 
            0.0, 
            1.0, 
            0.0
        ], 
        [
            0.0, 
            0.0, 
            0.0, 
            1.0
        ]
    ], 
    "Teffectivestart_hoveringstart": [
        [
            1.0, 
            2.3506446393833413e-18, 
            0.0, 
            -0.05
        ], 
        [
            2.3506446393833413e-18, 
            1.0, 
            0.0, 
            -6.801901160442979e-19
        ], 
        [
            0.0, 
            0.0, 
            1.0, 
            0.1
        ], 
        [
            0.0, 
            0.0, 
            0.0, 
            1.0
        ]
    ], 
    "hovering_end": [
        [
            -0.18738131458572438, 
            0.9822872507286887, 
            0.0, 
            0.00936906572928622
        ], 
        [
            -0.9822872507286887, 
            -0.18738131458572438, 
            0.0, 
            0.04911436253643444
        ], 
        [
            0.0, 
            0.0, 
            1.0, 
            0.0
        ], 
        [
            0.0, 
            0.0, 
            0.0, 
            1.0
        ]
    ], 
    "sample file path": "learned_samples/ur/simulator/pointcloud/pull/meiying_L_pull_tool/meiying_tool_target/sample/sample_8.txt", 
    "v_start_goal_frame": [
        -0.18738131458572438, 
        -0.9822872507286887, 
        0.0
    ], 
    "Teffectiveend_unhoveringend": [
        [
            1.0, 
            2.3506446393833413e-18, 
            0.0, 
            0.0
        ], 
        [
            2.3506446393833413e-18, 
            1.0, 
            0.0, 
            -1.2947114237948898e-19
        ], 
        [
            0.0, 
            0.0, 
            1.0, 
            0.1
        ], 
        [
            0.0, 
            0.0, 
            0.0, 
            1.0
        ]
    ], 
    "task_type": "pose_change", 
    "goal": "meiying_tool_target", 
    "trajectory": [
        [
            [
                1.0, 
                2.3506446393833413e-18, 
                0.0, 
                2.2441097367324267e-37
            ], 
            [
                2.3506446393833413e-18, 
                1.0, 
                0.0, 
                0.0
            ], 
            [
                0.0, 
                0.0, 
                1.0, 
                0.0
            ], 
            [
                0.0, 
                0.0, 
                0.0, 
                1.0
            ]
        ], 
        [
            [
                1.0, 
                2.3506446393833413e-18, 
                0.0, 
                0.24
            ], 
            [
                2.3506446393833413e-18, 
                1.0, 
                0.0, 
                -2.5894228475897795e-19
            ], 
            [
                0.0, 
                0.0, 
                1.0, 
                0.0
            ], 
            [
                0.0, 
                0.0, 
                0.0, 
                1.0
            ]
        ]
    ], 
    "tool_contact_area_index": [
        326, 
        328, 
        454, 
        1146, 
        1147, 
        1154, 
        1183, 
        1185, 
        1195, 
        1198, 
        1200, 
        1203, 
        1204, 
        2691, 
        4179, 
        4992, 
        7115, 
        7117, 
        7118, 
        7124, 
        7128, 
        7129
    ], 
    "v_start_world_frame": [
        -0.18738131458572438, 
        -0.9822872507286887, 
        0.0
    ], 
    "Ttool_goal": [
        [
            -0.18738131458572438, 
            -0.9822872507286887, 
            0.0, 
            0.0
        ], 
        [
            0.9822872507286887, 
            -0.18738131458572438, 
            0.0, 
            -1.2947114237948898e-19
        ], 
        [
            0.0, 
            0.0, 
            1.0, 
            0.0
        ], 
        [
            0.0, 
            0.0, 
            0.0, 
            1.0
        ]
    ], 
    "tool_trajectory_world_frame": [
        [
            [
                -0.18738131458572438, 
                0.9822872507286887, 
                0.0, 
                0.00936906572928622
            ], 
            [
                -0.9822872507286887, 
                -0.18738131458572438, 
                0.0, 
                0.04911436253643444
            ], 
            [
                0.0, 
                0.0, 
                1.0, 
                0.1
            ], 
            [
                0.0, 
                0.0, 
                0.0, 
                1.0
            ]
        ], 
        [
            [
                -0.18738131458572438, 
                0.9822872507286887, 
                0.0, 
                0.00936906572928622
            ], 
            [
                -0.9822872507286887, 
                -0.18738131458572438, 
                0.0, 
                0.04911436253643444
            ], 
            [
                0.0, 
                0.0, 
                1.0, 
                0.0
            ], 
            [
                0.0, 
                0.0, 
                0.0, 
                1.0
            ]
        ], 
        [
            [
                -0.18738131458572438, 
                0.9822872507286887, 
                0.0, 
                -0.04497151550057385
            ], 
            [
                -0.9822872507286887, 
                -0.18738131458572438, 
                0.0, 
                -0.2357489401748853
            ], 
            [
                0.0, 
                0.0, 
                1.0, 
                0.0
            ], 
            [
                0.0, 
                0.0, 
                0.0, 
                1.0
            ]
        ], 
        [
            [
                -0.18738131458572438, 
                0.9822872507286887, 
                0.0, 
                -0.04497151550057385
            ], 
            [
                -0.9822872507286887, 
                -0.18738131458572438, 
                0.0, 
                -0.2357489401748853
            ], 
            [
                0.0, 
                0.0, 
                1.0, 
                0.1
            ], 
            [
                0.0, 
                0.0, 
                0.0, 
                1.0
            ]
        ]
    ], 
    "goal_contact_area_index": [
        3989, 
        3992, 
        3994, 
        3995, 
        3996, 
        4000, 
        4002, 
        4003, 
        4007, 
        4165, 
        4167, 
        4338, 
        4932, 
        5092, 
        5094, 
        5095, 
        5100, 
        5102, 
        5103, 
        5110, 
        5111, 
        5112, 
        5113, 
        5114, 
        5115
    ], 
    "changing_point": [
        1, 
        -2
    ], 
    "tool_trajectory_goal_frame": [
        [
            [
                -0.18738131458572438, 
                0.9822872507286887, 
                0.0, 
                0.00936906572928622
            ], 
            [
                -0.9822872507286887, 
                -0.18738131458572438, 
                0.0, 
                0.04911436253643444
            ], 
            [
                0.0, 
                0.0, 
                1.0, 
                0.1
            ], 
            [
                0.0, 
                0.0, 
                0.0, 
                1.0
            ]
        ], 
        [
            [
                -0.18738131458572438, 
                0.9822872507286887, 
                0.0, 
                0.00936906572928622
            ], 
            [
                -0.9822872507286887, 
                -0.18738131458572438, 
                0.0, 
                0.04911436253643444
            ], 
            [
                0.0, 
                0.0, 
                1.0, 
                0.0
            ], 
            [
                0.0, 
                0.0, 
                0.0, 
                1.0
            ]
        ], 
        [
            [
                -0.18738131458572438, 
                0.9822872507286887, 
                0.0, 
                -0.04497151550057385
            ], 
            [
                -0.9822872507286887, 
                -0.18738131458572438, 
                0.0, 
                -0.2357489401748853
            ], 
            [
                0.0, 
                0.0, 
                1.0, 
                0.0
            ], 
            [
                0.0, 
                0.0, 
                0.0, 
                1.0
            ]
        ], 
        [
            [
                -0.18738131458572438, 
                0.9822872507286887, 
                0.0, 
                -0.04497151550057385
            ], 
            [
                -0.9822872507286887, 
                -0.18738131458572438, 
                0.0, 
                -0.2357489401748853
            ], 
            [
                0.0, 
                0.0, 
                1.0, 
                0.1
            ], 
            [
                0.0, 
                0.0, 
                0.0, 
                1.0
            ]
        ]
    ], 
    "Teffectivestart_unhoveringstart": [
        [
            1.0, 
            2.3506446393833413e-18, 
            0.0, 
            0.24
        ], 
        [
            2.3506446393833413e-18, 
            1.0, 
            0.0, 
            -2.5894228475897795e-19
        ], 
        [
            0.0, 
            0.0, 
            1.0, 
            0.0
        ], 
        [
            0.0, 
            0.0, 
            0.0, 
            1.0
        ]
    ], 
    "raw sample file path": "learned_samples/ur/simulator/pointcloud/pull/meiying_L_pull_tool/meiying_tool_target/raw/raw_sample_8.txt", 
    "trajectory_thetas": [
        0.24
    ], 
    "tool": "meiying_L_pull_tool", 
    "Tworld_goalend": [
        [
            1.0, 
            -2.3506446393833413e-18, 
            0.0, 
            -0.04497151550057385
        ], 
        [
            -2.3506446393833413e-18, 
            1.0, 
            0.0, 
            -0.2357489401748853
        ], 
        [
            0.0, 
            0.0, 
            1.0, 
            0.0
        ], 
        [
            0.0, 
            0.0, 
            0.0, 
            1.0
        ]
    ], 
    "Tworld_toolend": [
        [
            -0.18738131458572438, 
            0.9822872507286887, 
            0.0, 
            -0.04497151550057385
        ], 
        [
            -0.9822872507286887, 
            -0.18738131458572438, 
            0.0, 
            -0.2357489401748853
        ], 
        [
            0.0, 
            0.0, 
            1.0, 
            0.0
        ], 
        [
            0.0, 
            0.0, 
            0.0, 
            1.0
        ]
    ], 
    "hovering_start": [
        [
            -0.18738131458572438, 
            0.9822872507286887, 
            0.0, 
            0.00936906572928622
        ], 
        [
            -0.9822872507286887, 
            -0.18738131458572438, 
            0.0, 
            0.04911436253643444
        ], 
        [
            0.0, 
            0.0, 
            1.0, 
            0.1
        ], 
        [
            0.0, 
            0.0, 
            0.0, 
            1.0
        ]
    ], 
    "v_start_tool_frame": [
        1.0, 
        1.2717184528875999e-18, 
        0.0
    ], 
    "task": "pull", 
    "unhovering_start": [
        [
            -0.18738131458572438, 
            0.9822872507286887, 
            0.0, 
            -0.04497151550057385
        ], 
        [
            -0.9822872507286887, 
            -0.18738131458572438, 
            0.0, 
            -0.2357489401748853
        ], 
        [
            0.0, 
            0.0, 
            1.0, 
            0.0
        ], 
        [
            0.0, 
            0.0, 
            0.0, 
            1.0
        ]
    ], 
    "Teffectivestart_hoveringend": [
        [
            1.0, 
            2.3506446393833413e-18, 
            0.0, 
            -0.05
        ], 
        [
            2.3506446393833413e-18, 
            1.0, 
            0.0, 
            -6.801901160442979e-19
        ], 
        [
            0.0, 
            0.0, 
            1.0, 
            0.0
        ], 
        [
            0.0, 
            0.0, 
            0.0, 
            1.0
        ]
    ], 
    "Tworld_toolstart": [
        [
            -0.18738131458572438, 
            0.9822872507286887, 
            0.0, 
            1.2717785249665085e-19
        ], 
        [
            -0.9822872507286887, 
            -0.18738131458572438, 
            0.0, 
            -2.4260472859984137e-20
        ], 
        [
            0.0, 
            0.0, 
            1.0, 
            0.0
        ], 
        [
            0.0, 
            0.0, 
            0.0, 
            1.0
        ]
    ], 
    "unhovering_end": [
        [
            -0.18738131458572438, 
            0.9822872507286887, 
            0.0, 
            -0.04497151550057385
        ], 
        [
            -0.9822872507286887, 
            -0.18738131458572438, 
            0.0, 
            -0.2357489401748853
        ], 
        [
            0.0, 
            0.0, 
            1.0, 
            0.1
        ], 
        [
            0.0, 
            0.0, 
            0.0, 
            1.0
        ]
    ], 
    "trajectory_screw_axes": [
        [
            -0.0, 
            -0.0, 
            -0.0, 
            -1.0, 
            -1.2717184528875999e-18, 
            -0.0
        ]
    ]
}