{
    "Tworld_goalstart": [
        [
            1.0, 
            1.2735666221977974e-17, 
            0.0, 
            0.0
        ], 
        [
            1.2735666221977974e-17, 
            1.0, 
            0.0, 
            0.0
        ], 
        [
            0.0, 
            0.0, 
            1.0, 
            0.0
        ], 
        [
            0.0, 
            0.0, 
            0.0, 
            1.0
        ]
    ], 
    "Teffectivestart_hoveringstart": [
        [
            1.0, 
            -1.2735666221977974e-17, 
            0.0, 
            -0.05
        ], 
        [
            -1.2735666221977974e-17, 
            1.0, 
            0.0, 
            3.858392700221344e-18
        ], 
        [
            0.0, 
            0.0, 
            1.0, 
            0.1
        ], 
        [
            0.0, 
            0.0, 
            0.0, 
            1.0
        ]
    ], 
    "hovering_end": [
        [
            -0.4257792915650723, 
            0.9048270524660197, 
            0.0, 
            0.02128896457825362
        ], 
        [
            -0.9048270524660197, 
            -0.4257792915650723, 
            0.0, 
            0.045241352623300986
        ], 
        [
            0.0, 
            0.0, 
            1.0, 
            0.0
        ], 
        [
            0.0, 
            0.0, 
            0.0, 
            1.0
        ]
    ], 
    "sample file path": "learned_samples/ur/simulator/pointcloud/pull/meiying_L_pull_tool/meiying_tool_target/sample/sample_9.txt", 
    "v_start_goal_frame": [
        -0.4257792915650723, 
        -0.9048270524660197, 
        0.0
    ], 
    "Teffectiveend_unhoveringend": [
        [
            1.0, 
            -1.2735666221977974e-17, 
            0.0, 
            0.0
        ], 
        [
            -1.2735666221977974e-17, 
            1.0, 
            0.0, 
            3.4304990329899497e-19
        ], 
        [
            0.0, 
            0.0, 
            1.0, 
            0.1
        ], 
        [
            0.0, 
            0.0, 
            0.0, 
            1.0
        ]
    ], 
    "task_type": "pose_change", 
    "goal": "meiying_tool_target", 
    "trajectory": [
        [
            [
                1.0, 
                -1.2735666221977974e-17, 
                0.0, 
                -5.5489130014265814e-36
            ], 
            [
                -1.2735666221977974e-17, 
                1.0, 
                0.0, 
                0.0
            ], 
            [
                0.0, 
                0.0, 
                1.0, 
                0.0
            ], 
            [
                0.0, 
                0.0, 
                0.0, 
                1.0
            ]
        ], 
        [
            [
                1.0, 
                -1.2735666221977974e-17, 
                0.0, 
                0.27
            ], 
            [
                -1.2735666221977974e-17, 
                1.0, 
                0.0, 
                6.860998065979899e-19
            ], 
            [
                0.0, 
                0.0, 
                1.0, 
                0.0
            ], 
            [
                0.0, 
                0.0, 
                0.0, 
                1.0
            ]
        ]
    ], 
    "tool_contact_area_index": [
        328, 
        1187, 
        1197, 
        1201, 
        1202, 
        1203, 
        1204, 
        1207, 
        1311, 
        1549, 
        1980, 
        2817, 
        2818, 
        2823, 
        4059, 
        4178, 
        4180, 
        4185, 
        4186, 
        6215, 
        7115, 
        8117, 
        8161
    ], 
    "v_start_world_frame": [
        -0.4257792915650723, 
        -0.9048270524660197, 
        0.0
    ], 
    "Ttool_goal": [
        [
            -0.4257792915650723, 
            -0.9048270524660197, 
            0.0, 
            0.0
        ], 
        [
            0.9048270524660197, 
            -0.4257792915650723, 
            0.0, 
            3.4304990329899497e-19
        ], 
        [
            0.0, 
            0.0, 
            1.0, 
            0.0
        ], 
        [
            0.0, 
            0.0, 
            0.0, 
            1.0
        ]
    ], 
    "tool_trajectory_world_frame": [
        [
            [
                -0.4257792915650723, 
                0.9048270524660197, 
                0.0, 
                0.02128896457825362
            ], 
            [
                -0.9048270524660197, 
                -0.4257792915650723, 
                0.0, 
                0.045241352623300986
            ], 
            [
                0.0, 
                0.0, 
                1.0, 
                0.1
            ], 
            [
                0.0, 
                0.0, 
                0.0, 
                1.0
            ]
        ], 
        [
            [
                -0.4257792915650723, 
                0.9048270524660197, 
                0.0, 
                0.02128896457825362
            ], 
            [
                -0.9048270524660197, 
                -0.4257792915650723, 
                0.0, 
                0.045241352623300986
            ], 
            [
                0.0, 
                0.0, 
                1.0, 
                0.0
            ], 
            [
                0.0, 
                0.0, 
                0.0, 
                1.0
            ]
        ], 
        [
            [
                -0.4257792915650723, 
                0.9048270524660197, 
                0.0, 
                -0.11496040872256953
            ], 
            [
                -0.9048270524660197, 
                -0.4257792915650723, 
                0.0, 
                -0.24430330416582532
            ], 
            [
                0.0, 
                0.0, 
                1.0, 
                0.0
            ], 
            [
                0.0, 
                0.0, 
                0.0, 
                1.0
            ]
        ], 
        [
            [
                -0.4257792915650723, 
                0.9048270524660197, 
                0.0, 
                -0.11496040872256953
            ], 
            [
                -0.9048270524660197, 
                -0.4257792915650723, 
                0.0, 
                -0.24430330416582532
            ], 
            [
                0.0, 
                0.0, 
                1.0, 
                0.1
            ], 
            [
                0.0, 
                0.0, 
                0.0, 
                1.0
            ]
        ]
    ], 
    "goal_contact_area_index": [
        4701, 
        4705, 
        4900, 
        4902, 
        4903, 
        4904, 
        4906, 
        4909, 
        4910, 
        4919, 
        4920, 
        4925, 
        4928, 
        4929, 
        4931, 
        4932, 
        4933, 
        4938, 
        5094, 
        5098, 
        5109, 
        5114, 
        5771, 
        5772, 
        6029
    ], 
    "changing_point": [
        1, 
        -2
    ], 
    "tool_trajectory_goal_frame": [
        [
            [
                -0.4257792915650723, 
                0.9048270524660197, 
                0.0, 
                0.02128896457825362
            ], 
            [
                -0.9048270524660197, 
                -0.4257792915650723, 
                0.0, 
                0.045241352623300986
            ], 
            [
                0.0, 
                0.0, 
                1.0, 
                0.1
            ], 
            [
                0.0, 
                0.0, 
                0.0, 
                1.0
            ]
        ], 
        [
            [
                -0.4257792915650723, 
                0.9048270524660197, 
                0.0, 
                0.02128896457825362
            ], 
            [
                -0.9048270524660197, 
                -0.4257792915650723, 
                0.0, 
                0.045241352623300986
            ], 
            [
                0.0, 
                0.0, 
                1.0, 
                0.0
            ], 
            [
                0.0, 
                0.0, 
                0.0, 
                1.0
            ]
        ], 
        [
            [
                -0.4257792915650723, 
                0.9048270524660197, 
                0.0, 
                -0.11496040872256953
            ], 
            [
                -0.9048270524660197, 
                -0.4257792915650723, 
                0.0, 
                -0.24430330416582532
            ], 
            [
                0.0, 
                0.0, 
                1.0, 
                0.0
            ], 
            [
                0.0, 
                0.0, 
                0.0, 
                1.0
            ]
        ], 
        [
            [
                -0.4257792915650723, 
                0.9048270524660197, 
                0.0, 
                -0.11496040872256953
            ], 
            [
                -0.9048270524660197, 
                -0.4257792915650723, 
                0.0, 
                -0.24430330416582532
            ], 
            [
                0.0, 
                0.0, 
                1.0, 
                0.1
            ], 
            [
                0.0, 
                0.0, 
                0.0, 
                1.0
            ]
        ]
    ], 
    "Teffectivestart_unhoveringstart": [
        [
            1.0, 
            -1.2735666221977974e-17, 
            0.0, 
            0.27
        ], 
        [
            -1.2735666221977974e-17, 
            1.0, 
            0.0, 
            6.860998065979899e-19
        ], 
        [
            0.0, 
            0.0, 
            1.0, 
            0.0
        ], 
        [
            0.0, 
            0.0, 
            0.0, 
            1.0
        ]
    ], 
    "raw sample file path": "learned_samples/ur/simulator/pointcloud/pull/meiying_L_pull_tool/meiying_tool_target/raw/raw_sample_9.txt", 
    "trajectory_thetas": [
        0.27
    ], 
    "tool": "meiying_L_pull_tool", 
    "Tworld_goalend": [
        [
            1.0, 
            1.2735666221977974e-17, 
            0.0, 
            -0.11496040872256953
        ], 
        [
            1.2735666221977974e-17, 
            1.0, 
            0.0, 
            -0.24430330416582532
        ], 
        [
            0.0, 
            0.0, 
            1.0, 
            0.0
        ], 
        [
            0.0, 
            0.0, 
            0.0, 
            1.0
        ]
    ], 
    "Tworld_toolend": [
        [
            -0.4257792915650723, 
            0.9048270524660197, 
            0.0, 
            -0.11496040872256953
        ], 
        [
            -0.9048270524660197, 
            -0.4257792915650723, 
            0.0, 
            -0.24430330416582532
        ], 
        [
            0.0, 
            0.0, 
            1.0, 
            0.0
        ], 
        [
            0.0, 
            0.0, 
            0.0, 
            1.0
        ]
    ], 
    "hovering_start": [
        [
            -0.4257792915650723, 
            0.9048270524660197, 
            0.0, 
            0.02128896457825362
        ], 
        [
            -0.9048270524660197, 
            -0.4257792915650723, 
            0.0, 
            0.045241352623300986
        ], 
        [
            0.0, 
            0.0, 
            1.0, 
            0.1
        ], 
        [
            0.0, 
            0.0, 
            0.0, 
            1.0
        ]
    ], 
    "v_start_tool_frame": [
        1.0, 
        -1.0194555827170604e-17, 
        0.0
    ], 
    "task": "pull", 
    "unhovering_start": [
        [
            -0.4257792915650723, 
            0.9048270524660197, 
            0.0, 
            -0.11496040872256953
        ], 
        [
            -0.9048270524660197, 
            -0.4257792915650723, 
            0.0, 
            -0.24430330416582532
        ], 
        [
            0.0, 
            0.0, 
            1.0, 
            0.0
        ], 
        [
            0.0, 
            0.0, 
            0.0, 
            1.0
        ]
    ], 
    "Teffectivestart_hoveringend": [
        [
            1.0, 
            -1.2735666221977974e-17, 
            0.0, 
            -0.05
        ], 
        [
            -1.2735666221977974e-17, 
            1.0, 
            0.0, 
            3.858392700221344e-18
        ], 
        [
            0.0, 
            0.0, 
            1.0, 
            0.0
        ], 
        [
            0.0, 
            0.0, 
            0.0, 
            1.0
        ]
    ], 
    "Tworld_toolstart": [
        [
            -0.4257792915650723, 
            0.9048270524660197, 
            0.0, 
            -3.104008328507827e-19
        ], 
        [
            -0.9048270524660197, 
            -0.4257792915650723, 
            0.0, 
            1.4606354479811265e-19
        ], 
        [
            0.0, 
            0.0, 
            1.0, 
            0.0
        ], 
        [
            0.0, 
            0.0, 
            0.0, 
            1.0
        ]
    ], 
    "unhovering_end": [
        [
            -0.4257792915650723, 
            0.9048270524660197, 
            0.0, 
            -0.11496040872256953
        ], 
        [
            -0.9048270524660197, 
            -0.4257792915650723, 
            0.0, 
            -0.24430330416582532
        ], 
        [
            0.0, 
            0.0, 
            1.0, 
            0.1
        ], 
        [
            0.0, 
            0.0, 
            0.0, 
            1.0
        ]
    ], 
    "trajectory_screw_axes": [
        [
            -0.0, 
            -0.0, 
            -0.0, 
            -1.0, 
            1.0194555827170604e-17, 
            -0.0
        ]
    ]
}