{
    "Tworld_goalstart": [
        [
            1.0, 
            -4.340056497651562e-18, 
            0.0, 
            0.0
        ], 
        [
            -4.340056497651562e-18, 
            1.0, 
            0.0, 
            0.0
        ], 
        [
            0.0, 
            0.0, 
            1.0, 
            0.0
        ], 
        [
            0.0, 
            0.0, 
            0.0, 
            1.0
        ]
    ], 
    "Teffectivestart_hoveringstart": [
        [
            1.0, 
            4.340056497651562e-18, 
            0.0, 
            -0.05
        ], 
        [
            4.340056497651562e-18, 
            1.0, 
            0.0, 
            2.3922723726047535e-18
        ], 
        [
            0.0, 
            0.0, 
            1.0, 
            0.1
        ], 
        [
            0.0, 
            0.0, 
            0.0, 
            1.0
        ]
    ], 
    "hovering_end": [
        [
            0.06279051952931372, 
            -0.9980267284282716, 
            0.0, 
            -0.0031395259764656863
        ], 
        [
            0.9980267284282716, 
            0.06279051952931372, 
            0.0, 
            -0.04990133642141358
        ], 
        [
            0.0, 
            0.0, 
            1.0, 
            0.0
        ], 
        [
            0.0, 
            0.0, 
            0.0, 
            1.0
        ]
    ], 
    "sample file path": "learned_samples/ur/simulator/pointcloud/pull/meiying_L_pull_tool/meiying_tool_target/sample/sample_20.txt", 
    "v_start_goal_frame": [
        0.06279051952931371, 
        0.9980267284282716, 
        0.0
    ], 
    "Teffectiveend_unhoveringend": [
        [
            1.0, 
            4.340056497651562e-18, 
            0.0, 
            0.0
        ], 
        [
            4.340056497651562e-18, 
            1.0, 
            0.0, 
            2.6104847280018843e-18
        ], 
        [
            0.0, 
            0.0, 
            1.0, 
            0.1
        ], 
        [
            0.0, 
            0.0, 
            0.0, 
            1.0
        ]
    ], 
    "task_type": "pose_change", 
    "goal": "meiying_tool_target", 
    "trajectory": [
        [
            [
                1.0, 
                4.340056497651562e-18, 
                0.0, 
                -4.056003837957484e-36
            ], 
            [
                4.340056497651562e-18, 
                1.0, 
                0.0, 
                0.0
            ], 
            [
                0.0, 
                0.0, 
                1.0, 
                0.0
            ], 
            [
                0.0, 
                0.0, 
                0.0, 
                1.0
            ]
        ], 
        [
            [
                1.0, 
                4.340056497651562e-18, 
                0.0, 
                0.6000000000000001
            ], 
            [
                4.340056497651562e-18, 
                1.0, 
                0.0, 
                5.220969456003769e-18
            ], 
            [
                0.0, 
                0.0, 
                1.0, 
                0.0
            ], 
            [
                0.0, 
                0.0, 
                0.0, 
                1.0
            ]
        ]
    ], 
    "tool_contact_area_index": [
        328, 
        333, 
        1147, 
        1149, 
        1154, 
        1185, 
        1187, 
        1192, 
        1193, 
        1200, 
        1203, 
        1207, 
        1549, 
        2818, 
        2823, 
        2835, 
        3837, 
        4179, 
        6215, 
        6329, 
        7115, 
        7116, 
        7117, 
        7118, 
        7123, 
        7124, 
        7131, 
        8117, 
        8156, 
        8158, 
        8161, 
        8162, 
        8163
    ], 
    "v_start_world_frame": [
        0.06279051952931371, 
        0.9980267284282716, 
        0.0
    ], 
    "Ttool_goal": [
        [
            0.06279051952931372, 
            0.9980267284282716, 
            0.0, 
            0.0
        ], 
        [
            -0.9980267284282716, 
            0.06279051952931372, 
            0.0, 
            2.6104847280018843e-18
        ], 
        [
            0.0, 
            0.0, 
            1.0, 
            0.0
        ], 
        [
            0.0, 
            0.0, 
            0.0, 
            1.0
        ]
    ], 
    "tool_trajectory_world_frame": [
        [
            [
                0.06279051952931372, 
                -0.9980267284282716, 
                0.0, 
                -0.0031395259764656863
            ], 
            [
                0.9980267284282716, 
                0.06279051952931372, 
                0.0, 
                -0.04990133642141358
            ], 
            [
                0.0, 
                0.0, 
                1.0, 
                0.1
            ], 
            [
                0.0, 
                0.0, 
                0.0, 
                1.0
            ]
        ], 
        [
            [
                0.06279051952931372, 
                -0.9980267284282716, 
                0.0, 
                -0.0031395259764656863
            ], 
            [
                0.9980267284282716, 
                0.06279051952931372, 
                0.0, 
                -0.04990133642141358
            ], 
            [
                0.0, 
                0.0, 
                1.0, 
                0.0
            ], 
            [
                0.0, 
                0.0, 
                0.0, 
                1.0
            ]
        ], 
        [
            [
                0.06279051952931372, 
                -0.9980267284282716, 
                0.0, 
                0.037674311717588234
            ], 
            [
                0.9980267284282716, 
                0.06279051952931372, 
                0.0, 
                0.598816037056963
            ], 
            [
                0.0, 
                0.0, 
                1.0, 
                0.0
            ], 
            [
                0.0, 
                0.0, 
                0.0, 
                1.0
            ]
        ], 
        [
            [
                0.06279051952931372, 
                -0.9980267284282716, 
                0.0, 
                0.037674311717588234
            ], 
            [
                0.9980267284282716, 
                0.06279051952931372, 
                0.0, 
                0.598816037056963
            ], 
            [
                0.0, 
                0.0, 
                1.0, 
                0.1
            ], 
            [
                0.0, 
                0.0, 
                0.0, 
                1.0
            ]
        ]
    ], 
    "goal_contact_area_index": [
        4466, 
        4469, 
        4471, 
        4614, 
        4621, 
        4629, 
        4635, 
        4637, 
        4639, 
        4824, 
        4829, 
        4830, 
        4833, 
        4837, 
        4841, 
        4843, 
        4845, 
        4846, 
        4847, 
        4849, 
        4851, 
        4858, 
        5033, 
        5035, 
        5036, 
        5037, 
        5040, 
        5041, 
        5042, 
        5043, 
        5044, 
        5045, 
        5046, 
        5047, 
        5048, 
        5177, 
        5179, 
        5181, 
        5187, 
        5190, 
        5192, 
        5193, 
        5194, 
        5195, 
        5197, 
        5198, 
        5199, 
        5200, 
        5201, 
        5277, 
        5279
    ], 
    "changing_point": [
        1, 
        -2
    ], 
    "tool_trajectory_goal_frame": [
        [
            [
                0.06279051952931372, 
                -0.9980267284282716, 
                0.0, 
                -0.0031395259764656863
            ], 
            [
                0.9980267284282716, 
                0.06279051952931372, 
                0.0, 
                -0.04990133642141358
            ], 
            [
                0.0, 
                0.0, 
                1.0, 
                0.1
            ], 
            [
                0.0, 
                0.0, 
                0.0, 
                1.0
            ]
        ], 
        [
            [
                0.06279051952931372, 
                -0.9980267284282716, 
                0.0, 
                -0.0031395259764656863
            ], 
            [
                0.9980267284282716, 
                0.06279051952931372, 
                0.0, 
                -0.04990133642141358
            ], 
            [
                0.0, 
                0.0, 
                1.0, 
                0.0
            ], 
            [
                0.0, 
                0.0, 
                0.0, 
                1.0
            ]
        ], 
        [
            [
                0.06279051952931372, 
                -0.9980267284282716, 
                0.0, 
                0.037674311717588234
            ], 
            [
                0.9980267284282716, 
                0.06279051952931372, 
                0.0, 
                0.598816037056963
            ], 
            [
                0.0, 
                0.0, 
                1.0, 
                0.0
            ], 
            [
                0.0, 
                0.0, 
                0.0, 
                1.0
            ]
        ], 
        [
            [
                0.06279051952931372, 
                -0.9980267284282716, 
                0.0, 
                0.037674311717588234
            ], 
            [
                0.9980267284282716, 
                0.06279051952931372, 
                0.0, 
                0.598816037056963
            ], 
            [
                0.0, 
                0.0, 
                1.0, 
                0.1
            ], 
            [
                0.0, 
                0.0, 
                0.0, 
                1.0
            ]
        ]
    ], 
    "Teffectivestart_unhoveringstart": [
        [
            1.0, 
            4.340056497651562e-18, 
            0.0, 
            0.6000000000000001
        ], 
        [
            4.340056497651562e-18, 
            1.0, 
            0.0, 
            5.220969456003769e-18
        ], 
        [
            0.0, 
            0.0, 
            1.0, 
            0.0
        ], 
        [
            0.0, 
            0.0, 
            0.0, 
            1.0
        ]
    ], 
    "raw sample file path": "learned_samples/ur/simulator/pointcloud/pull/meiying_L_pull_tool/meiying_tool_target/raw/raw_sample_20.txt", 
    "trajectory_thetas": [
        0.6000000000000001
    ], 
    "tool": "meiying_L_pull_tool", 
    "Tworld_goalend": [
        [
            1.0, 
            -4.340056497651562e-18, 
            0.0, 
            0.037674311717588234
        ], 
        [
            -4.340056497651562e-18, 
            1.0, 
            0.0, 
            0.598816037056963
        ], 
        [
            0.0, 
            0.0, 
            1.0, 
            0.0
        ], 
        [
            0.0, 
            0.0, 
            0.0, 
            1.0
        ]
    ], 
    "Tworld_toolend": [
        [
            0.06279051952931372, 
            -0.9980267284282716, 
            0.0, 
            0.037674311717588234
        ], 
        [
            0.9980267284282716, 
            0.06279051952931372, 
            0.0, 
            0.598816037056963
        ], 
        [
            0.0, 
            0.0, 
            1.0, 
            0.0
        ], 
        [
            0.0, 
            0.0, 
            0.0, 
            1.0
        ]
    ], 
    "hovering_start": [
        [
            0.06279051952931372, 
            -0.9980267284282716, 
            0.0, 
            -0.0031395259764656863
        ], 
        [
            0.9980267284282716, 
            0.06279051952931372, 
            0.0, 
            -0.04990133642141358
        ], 
        [
            0.0, 
            0.0, 
            1.0, 
            0.1
        ], 
        [
            0.0, 
            0.0, 
            0.0, 
            1.0
        ]
    ], 
    "v_start_tool_frame": [
        1.0, 
        1.3041672257657843e-17, 
        0.0
    ], 
    "task": "pull", 
    "unhovering_start": [
        [
            0.06279051952931372, 
            -0.9980267284282716, 
            0.0, 
            0.037674311717588234
        ], 
        [
            0.9980267284282716, 
            0.06279051952931372, 
            0.0, 
            0.598816037056963
        ], 
        [
            0.0, 
            0.0, 
            1.0, 
            0.0
        ], 
        [
            0.0, 
            0.0, 
            0.0, 
            1.0
        ]
    ], 
    "Teffectivestart_hoveringend": [
        [
            1.0, 
            4.340056497651562e-18, 
            0.0, 
            -0.05
        ], 
        [
            4.340056497651562e-18, 
            1.0, 
            0.0, 
            2.3922723726047535e-18
        ], 
        [
            0.0, 
            0.0, 
            1.0, 
            0.0
        ], 
        [
            0.0, 
            0.0, 
            0.0, 
            1.0
        ]
    ], 
    "Tworld_toolstart": [
        [
            0.06279051952931372, 
            -0.9980267284282716, 
            0.0, 
            2.605333532699687e-18
        ], 
        [
            0.9980267284282716, 
            0.06279051952931372, 
            0.0, 
            -1.6391369229457755e-19
        ], 
        [
            0.0, 
            0.0, 
            1.0, 
            0.0
        ], 
        [
            0.0, 
            0.0, 
            0.0, 
            1.0
        ]
    ], 
    "unhovering_end": [
        [
            0.06279051952931372, 
            -0.9980267284282716, 
            0.0, 
            0.037674311717588234
        ], 
        [
            0.9980267284282716, 
            0.06279051952931372, 
            0.0, 
            0.598816037056963
        ], 
        [
            0.0, 
            0.0, 
            1.0, 
            0.1
        ], 
        [
            0.0, 
            0.0, 
            0.0, 
            1.0
        ]
    ], 
    "trajectory_screw_axes": [
        [
            -0.0, 
            -0.0, 
            -0.0, 
            -1.0, 
            -1.3041672257657843e-17, 
            -0.0
        ]
    ]
}