{
    "Tworld_goalstart": [
        [
            1.0, 
            4.436248660930358e-18, 
            0.0, 
            0.0
        ], 
        [
            4.436248660930358e-18, 
            1.0, 
            0.0, 
            0.0
        ], 
        [
            0.0, 
            0.0, 
            1.0, 
            0.0
        ], 
        [
            0.0, 
            0.0, 
            0.0, 
            1.0
        ]
    ], 
    "Teffectivestart_hoveringstart": [
        [
            1.0, 
            -4.436248660930358e-18, 
            0.0, 
            -0.05
        ], 
        [
            -4.436248660930358e-18, 
            1.0, 
            0.0, 
            1.1180592410823282e-18
        ], 
        [
            0.0, 
            0.0, 
            1.0, 
            0.1
        ], 
        [
            0.0, 
            0.0, 
            0.0, 
            1.0
        ]
    ], 
    "hovering_end": [
        [
            -0.9921147013144778, 
            0.12533323356430498, 
            0.0, 
            0.04960573506572389
        ], 
        [
            -0.12533323356430498, 
            -0.9921147013144778, 
            0.0, 
            0.006266661678215249
        ], 
        [
            0.0, 
            0.0, 
            1.0, 
            0.0
        ], 
        [
            0.0, 
            0.0, 
            0.0, 
            1.0
        ]
    ], 
    "sample file path": "learned_samples/ur/simulator/pointcloud/pull/meiying_L_pull_tool/meiying_tool_target/sample/sample_13.txt", 
    "v_start_goal_frame": [
        -0.9921147013144778, 
        -0.12533323356430498, 
        0.0
    ], 
    "Teffectiveend_unhoveringend": [
        [
            1.0, 
            -4.436248660930358e-18, 
            0.0, 
            0.0
        ], 
        [
            -4.436248660930358e-18, 
            1.0, 
            0.0, 
            1.5874004358775602e-18
        ], 
        [
            0.0, 
            0.0, 
            1.0, 
            0.1
        ], 
        [
            0.0, 
            0.0, 
            0.0, 
            1.0
        ]
    ], 
    "task_type": "pose_change", 
    "goal": "meiying_tool_target", 
    "trajectory": [
        [
            [
                1.0, 
                -4.436248660930358e-18, 
                0.0, 
                4.0422129019046204e-36
            ], 
            [
                -4.436248660930358e-18, 
                1.0, 
                0.0, 
                0.0
            ], 
            [
                0.0, 
                0.0, 
                1.0, 
                0.0
            ], 
            [
                0.0, 
                0.0, 
                0.0, 
                1.0
            ]
        ], 
        [
            [
                1.0, 
                -4.436248660930358e-18, 
                0.0, 
                0.39
            ], 
            [
                -4.436248660930358e-18, 
                1.0, 
                0.0, 
                3.1748008717551204e-18
            ], 
            [
                0.0, 
                0.0, 
                1.0, 
                0.0
            ], 
            [
                0.0, 
                0.0, 
                0.0, 
                1.0
            ]
        ]
    ], 
    "tool_contact_area_index": [
        328, 
        1184, 
        1185, 
        1186, 
        1187, 
        1188, 
        1192, 
        1193, 
        1195, 
        1196, 
        1200, 
        1201, 
        1202, 
        1203, 
        1549, 
        1980, 
        2817, 
        2818, 
        2822, 
        2829, 
        3836, 
        3837, 
        4058, 
        4059, 
        4060, 
        4178, 
        6215, 
        6218, 
        6219, 
        6220, 
        6329, 
        6330, 
        7115, 
        7117, 
        7118, 
        7122, 
        7123, 
        7124, 
        7128, 
        7131, 
        8117, 
        8155, 
        8157, 
        8158, 
        8163, 
        8164
    ], 
    "v_start_world_frame": [
        -0.9921147013144778, 
        -0.12533323356430498, 
        0.0
    ], 
    "Ttool_goal": [
        [
            -0.9921147013144778, 
            -0.12533323356430498, 
            0.0, 
            0.0
        ], 
        [
            0.12533323356430498, 
            -0.9921147013144778, 
            0.0, 
            1.5874004358775602e-18
        ], 
        [
            0.0, 
            0.0, 
            1.0, 
            0.0
        ], 
        [
            0.0, 
            0.0, 
            0.0, 
            1.0
        ]
    ], 
    "tool_trajectory_world_frame": [
        [
            [
                -0.9921147013144778, 
                0.12533323356430498, 
                0.0, 
                0.04960573506572389
            ], 
            [
                -0.12533323356430498, 
                -0.9921147013144778, 
                0.0, 
                0.006266661678215249
            ], 
            [
                0.0, 
                0.0, 
                1.0, 
                0.1
            ], 
            [
                0.0, 
                0.0, 
                0.0, 
                1.0
            ]
        ], 
        [
            [
                -0.9921147013144778, 
                0.12533323356430498, 
                0.0, 
                0.04960573506572389
            ], 
            [
                -0.12533323356430498, 
                -0.9921147013144778, 
                0.0, 
                0.006266661678215249
            ], 
            [
                0.0, 
                0.0, 
                1.0, 
                0.0
            ], 
            [
                0.0, 
                0.0, 
                0.0, 
                1.0
            ]
        ], 
        [
            [
                -0.9921147013144778, 
                0.12533323356430498, 
                0.0, 
                -0.38692473351264633
            ], 
            [
                -0.12533323356430498, 
                -0.9921147013144778, 
                0.0, 
                -0.048879961090078944
            ], 
            [
                0.0, 
                0.0, 
                1.0, 
                0.0
            ], 
            [
                0.0, 
                0.0, 
                0.0, 
                1.0
            ]
        ], 
        [
            [
                -0.9921147013144778, 
                0.12533323356430498, 
                0.0, 
                -0.38692473351264633
            ], 
            [
                -0.12533323356430498, 
                -0.9921147013144778, 
                0.0, 
                -0.048879961090078944
            ], 
            [
                0.0, 
                0.0, 
                1.0, 
                0.1
            ], 
            [
                0.0, 
                0.0, 
                0.0, 
                1.0
            ]
        ]
    ], 
    "goal_contact_area_index": [
        4391, 
        4393, 
        4394, 
        4396, 
        4397, 
        4398, 
        4399, 
        4402, 
        4549, 
        4550, 
        4551, 
        4552, 
        4553, 
        4554, 
        4555, 
        4556, 
        4558, 
        4559, 
        4561, 
        4562, 
        4563, 
        4564, 
        4565, 
        4566, 
        4567, 
        4568, 
        4569, 
        4571, 
        4572, 
        4573, 
        4576, 
        4770, 
        4772, 
        4776, 
        4777, 
        4778, 
        4780, 
        4782, 
        4785, 
        4786, 
        4787, 
        4788, 
        4791, 
        4797, 
        4799, 
        4800, 
        4801, 
        4803, 
        4941, 
        4944, 
        4947, 
        4949, 
        4950, 
        4951, 
        4952, 
        4954, 
        4955, 
        4956, 
        4957, 
        4959, 
        4962, 
        4965, 
        4966, 
        4968, 
        4969, 
        4972, 
        4973, 
        4975, 
        4976, 
        5117, 
        5118, 
        5119, 
        5120, 
        5122, 
        5124, 
        5125, 
        5127, 
        5128, 
        5129, 
        5131, 
        5132, 
        5133, 
        5134, 
        5226, 
        5228, 
        5229, 
        5230, 
        5233, 
        5236, 
        5237, 
        5358, 
        5359, 
        5362, 
        5364, 
        5365, 
        5367, 
        5369, 
        5370, 
        5371, 
        5556, 
        5567, 
        5574, 
        5575, 
        5577, 
        5579, 
        5581
    ], 
    "changing_point": [
        1, 
        -2
    ], 
    "tool_trajectory_goal_frame": [
        [
            [
                -0.9921147013144778, 
                0.12533323356430498, 
                0.0, 
                0.04960573506572389
            ], 
            [
                -0.12533323356430498, 
                -0.9921147013144778, 
                0.0, 
                0.006266661678215249
            ], 
            [
                0.0, 
                0.0, 
                1.0, 
                0.1
            ], 
            [
                0.0, 
                0.0, 
                0.0, 
                1.0
            ]
        ], 
        [
            [
                -0.9921147013144778, 
                0.12533323356430498, 
                0.0, 
                0.04960573506572389
            ], 
            [
                -0.12533323356430498, 
                -0.9921147013144778, 
                0.0, 
                0.006266661678215249
            ], 
            [
                0.0, 
                0.0, 
                1.0, 
                0.0
            ], 
            [
                0.0, 
                0.0, 
                0.0, 
                1.0
            ]
        ], 
        [
            [
                -0.9921147013144778, 
                0.12533323356430498, 
                0.0, 
                -0.38692473351264633
            ], 
            [
                -0.12533323356430498, 
                -0.9921147013144778, 
                0.0, 
                -0.048879961090078944
            ], 
            [
                0.0, 
                0.0, 
                1.0, 
                0.0
            ], 
            [
                0.0, 
                0.0, 
                0.0, 
                1.0
            ]
        ], 
        [
            [
                -0.9921147013144778, 
                0.12533323356430498, 
                0.0, 
                -0.38692473351264633
            ], 
            [
                -0.12533323356430498, 
                -0.9921147013144778, 
                0.0, 
                -0.048879961090078944
            ], 
            [
                0.0, 
                0.0, 
                1.0, 
                0.1
            ], 
            [
                0.0, 
                0.0, 
                0.0, 
                1.0
            ]
        ]
    ], 
    "Teffectivestart_unhoveringstart": [
        [
            1.0, 
            -4.436248660930358e-18, 
            0.0, 
            0.39
        ], 
        [
            -4.436248660930358e-18, 
            1.0, 
            0.0, 
            3.1748008717551204e-18
        ], 
        [
            0.0, 
            0.0, 
            1.0, 
            0.0
        ], 
        [
            0.0, 
            0.0, 
            0.0, 
            1.0
        ]
    ], 
    "raw sample file path": "learned_samples/ur/simulator/pointcloud/pull/meiying_L_pull_tool/meiying_tool_target/raw/raw_sample_13.txt", 
    "trajectory_thetas": [
        0.39
    ], 
    "tool": "meiying_L_pull_tool", 
    "Tworld_goalend": [
        [
            1.0, 
            4.436248660930358e-18, 
            0.0, 
            -0.38692473351264633
        ], 
        [
            4.436248660930358e-18, 
            1.0, 
            0.0, 
            -0.048879961090078944
        ], 
        [
            0.0, 
            0.0, 
            1.0, 
            0.0
        ], 
        [
            0.0, 
            0.0, 
            0.0, 
            1.0
        ]
    ], 
    "Tworld_toolend": [
        [
            -0.9921147013144778, 
            0.12533323356430498, 
            0.0, 
            -0.38692473351264633
        ], 
        [
            -0.12533323356430498, 
            -0.9921147013144778, 
            0.0, 
            -0.048879961090078944
        ], 
        [
            0.0, 
            0.0, 
            1.0, 
            0.0
        ], 
        [
            0.0, 
            0.0, 
            0.0, 
            1.0
        ]
    ], 
    "hovering_start": [
        [
            -0.9921147013144778, 
            0.12533323356430498, 
            0.0, 
            0.04960573506572389
        ], 
        [
            -0.12533323356430498, 
            -0.9921147013144778, 
            0.0, 
            0.006266661678215249
        ], 
        [
            0.0, 
            0.0, 
            1.0, 
            0.1
        ], 
        [
            0.0, 
            0.0, 
            0.0, 
            1.0
        ]
    ], 
    "v_start_tool_frame": [
        1.0, 
        3.704266394852002e-18, 
        0.0
    ], 
    "task": "pull", 
    "unhovering_start": [
        [
            -0.9921147013144778, 
            0.12533323356430498, 
            0.0, 
            -0.38692473351264633
        ], 
        [
            -0.12533323356430498, 
            -0.9921147013144778, 
            0.0, 
            -0.048879961090078944
        ], 
        [
            0.0, 
            0.0, 
            1.0, 
            0.0
        ], 
        [
            0.0, 
            0.0, 
            0.0, 
            1.0
        ]
    ], 
    "Teffectivestart_hoveringend": [
        [
            1.0, 
            -4.436248660930358e-18, 
            0.0, 
            -0.05
        ], 
        [
            -4.436248660930358e-18, 
            1.0, 
            0.0, 
            1.1180592410823282e-18
        ], 
        [
            0.0, 
            0.0, 
            1.0, 
            0.0
        ], 
        [
            0.0, 
            0.0, 
            0.0, 
            1.0
        ]
    ], 
    "Tworld_toolstart": [
        [
            -0.9921147013144778, 
            0.12533323356430498, 
            0.0, 
            -1.9895402958992178e-19
        ], 
        [
            -0.12533323356430498, 
            -0.9921147013144778, 
            0.0, 
            1.5748833093071374e-18
        ], 
        [
            0.0, 
            0.0, 
            1.0, 
            0.0
        ], 
        [
            0.0, 
            0.0, 
            0.0, 
            1.0
        ]
    ], 
    "unhovering_end": [
        [
            -0.9921147013144778, 
            0.12533323356430498, 
            0.0, 
            -0.38692473351264633
        ], 
        [
            -0.12533323356430498, 
            -0.9921147013144778, 
            0.0, 
            -0.048879961090078944
        ], 
        [
            0.0, 
            0.0, 
            1.0, 
            0.1
        ], 
        [
            0.0, 
            0.0, 
            0.0, 
            1.0
        ]
    ], 
    "trajectory_screw_axes": [
        [
            -0.0, 
            -0.0, 
            -0.0, 
            -1.0, 
            -3.704266394852002e-18, 
            -0.0
        ]
    ]
}