{
    "Tworld_goalstart": [
        [
            0.9999999999999999, 
            -1.3361886740378004e-17, 
            0.0, 
            0.0
        ], 
        [
            -1.3361886740378004e-17, 
            0.9999999999999999, 
            0.0, 
            0.0
        ], 
        [
            0.0, 
            0.0, 
            1.0, 
            0.0
        ], 
        [
            0.0, 
            0.0, 
            0.0, 
            1.0
        ]
    ], 
    "Teffectivestart_hoveringstart": [
        [
            0.9999999999999997, 
            -2.3609960579810988e-17, 
            0.0, 
            -0.04999999999999999
        ], 
        [
            -2.3609960579810988e-17, 
            0.9999999999999997, 
            0.0, 
            6.721687526498067e-18
        ], 
        [
            0.0, 
            0.0, 
            1.0, 
            0.1
        ], 
        [
            0.0, 
            0.0, 
            0.0, 
            1.0
        ]
    ], 
    "hovering_end": [
        [
            -0.929776485888251, 
            0.3681245526846785, 
            0.0, 
            0.046488824294412555
        ], 
        [
            -0.3681245526846785, 
            -0.929776485888251, 
            0.0, 
            0.018406227634233923
        ], 
        [
            0.0, 
            0.0, 
            1.0, 
            0.0
        ], 
        [
            0.0, 
            0.0, 
            0.0, 
            1.0
        ]
    ], 
    "sample file path": "learned_samples/ur/simulator/pointcloud/pull/meiying_L_pull_tool/meiying_tool_target/sample/sample_12.txt", 
    "v_start_goal_frame": [
        -0.9297764858882508, 
        -0.3681245526846783, 
        0.0
    ], 
    "Teffectiveend_unhoveringend": [
        [
            0.9999999999999997, 
            -2.3609960579810988e-17, 
            0.0, 
            0.0
        ], 
        [
            -2.3609960579810988e-17, 
            0.9999999999999997, 
            0.0, 
            6.7035859571107074e-18
        ], 
        [
            0.0, 
            0.0, 
            1.0, 
            0.1
        ], 
        [
            0.0, 
            0.0, 
            0.0, 
            1.0
        ]
    ], 
    "task_type": "pose_change", 
    "goal": "meiying_tool_target", 
    "trajectory": [
        [
            [
                0.9999999999999997, 
                -2.3609960579810988e-17, 
                0.0, 
                -4.857958011901897e-35
            ], 
            [
                -2.3609960579810988e-17, 
                0.9999999999999997, 
                0.0, 
                0.0
            ], 
            [
                0.0, 
                0.0, 
                1.0, 
                0.0
            ], 
            [
                0.0, 
                0.0, 
                0.0, 
                1.0
            ]
        ], 
        [
            [
                0.9999999999999997, 
                -2.3609960579810988e-17, 
                0.0, 
                0.3599999999999999
            ], 
            [
                -2.3609960579810988e-17, 
                0.9999999999999997, 
                0.0, 
                -1.5462072809612596e-17
            ], 
            [
                0.0, 
                0.0, 
                1.0, 
                0.0
            ], 
            [
                0.0, 
                0.0, 
                0.0, 
                1.0
            ]
        ]
    ], 
    "tool_contact_area_index": [
        328, 
        329, 
        454, 
        1183, 
        1187, 
        1188, 
        1200, 
        1201, 
        1202, 
        1203, 
        1204, 
        1205, 
        1207, 
        1549, 
        2691, 
        2817, 
        2818, 
        2819, 
        2821, 
        4178, 
        4179, 
        4181, 
        4185, 
        4186, 
        6215, 
        6218, 
        6219, 
        6326, 
        6329, 
        7113, 
        7114, 
        7116, 
        7117, 
        7118, 
        7128, 
        8084, 
        8117, 
        8155, 
        8156, 
        8157, 
        8158, 
        8161, 
        8162, 
        8165
    ], 
    "v_start_world_frame": [
        -0.9297764858882509, 
        -0.36812455268467836, 
        0.0
    ], 
    "Ttool_goal": [
        [
            -0.929776485888251, 
            -0.3681245526846785, 
            0.0, 
            0.0
        ], 
        [
            0.3681245526846785, 
            -0.929776485888251, 
            0.0, 
            5.5899168489056136e-18
        ], 
        [
            0.0, 
            0.0, 
            1.0, 
            0.0
        ], 
        [
            0.0, 
            0.0, 
            0.0, 
            1.0
        ]
    ], 
    "tool_trajectory_world_frame": [
        [
            [
                -0.9297764858882511, 
                0.36812455268467853, 
                0.0, 
                0.04648882429441256
            ], 
            [
                -0.36812455268467853, 
                -0.9297764858882511, 
                0.0, 
                0.018406227634233926
            ], 
            [
                0.0, 
                0.0, 
                1.0, 
                0.1
            ], 
            [
                0.0, 
                0.0, 
                0.0, 
                1.0
            ]
        ], 
        [
            [
                -0.9297764858882511, 
                0.36812455268467853, 
                0.0, 
                0.04648882429441256
            ], 
            [
                -0.36812455268467853, 
                -0.9297764858882511, 
                0.0, 
                0.018406227634233926
            ], 
            [
                0.0, 
                0.0, 
                1.0, 
                0.0
            ], 
            [
                0.0, 
                0.0, 
                0.0, 
                1.0
            ]
        ], 
        [
            [
                -0.9297764858882511, 
                0.36812455268467853, 
                0.0, 
                -0.3347195349197704
            ], 
            [
                -0.36812455268467853, 
                -0.9297764858882511, 
                0.0, 
                -0.13252483896648426
            ], 
            [
                0.0, 
                0.0, 
                1.0, 
                0.0
            ], 
            [
                0.0, 
                0.0, 
                0.0, 
                1.0
            ]
        ], 
        [
            [
                -0.9297764858882511, 
                0.36812455268467853, 
                0.0, 
                -0.3347195349197704
            ], 
            [
                -0.36812455268467853, 
                -0.9297764858882511, 
                0.0, 
                -0.13252483896648426
            ], 
            [
                0.0, 
                0.0, 
                1.0, 
                0.1
            ], 
            [
                0.0, 
                0.0, 
                0.0, 
                1.0
            ]
        ]
    ], 
    "goal_contact_area_index": [
        4374, 
        4375, 
        4381, 
        4383, 
        4389, 
        4525, 
        4526, 
        4527, 
        4528, 
        4529, 
        4530, 
        4531, 
        4532, 
        4533, 
        4534, 
        4535, 
        4536, 
        4537, 
        4538, 
        4539, 
        4543, 
        4544, 
        4545, 
        4547, 
        4560, 
        4563, 
        4565, 
        4569, 
        4575, 
        4739, 
        4743, 
        4744, 
        4746, 
        4747, 
        4749, 
        4751, 
        4754, 
        4755, 
        4762, 
        4763, 
        4764, 
        4767, 
        4768, 
        4769, 
        4772, 
        4794, 
        4795, 
        4800, 
        4801, 
        4802, 
        4803, 
        4804, 
        4941, 
        4944, 
        4945, 
        4947, 
        4948, 
        4949, 
        4951, 
        4954, 
        4956, 
        4958, 
        5116, 
        5117, 
        5118, 
        5120, 
        5123, 
        5124, 
        5125, 
        5133, 
        5225, 
        5226, 
        5227, 
        5228, 
        5231, 
        5365, 
        5770
    ], 
    "changing_point": [
        1, 
        -2
    ], 
    "tool_trajectory_goal_frame": [
        [
            [
                -0.929776485888251, 
                0.3681245526846785, 
                0.0, 
                0.046488824294412555
            ], 
            [
                -0.3681245526846785, 
                -0.929776485888251, 
                0.0, 
                0.018406227634233923
            ], 
            [
                0.0, 
                0.0, 
                1.0, 
                0.1
            ], 
            [
                0.0, 
                0.0, 
                0.0, 
                1.0
            ]
        ], 
        [
            [
                -0.929776485888251, 
                0.3681245526846785, 
                0.0, 
                0.046488824294412555
            ], 
            [
                -0.3681245526846785, 
                -0.929776485888251, 
                0.0, 
                0.018406227634233923
            ], 
            [
                0.0, 
                0.0, 
                1.0, 
                0.0
            ], 
            [
                0.0, 
                0.0, 
                0.0, 
                1.0
            ]
        ], 
        [
            [
                -0.929776485888251, 
                0.3681245526846785, 
                0.0, 
                -0.33471953491977036
            ], 
            [
                -0.3681245526846785, 
                -0.929776485888251, 
                0.0, 
                -0.13252483896648423
            ], 
            [
                0.0, 
                0.0, 
                1.0, 
                0.0
            ], 
            [
                0.0, 
                0.0, 
                0.0, 
                1.0
            ]
        ], 
        [
            [
                -0.929776485888251, 
                0.3681245526846785, 
                0.0, 
                -0.33471953491977036
            ], 
            [
                -0.3681245526846785, 
                -0.929776485888251, 
                0.0, 
                -0.13252483896648423
            ], 
            [
                0.0, 
                0.0, 
                1.0, 
                0.1
            ], 
            [
                0.0, 
                0.0, 
                0.0, 
                1.0
            ]
        ]
    ], 
    "Teffectivestart_unhoveringstart": [
        [
            0.9999999999999997, 
            -2.3609960579810988e-17, 
            0.0, 
            0.3599999999999999
        ], 
        [
            -2.3609960579810988e-17, 
            0.9999999999999997, 
            0.0, 
            -1.5462072809612593e-17
        ], 
        [
            0.0, 
            0.0, 
            1.0, 
            0.0
        ], 
        [
            0.0, 
            0.0, 
            0.0, 
            1.0
        ]
    ], 
    "raw sample file path": "learned_samples/ur/simulator/pointcloud/pull/meiying_L_pull_tool/meiying_tool_target/raw/raw_sample_12.txt", 
    "trajectory_thetas": [
        0.35999999999999976
    ], 
    "tool": "meiying_L_pull_tool", 
    "Tworld_goalend": [
        [
            0.9999999999999999, 
            -1.3361886740378004e-17, 
            0.0, 
            -0.3347195349197704
        ], 
        [
            -1.3361886740378004e-17, 
            0.9999999999999999, 
            0.0, 
            -0.13252483896648426
        ], 
        [
            0.0, 
            0.0, 
            1.0, 
            0.0
        ], 
        [
            0.0, 
            0.0, 
            0.0, 
            1.0
        ]
    ], 
    "Tworld_toolend": [
        [
            -0.9297764858882511, 
            0.36812455268467853, 
            0.0, 
            -0.3347195349197704
        ], 
        [
            -0.36812455268467853, 
            -0.9297764858882511, 
            0.0, 
            -0.13252483896648426
        ], 
        [
            0.0, 
            0.0, 
            1.0, 
            0.0
        ], 
        [
            0.0, 
            0.0, 
            0.0, 
            1.0
        ]
    ], 
    "hovering_start": [
        [
            -0.929776485888251, 
            0.3681245526846785, 
            0.0, 
            0.046488824294412555
        ], 
        [
            -0.3681245526846785, 
            -0.929776485888251, 
            0.0, 
            0.018406227634233923
        ], 
        [
            0.0, 
            0.0, 
            1.0, 
            0.1
        ], 
        [
            0.0, 
            0.0, 
            0.0, 
            1.0
        ]
    ], 
    "v_start_tool_frame": [
        1.0, 
        -6.656016282873489e-17, 
        0.0
    ], 
    "task": "pull", 
    "unhovering_start": [
        [
            -0.929776485888251, 
            0.3681245526846785, 
            0.0, 
            -0.33471953491977036
        ], 
        [
            -0.3681245526846785, 
            -0.929776485888251, 
            0.0, 
            -0.13252483896648423
        ], 
        [
            0.0, 
            0.0, 
            1.0, 
            0.0
        ], 
        [
            0.0, 
            0.0, 
            0.0, 
            1.0
        ]
    ], 
    "Teffectivestart_hoveringend": [
        [
            0.9999999999999997, 
            -2.3609960579810988e-17, 
            0.0, 
            -0.04999999999999999
        ], 
        [
            -2.3609960579810988e-17, 
            0.9999999999999997, 
            0.0, 
            6.721687526498067e-18
        ], 
        [
            0.0, 
            0.0, 
            1.0, 
            0.0
        ], 
        [
            0.0, 
            0.0, 
            0.0, 
            1.0
        ]
    ], 
    "Tworld_toolstart": [
        [
            -0.9297764858882509, 
            0.3681245526846784, 
            0.0, 
            -2.057785639547926e-18
        ], 
        [
            -0.3681245526846784, 
            -0.9297764858882509, 
            0.0, 
            5.197373244182986e-18
        ], 
        [
            0.0, 
            0.0, 
            1.0, 
            0.0
        ], 
        [
            0.0, 
            0.0, 
            0.0, 
            1.0
        ]
    ], 
    "unhovering_end": [
        [
            -0.929776485888251, 
            0.3681245526846785, 
            0.0, 
            -0.33471953491977036
        ], 
        [
            -0.3681245526846785, 
            -0.929776485888251, 
            0.0, 
            -0.13252483896648423
        ], 
        [
            0.0, 
            0.0, 
            1.0, 
            0.1
        ], 
        [
            0.0, 
            0.0, 
            0.0, 
            1.0
        ]
    ], 
    "trajectory_screw_axes": [
        [
            -0.0, 
            -0.0, 
            -0.0, 
            -1.0, 
            6.656016282873489e-17, 
            -0.0
        ]
    ]
}