{
    "Tworld_goalstart": [
        [
            0.9999999999999999, 
            2.3403806471734454e-17, 
            0.0, 
            0.0
        ], 
        [
            2.3403806471734454e-17, 
            0.9999999999999999, 
            0.0, 
            0.0
        ], 
        [
            0.0, 
            0.0, 
            1.0, 
            0.0
        ], 
        [
            0.0, 
            0.0, 
            0.0, 
            1.0
        ]
    ], 
    "Teffectivestart_hoveringstart": [
        [
            0.9999999999999997, 
            -7.493738443457159e-17, 
            0.0, 
            -0.049999999999999954
        ], 
        [
            -7.493738443457159e-17, 
            0.9999999999999997, 
            0.0, 
            -2.6386986423049972e-18
        ], 
        [
            0.0, 
            0.0, 
            1.0, 
            0.1
        ], 
        [
            0.0, 
            0.0, 
            0.0, 
            1.0
        ]
    ], 
    "hovering_end": [
        [
            0.5358267949789964, 
            0.844327925502015, 
            0.0, 
            -0.026791339748949827
        ], 
        [
            -0.844327925502015, 
            0.5358267949789965, 
            0.0, 
            0.04221639627510075
        ], 
        [
            0.0, 
            0.0, 
            1.0, 
            0.0
        ], 
        [
            0.0, 
            0.0, 
            0.0, 
            1.0
        ]
    ], 
    "sample file path": "learned_samples/ur/simulator/pointcloud/pull/meiying_L_pull_tool/meiying_tool_target/sample/sample_5.txt", 
    "v_start_goal_frame": [
        0.535826794978996, 
        -0.8443279255020149, 
        0.0
    ], 
    "Teffectiveend_unhoveringend": [
        [
            0.9999999999999997, 
            -7.493738443457159e-17, 
            0.0, 
            0.0
        ], 
        [
            -7.493738443457159e-17, 
            0.9999999999999997, 
            0.0, 
            -2.7150563170760297e-18
        ], 
        [
            0.0, 
            0.0, 
            1.0, 
            0.1
        ], 
        [
            0.0, 
            0.0, 
            0.0, 
            1.0
        ]
    ], 
    "task_type": "pose_change", 
    "goal": "meiying_tool_target", 
    "trajectory": [
        [
            [
                0.9999999999999997, 
                -7.493738443457159e-17, 
                0.0, 
                -3.0814879110195774e-33
            ], 
            [
                -7.493738443457159e-17, 
                0.9999999999999997, 
                0.0, 
                7.703719777548943e-34
            ], 
            [
                0.0, 
                0.0, 
                1.0, 
                0.0
            ], 
            [
                0.0, 
                0.0, 
                0.0, 
                1.0
            ]
        ], 
        [
            [
                0.9999999999999997, 
                -7.493738443457159e-17, 
                0.0, 
                0.14999999999999997
            ], 
            [
                -7.493738443457159e-17, 
                0.9999999999999997, 
                0.0, 
                -2.030229375907169e-17
            ], 
            [
                0.0, 
                0.0, 
                1.0, 
                0.0
            ], 
            [
                0.0, 
                0.0, 
                0.0, 
                1.0
            ]
        ]
    ], 
    "tool_contact_area_index": [
        328, 
        332, 
        1145, 
        1156, 
        1185, 
        1187, 
        1188, 
        1193, 
        1196, 
        1198, 
        1201, 
        1203, 
        1207, 
        1549, 
        2818, 
        2819, 
        2820, 
        2821, 
        2828, 
        2831, 
        3836, 
        3837, 
        4178, 
        4179, 
        4180, 
        4183, 
        4185, 
        4186, 
        6215, 
        6216, 
        6217, 
        6218, 
        6329, 
        7115, 
        7116, 
        7117, 
        7118, 
        7122, 
        7123, 
        7124, 
        7128, 
        8117, 
        8155, 
        8156, 
        8157, 
        8158, 
        8161, 
        8163, 
        8164
    ], 
    "v_start_world_frame": [
        0.5358267949789961, 
        -0.844327925502015, 
        0.0
    ], 
    "Ttool_goal": [
        [
            0.5358267949789964, 
            -0.844327925502015, 
            0.0, 
            2.7755575615628914e-17
        ], 
        [
            0.844327925502015, 
            0.5358267949789965, 
            0.0, 
            -3.709449634181203e-18
        ], 
        [
            0.0, 
            0.0, 
            1.0, 
            0.0
        ], 
        [
            0.0, 
            0.0, 
            0.0, 
            1.0
        ]
    ], 
    "tool_trajectory_world_frame": [
        [
            [
                0.5358267949789965, 
                0.8443279255020151, 
                0.0, 
                -0.02679133974894983
            ], 
            [
                -0.8443279255020151, 
                0.5358267949789965, 
                0.0, 
                0.04221639627510076
            ], 
            [
                0.0, 
                0.0, 
                1.0, 
                0.1
            ], 
            [
                0.0, 
                0.0, 
                0.0, 
                1.0
            ]
        ], 
        [
            [
                0.5358267949789965, 
                0.8443279255020151, 
                0.0, 
                -0.02679133974894983
            ], 
            [
                -0.8443279255020151, 
                0.5358267949789965, 
                0.0, 
                0.04221639627510076
            ], 
            [
                0.0, 
                0.0, 
                1.0, 
                0.0
            ], 
            [
                0.0, 
                0.0, 
                0.0, 
                1.0
            ]
        ], 
        [
            [
                0.5358267949789965, 
                0.8443279255020151, 
                0.0, 
                0.08037401924684948
            ], 
            [
                -0.8443279255020151, 
                0.5358267949789965, 
                0.0, 
                -0.12664918882530227
            ], 
            [
                0.0, 
                0.0, 
                1.0, 
                0.0
            ], 
            [
                0.0, 
                0.0, 
                0.0, 
                1.0
            ]
        ], 
        [
            [
                0.5358267949789965, 
                0.8443279255020151, 
                0.0, 
                0.08037401924684948
            ], 
            [
                -0.8443279255020151, 
                0.5358267949789965, 
                0.0, 
                -0.12664918882530227
            ], 
            [
                0.0, 
                0.0, 
                1.0, 
                0.1
            ], 
            [
                0.0, 
                0.0, 
                0.0, 
                1.0
            ]
        ]
    ], 
    "goal_contact_area_index": [
        2009, 
        2257, 
        2263, 
        2267, 
        2521, 
        2522, 
        2523, 
        2529, 
        2530, 
        2533, 
        2535, 
        2537, 
        2538, 
        2539, 
        2541, 
        2544, 
        2545, 
        2546, 
        2547, 
        2549, 
        2552, 
        2554, 
        2556, 
        2557, 
        2558, 
        2559, 
        2561, 
        2562, 
        2839, 
        2840, 
        2842, 
        2848, 
        2849, 
        3067, 
        3077, 
        3078, 
        3080, 
        3082, 
        3085, 
        3087, 
        3089, 
        3090, 
        3093, 
        3094, 
        3096, 
        3098, 
        3099, 
        3100, 
        3102, 
        3103, 
        3105, 
        3422, 
        3424, 
        3427, 
        3430, 
        3431, 
        3432, 
        3435, 
        3436, 
        3437, 
        3439, 
        3441, 
        3442, 
        3445, 
        3448, 
        3449, 
        3451, 
        3453, 
        3454, 
        3462, 
        3464, 
        3694, 
        3695, 
        3696, 
        3698, 
        3699, 
        3701, 
        3702, 
        3703, 
        3704, 
        3708, 
        3709, 
        3710, 
        3711, 
        3712, 
        3713, 
        3715, 
        3718, 
        3719, 
        3721, 
        3723, 
        3724, 
        3725, 
        3726, 
        3729, 
        3731, 
        3732, 
        3733, 
        3735, 
        3737, 
        3739, 
        3741, 
        3742, 
        3744, 
        3749, 
        3754, 
        3755, 
        3756, 
        3757, 
        3759, 
        3762, 
        3763, 
        3764, 
        3766, 
        3767, 
        3768, 
        3773
    ], 
    "changing_point": [
        1, 
        -2
    ], 
    "tool_trajectory_goal_frame": [
        [
            [
                0.5358267949789964, 
                0.844327925502015, 
                0.0, 
                -0.026791339748949827
            ], 
            [
                -0.844327925502015, 
                0.5358267949789965, 
                0.0, 
                0.04221639627510075
            ], 
            [
                0.0, 
                0.0, 
                1.0, 
                0.1
            ], 
            [
                0.0, 
                0.0, 
                0.0, 
                1.0
            ]
        ], 
        [
            [
                0.5358267949789964, 
                0.844327925502015, 
                0.0, 
                -0.026791339748949827
            ], 
            [
                -0.844327925502015, 
                0.5358267949789965, 
                0.0, 
                0.04221639627510075
            ], 
            [
                0.0, 
                0.0, 
                1.0, 
                0.0
            ], 
            [
                0.0, 
                0.0, 
                0.0, 
                1.0
            ]
        ], 
        [
            [
                0.5358267949789964, 
                0.844327925502015, 
                0.0, 
                0.08037401924684946
            ], 
            [
                -0.844327925502015, 
                0.5358267949789965, 
                0.0, 
                -0.12664918882530224
            ], 
            [
                0.0, 
                0.0, 
                1.0, 
                0.0
            ], 
            [
                0.0, 
                0.0, 
                0.0, 
                1.0
            ]
        ], 
        [
            [
                0.5358267949789964, 
                0.844327925502015, 
                0.0, 
                0.08037401924684946
            ], 
            [
                -0.844327925502015, 
                0.5358267949789965, 
                0.0, 
                -0.12664918882530224
            ], 
            [
                0.0, 
                0.0, 
                1.0, 
                0.1
            ], 
            [
                0.0, 
                0.0, 
                0.0, 
                1.0
            ]
        ]
    ], 
    "Teffectivestart_unhoveringstart": [
        [
            0.9999999999999997, 
            -7.493738443457159e-17, 
            0.0, 
            0.14999999999999997
        ], 
        [
            -7.493738443457159e-17, 
            0.9999999999999997, 
            0.0, 
            -2.030229375907169e-17
        ], 
        [
            0.0, 
            0.0, 
            1.0, 
            0.0
        ], 
        [
            0.0, 
            0.0, 
            0.0, 
            1.0
        ]
    ], 
    "raw sample file path": "learned_samples/ur/simulator/pointcloud/pull/meiying_L_pull_tool/meiying_tool_target/raw/raw_sample_5.txt", 
    "trajectory_thetas": [
        0.1499999999999999
    ], 
    "tool": "meiying_L_pull_tool", 
    "Tworld_goalend": [
        [
            0.9999999999999999, 
            2.3403806471734454e-17, 
            0.0, 
            0.08037401924684948
        ], 
        [
            2.3403806471734454e-17, 
            0.9999999999999999, 
            0.0, 
            -0.12664918882530227
        ], 
        [
            0.0, 
            0.0, 
            1.0, 
            0.0
        ], 
        [
            0.0, 
            0.0, 
            0.0, 
            1.0
        ]
    ], 
    "Tworld_toolend": [
        [
            0.5358267949789965, 
            0.8443279255020151, 
            0.0, 
            0.08037401924684948
        ], 
        [
            -0.8443279255020151, 
            0.5358267949789965, 
            0.0, 
            -0.12664918882530227
        ], 
        [
            0.0, 
            0.0, 
            1.0, 
            0.0
        ], 
        [
            0.0, 
            0.0, 
            0.0, 
            1.0
        ]
    ], 
    "hovering_start": [
        [
            0.5358267949789964, 
            0.844327925502015, 
            0.0, 
            -0.026791339748949827
        ], 
        [
            -0.844327925502015, 
            0.5358267949789965, 
            0.0, 
            0.04221639627510075
        ], 
        [
            0.0, 
            0.0, 
            1.0, 
            0.1
        ], 
        [
            0.0, 
            0.0, 
            0.0, 
            1.0
        ]
    ], 
    "v_start_tool_frame": [
        1.0, 
        -2.1028600949504958e-16, 
        0.0
    ], 
    "task": "pull", 
    "unhovering_start": [
        [
            0.5358267949789964, 
            0.844327925502015, 
            0.0, 
            0.08037401924684946
        ], 
        [
            -0.844327925502015, 
            0.5358267949789965, 
            0.0, 
            -0.12664918882530224
        ], 
        [
            0.0, 
            0.0, 
            1.0, 
            0.0
        ], 
        [
            0.0, 
            0.0, 
            0.0, 
            1.0
        ]
    ], 
    "Teffectivestart_hoveringend": [
        [
            0.9999999999999997, 
            -7.493738443457159e-17, 
            0.0, 
            -0.049999999999999954
        ], 
        [
            -7.493738443457159e-17, 
            0.9999999999999997, 
            0.0, 
            -2.6386986423049972e-18
        ], 
        [
            0.0, 
            0.0, 
            1.0, 
            0.0
        ], 
        [
            0.0, 
            0.0, 
            0.0, 
            1.0
        ]
    ], 
    "Tworld_toolstart": [
        [
            0.5358267949789963, 
            0.8443279255020149, 
            0.0, 
            -1.1740189210537202e-17
        ], 
        [
            -0.8443279255020149, 
            0.5358267949789965, 
            0.0, 
            2.5422430089277594e-17
        ], 
        [
            0.0, 
            0.0, 
            1.0, 
            0.0
        ], 
        [
            0.0, 
            0.0, 
            0.0, 
            1.0
        ]
    ], 
    "unhovering_end": [
        [
            0.5358267949789964, 
            0.844327925502015, 
            0.0, 
            0.08037401924684946
        ], 
        [
            -0.844327925502015, 
            0.5358267949789965, 
            0.0, 
            -0.12664918882530224
        ], 
        [
            0.0, 
            0.0, 
            1.0, 
            0.1
        ], 
        [
            0.0, 
            0.0, 
            0.0, 
            1.0
        ]
    ], 
    "trajectory_screw_axes": [
        [
            -0.0, 
            -0.0, 
            -0.0, 
            -1.0, 
            2.1028600949504958e-16, 
            -0.0
        ]
    ]
}