{
    "Tworld_goalstart": [
        [
            0.9999999999999999, 
            9.381188111297005e-18, 
            0.0, 
            0.0
        ], 
        [
            9.381188111297005e-18, 
            0.9999999999999999, 
            0.0, 
            0.0
        ], 
        [
            0.0, 
            0.0, 
            1.0, 
            0.0
        ], 
        [
            0.0, 
            0.0, 
            0.0, 
            1.0
        ]
    ], 
    "Teffectivestart_hoveringstart": [
        [
            0.9999999999999997, 
            -2.2904501935825037e-17, 
            0.0, 
            -0.04999999999999999
        ], 
        [
            -2.2904501935825037e-17, 
            0.9999999999999997, 
            0.0, 
            -3.762267521487767e-18
        ], 
        [
            0.0, 
            0.0, 
            1.0, 
            0.1
        ], 
        [
            0.0, 
            0.0, 
            0.0, 
            1.0
        ]
    ], 
    "hovering_end": [
        [
            -0.4257792915650729, 
            -0.9048270524660192, 
            0.0, 
            0.021288964578253643
        ], 
        [
            0.9048270524660192, 
            -0.4257792915650729, 
            0.0, 
            -0.045241352623300965
        ], 
        [
            0.0, 
            0.0, 
            1.0, 
            0.0
        ], 
        [
            0.0, 
            0.0, 
            0.0, 
            1.0
        ]
    ], 
    "sample file path": "learned_samples/ur/simulator/pointcloud/pull/meiying_L_pull_tool/meiying_tool_target/sample/sample_18.txt", 
    "v_start_goal_frame": [
        -0.4257792915650727, 
        0.904827052466019, 
        0.0
    ], 
    "Teffectiveend_unhoveringend": [
        [
            0.9999999999999997, 
            -2.2904501935825037e-17, 
            0.0, 
            0.0
        ], 
        [
            -2.2904501935825037e-17, 
            0.9999999999999997, 
            0.0, 
            -1.0841804808900383e-17
        ], 
        [
            0.0, 
            0.0, 
            1.0, 
            0.1
        ], 
        [
            0.0, 
            0.0, 
            0.0, 
            1.0
        ]
    ], 
    "task_type": "pose_change", 
    "goal": "meiying_tool_target", 
    "trajectory": [
        [
            [
                0.9999999999999997, 
                -2.2904501935825037e-17, 
                0.0, 
                -1.141895159608663e-34
            ], 
            [
                -2.2904501935825037e-17, 
                0.9999999999999997, 
                0.0, 
                -7.703719777548943e-34
            ], 
            [
                0.0, 
                0.0, 
                1.0, 
                0.0
            ], 
            [
                0.0, 
                0.0, 
                0.0, 
                1.0
            ]
        ], 
        [
            [
                0.9999999999999997, 
                -2.2904501935825037e-17, 
                0.0, 
                0.5399999999999998
            ], 
            [
                -2.2904501935825037e-17, 
                0.9999999999999997, 
                0.0, 
                -1.693107235943973e-17
            ], 
            [
                0.0, 
                0.0, 
                1.0, 
                0.0
            ], 
            [
                0.0, 
                0.0, 
                0.0, 
                1.0
            ]
        ]
    ], 
    "tool_contact_area_index": [
        328, 
        454, 
        1198, 
        1202, 
        1203, 
        1204, 
        1549, 
        1996, 
        2691, 
        2817, 
        2824, 
        3836, 
        3837, 
        4178, 
        4185, 
        6215, 
        6217, 
        7114, 
        7115, 
        7116, 
        7117, 
        7118, 
        7122, 
        7123, 
        7124, 
        7128, 
        7131, 
        7132, 
        8084, 
        8117, 
        8155, 
        8156, 
        8157, 
        8818, 
        8819
    ], 
    "v_start_world_frame": [
        -0.42577929156507277, 
        0.9048270524660191, 
        0.0
    ], 
    "Ttool_goal": [
        [
            -0.4257792915650729, 
            0.9048270524660192, 
            0.0, 
            0.0
        ], 
        [
            -0.9048270524660192, 
            -0.4257792915650729, 
            0.0, 
            -6.089267550539348e-18
        ], 
        [
            0.0, 
            0.0, 
            1.0, 
            0.0
        ], 
        [
            0.0, 
            0.0, 
            0.0, 
            1.0
        ]
    ], 
    "tool_trajectory_world_frame": [
        [
            [
                -0.42577929156507294, 
                -0.9048270524660194, 
                0.0, 
                0.021288964578253647
            ], 
            [
                0.9048270524660194, 
                -0.42577929156507294, 
                0.0, 
                -0.04524135262330097
            ], 
            [
                0.0, 
                0.0, 
                1.0, 
                0.1
            ], 
            [
                0.0, 
                0.0, 
                0.0, 
                1.0
            ]
        ], 
        [
            [
                -0.42577929156507294, 
                -0.9048270524660194, 
                0.0, 
                0.021288964578253647
            ], 
            [
                0.9048270524660194, 
                -0.42577929156507294, 
                0.0, 
                -0.04524135262330097
            ], 
            [
                0.0, 
                0.0, 
                1.0, 
                0.0
            ], 
            [
                0.0, 
                0.0, 
                0.0, 
                1.0
            ]
        ], 
        [
            [
                -0.42577929156507294, 
                -0.9048270524660194, 
                0.0, 
                -0.2299208174451394
            ], 
            [
                0.9048270524660194, 
                -0.42577929156507294, 
                0.0, 
                0.4886066083316505
            ], 
            [
                0.0, 
                0.0, 
                1.0, 
                0.0
            ], 
            [
                0.0, 
                0.0, 
                0.0, 
                1.0
            ]
        ], 
        [
            [
                -0.42577929156507294, 
                -0.9048270524660194, 
                0.0, 
                -0.2299208174451394
            ], 
            [
                0.9048270524660194, 
                -0.42577929156507294, 
                0.0, 
                0.4886066083316505
            ], 
            [
                0.0, 
                0.0, 
                1.0, 
                0.1
            ], 
            [
                0.0, 
                0.0, 
                0.0, 
                1.0
            ]
        ]
    ], 
    "goal_contact_area_index": [
        4306, 
        4307, 
        4423, 
        4424, 
        4427, 
        4428, 
        4430, 
        4431, 
        4583, 
        4586, 
        4591, 
        4616, 
        4825, 
        5012, 
        5026, 
        5027, 
        5028, 
        5030, 
        5145, 
        5152, 
        5162, 
        5163, 
        5164, 
        5166, 
        5167, 
        5169, 
        5170, 
        5171, 
        5172, 
        5173, 
        5174, 
        5175, 
        5263, 
        5264, 
        5265, 
        5267, 
        5268, 
        5270, 
        5271, 
        5272, 
        5273, 
        5275, 
        5276, 
        5425, 
        5426, 
        5427, 
        5430, 
        5431, 
        5432, 
        5433, 
        5434
    ], 
    "changing_point": [
        1, 
        -2
    ], 
    "tool_trajectory_goal_frame": [
        [
            [
                -0.4257792915650729, 
                -0.9048270524660192, 
                0.0, 
                0.021288964578253643
            ], 
            [
                0.9048270524660192, 
                -0.4257792915650729, 
                0.0, 
                -0.045241352623300965
            ], 
            [
                0.0, 
                0.0, 
                1.0, 
                0.1
            ], 
            [
                0.0, 
                0.0, 
                0.0, 
                1.0
            ]
        ], 
        [
            [
                -0.4257792915650729, 
                -0.9048270524660192, 
                0.0, 
                0.021288964578253643
            ], 
            [
                0.9048270524660192, 
                -0.4257792915650729, 
                0.0, 
                -0.045241352623300965
            ], 
            [
                0.0, 
                0.0, 
                1.0, 
                0.0
            ], 
            [
                0.0, 
                0.0, 
                0.0, 
                1.0
            ]
        ], 
        [
            [
                -0.4257792915650729, 
                -0.9048270524660192, 
                0.0, 
                -0.22992081744513937
            ], 
            [
                0.9048270524660192, 
                -0.4257792915650729, 
                0.0, 
                0.4886066083316504
            ], 
            [
                0.0, 
                0.0, 
                1.0, 
                0.0
            ], 
            [
                0.0, 
                0.0, 
                0.0, 
                1.0
            ]
        ], 
        [
            [
                -0.4257792915650729, 
                -0.9048270524660192, 
                0.0, 
                -0.22992081744513937
            ], 
            [
                0.9048270524660192, 
                -0.4257792915650729, 
                0.0, 
                0.4886066083316504
            ], 
            [
                0.0, 
                0.0, 
                1.0, 
                0.1
            ], 
            [
                0.0, 
                0.0, 
                0.0, 
                1.0
            ]
        ]
    ], 
    "Teffectivestart_unhoveringstart": [
        [
            0.9999999999999997, 
            -2.2904501935825037e-17, 
            0.0, 
            0.5399999999999998
        ], 
        [
            -2.2904501935825037e-17, 
            0.9999999999999997, 
            0.0, 
            -1.693107235943973e-17
        ], 
        [
            0.0, 
            0.0, 
            1.0, 
            0.0
        ], 
        [
            0.0, 
            0.0, 
            0.0, 
            1.0
        ]
    ], 
    "raw sample file path": "learned_samples/ur/simulator/pointcloud/pull/meiying_L_pull_tool/meiying_tool_target/raw/raw_sample_18.txt", 
    "trajectory_thetas": [
        0.5399999999999996
    ], 
    "tool": "meiying_L_pull_tool", 
    "Tworld_goalend": [
        [
            0.9999999999999999, 
            9.381188111297005e-18, 
            0.0, 
            -0.2299208174451394
        ], 
        [
            9.381188111297005e-18, 
            0.9999999999999999, 
            0.0, 
            0.4886066083316505
        ], 
        [
            0.0, 
            0.0, 
            1.0, 
            0.0
        ], 
        [
            0.0, 
            0.0, 
            0.0, 
            1.0
        ]
    ], 
    "Tworld_toolend": [
        [
            -0.42577929156507294, 
            -0.9048270524660194, 
            0.0, 
            -0.2299208174451394
        ], 
        [
            0.9048270524660194, 
            -0.42577929156507294, 
            0.0, 
            0.4886066083316505
        ], 
        [
            0.0, 
            0.0, 
            1.0, 
            0.0
        ], 
        [
            0.0, 
            0.0, 
            0.0, 
            1.0
        ]
    ], 
    "hovering_start": [
        [
            -0.4257792915650729, 
            -0.9048270524660192, 
            0.0, 
            0.021288964578253643
        ], 
        [
            0.9048270524660192, 
            -0.4257792915650729, 
            0.0, 
            -0.045241352623300965
        ], 
        [
            0.0, 
            0.0, 
            1.0, 
            0.1
        ], 
        [
            0.0, 
            0.0, 
            0.0, 
            1.0
        ]
    ], 
    "v_start_tool_frame": [
        1.0, 
        -5.425833963849123e-17, 
        0.0
    ], 
    "task": "pull", 
    "unhovering_start": [
        [
            -0.4257792915650729, 
            -0.9048270524660192, 
            0.0, 
            -0.22992081744513937
        ], 
        [
            0.9048270524660192, 
            -0.4257792915650729, 
            0.0, 
            0.4886066083316504
        ], 
        [
            0.0, 
            0.0, 
            1.0, 
            0.0
        ], 
        [
            0.0, 
            0.0, 
            0.0, 
            1.0
        ]
    ], 
    "Teffectivestart_hoveringend": [
        [
            0.9999999999999997, 
            -2.2904501935825037e-17, 
            0.0, 
            -0.04999999999999999
        ], 
        [
            -2.2904501935825037e-17, 
            0.9999999999999997, 
            0.0, 
            -3.762267521487767e-18
        ], 
        [
            0.0, 
            0.0, 
            1.0, 
            0.0
        ], 
        [
            0.0, 
            0.0, 
            0.0, 
            1.0
        ]
    ], 
    "Tworld_toolstart": [
        [
            -0.4257792915650728, 
            -0.9048270524660191, 
            0.0, 
            -5.509734009431494e-18
        ], 
        [
            0.9048270524660191, 
            -0.4257792915650728, 
            0.0, 
            -2.5926840238188298e-18
        ], 
        [
            0.0, 
            0.0, 
            1.0, 
            0.0
        ], 
        [
            0.0, 
            0.0, 
            0.0, 
            1.0
        ]
    ], 
    "unhovering_end": [
        [
            -0.4257792915650729, 
            -0.9048270524660192, 
            0.0, 
            -0.22992081744513937
        ], 
        [
            0.9048270524660192, 
            -0.4257792915650729, 
            0.0, 
            0.4886066083316504
        ], 
        [
            0.0, 
            0.0, 
            1.0, 
            0.1
        ], 
        [
            0.0, 
            0.0, 
            0.0, 
            1.0
        ]
    ], 
    "trajectory_screw_axes": [
        [
            -0.0, 
            -0.0, 
            -0.0, 
            -1.0, 
            5.425833963849123e-17, 
            -0.0
        ]
    ]
}