{
    "Tworld_goalstart": [
        [
            1.0, 
            -1.4501744564460953e-17, 
            0.0, 
            0.0
        ], 
        [
            -1.4501744564460953e-17, 
            1.0, 
            0.0, 
            0.0
        ], 
        [
            0.0, 
            0.0, 
            1.0, 
            0.0
        ], 
        [
            0.0, 
            0.0, 
            0.0, 
            1.0
        ]
    ], 
    "Teffectivestart_hoveringstart": [
        [
            1.0, 
            1.4501744564460953e-17, 
            0.0, 
            -0.05
        ], 
        [
            1.4501744564460953e-17, 
            1.0, 
            0.0, 
            -2.29566922319259e-17
        ], 
        [
            0.0, 
            0.0, 
            1.0, 
            0.1
        ], 
        [
            0.0, 
            0.0, 
            0.0, 
            1.0
        ]
    ], 
    "hovering_end": [
        [
            0.5358267949789975, 
            -0.8443279255020145, 
            0.0, 
            -0.02679133974894988
        ], 
        [
            0.8443279255020145, 
            0.5358267949789975, 
            0.0, 
            -0.04221639627510073
        ], 
        [
            0.0, 
            0.0, 
            1.0, 
            0.0
        ], 
        [
            0.0, 
            0.0, 
            0.0, 
            1.0
        ]
    ], 
    "sample file path": "learned_samples/ur/simulator/pointcloud/pull/meiying_L_pull_tool/meiying_tool_target/sample/sample_22.txt", 
    "v_start_goal_frame": [
        0.5358267949789975, 
        0.8443279255020145, 
        0.0
    ], 
    "Teffectiveend_unhoveringend": [
        [
            1.0, 
            1.4501744564460953e-17, 
            0.0, 
            0.0
        ], 
        [
            1.4501744564460953e-17, 
            1.0, 
            0.0, 
            -2.208244600613707e-17
        ], 
        [
            0.0, 
            0.0, 
            1.0, 
            0.1
        ], 
        [
            0.0, 
            0.0, 
            0.0, 
            1.0
        ]
    ], 
    "task_type": "pose_change", 
    "goal": "meiying_tool_target", 
    "trajectory": [
        [
            [
                1.0, 
                1.4501744564460953e-17, 
                0.0, 
                5.3048898260189985e-34
            ], 
            [
                1.4501744564460953e-17, 
                1.0, 
                0.0, 
                0.0
            ], 
            [
                0.0, 
                0.0, 
                1.0, 
                0.0
            ], 
            [
                0.0, 
                0.0, 
                0.0, 
                1.0
            ]
        ], 
        [
            [
                1.0, 
                1.4501744564460953e-17, 
                0.0, 
                0.6599999999999999
            ], 
            [
                1.4501744564460953e-17, 
                1.0, 
                0.0, 
                -4.416489201227414e-17
            ], 
            [
                0.0, 
                0.0, 
                1.0, 
                0.0
            ], 
            [
                0.0, 
                0.0, 
                0.0, 
                1.0
            ]
        ]
    ], 
    "tool_contact_area_index": [
        1198, 
        1201, 
        1202, 
        1203, 
        1204, 
        1205, 
        1980, 
        2820, 
        3836, 
        3837, 
        4060, 
        6215, 
        6217, 
        6218, 
        6220, 
        7122, 
        7123, 
        7124, 
        7128, 
        7129, 
        7131, 
        8083, 
        8116, 
        8117, 
        8155, 
        8156, 
        8157, 
        8158, 
        8161, 
        8164
    ], 
    "v_start_world_frame": [
        0.5358267949789975, 
        0.8443279255020145, 
        0.0
    ], 
    "Ttool_goal": [
        [
            0.5358267949789975, 
            0.8443279255020145, 
            0.0, 
            0.0
        ], 
        [
            -0.8443279255020145, 
            0.5358267949789975, 
            0.0, 
            -2.208244600613707e-17
        ], 
        [
            0.0, 
            0.0, 
            1.0, 
            0.0
        ], 
        [
            0.0, 
            0.0, 
            0.0, 
            1.0
        ]
    ], 
    "tool_trajectory_world_frame": [
        [
            [
                0.5358267949789975, 
                -0.8443279255020145, 
                0.0, 
                -0.02679133974894988
            ], 
            [
                0.8443279255020145, 
                0.5358267949789975, 
                0.0, 
                -0.04221639627510073
            ], 
            [
                0.0, 
                0.0, 
                1.0, 
                0.1
            ], 
            [
                0.0, 
                0.0, 
                0.0, 
                1.0
            ]
        ], 
        [
            [
                0.5358267949789975, 
                -0.8443279255020145, 
                0.0, 
                -0.02679133974894988
            ], 
            [
                0.8443279255020145, 
                0.5358267949789975, 
                0.0, 
                -0.04221639627510073
            ], 
            [
                0.0, 
                0.0, 
                1.0, 
                0.0
            ], 
            [
                0.0, 
                0.0, 
                0.0, 
                1.0
            ]
        ], 
        [
            [
                0.5358267949789975, 
                -0.8443279255020145, 
                0.0, 
                0.35364568468613833
            ], 
            [
                0.8443279255020145, 
                0.5358267949789975, 
                0.0, 
                0.5572564308313295
            ], 
            [
                0.0, 
                0.0, 
                1.0, 
                0.0
            ], 
            [
                0.0, 
                0.0, 
                0.0, 
                1.0
            ]
        ], 
        [
            [
                0.5358267949789975, 
                -0.8443279255020145, 
                0.0, 
                0.35364568468613833
            ], 
            [
                0.8443279255020145, 
                0.5358267949789975, 
                0.0, 
                0.5572564308313295
            ], 
            [
                0.0, 
                0.0, 
                1.0, 
                0.1
            ], 
            [
                0.0, 
                0.0, 
                0.0, 
                1.0
            ]
        ]
    ], 
    "goal_contact_area_index": [
        9489, 
        9500, 
        9503, 
        9506, 
        9593, 
        9595, 
        9622, 
        9624, 
        9642, 
        9645, 
        9647, 
        9668, 
        9669, 
        9671, 
        9675, 
        9677, 
        9679, 
        9681, 
        9683, 
        9684, 
        9707, 
        9713, 
        9714, 
        9715, 
        9716, 
        9719, 
        9721, 
        9722, 
        9723, 
        9725, 
        9727, 
        9728, 
        9730, 
        9731, 
        9733, 
        9735, 
        9738, 
        9739, 
        9740, 
        9742, 
        9743, 
        9744, 
        9748, 
        9750, 
        9752, 
        9753, 
        9754, 
        9755, 
        9756, 
        9757, 
        9759, 
        9760, 
        9761, 
        9762, 
        9763, 
        9764, 
        9807, 
        9808, 
        9809, 
        9813, 
        9814, 
        9816, 
        9818, 
        9819, 
        9822, 
        9826, 
        9827
    ], 
    "changing_point": [
        1, 
        -2
    ], 
    "tool_trajectory_goal_frame": [
        [
            [
                0.5358267949789975, 
                -0.8443279255020145, 
                0.0, 
                -0.02679133974894988
            ], 
            [
                0.8443279255020145, 
                0.5358267949789975, 
                0.0, 
                -0.04221639627510073
            ], 
            [
                0.0, 
                0.0, 
                1.0, 
                0.1
            ], 
            [
                0.0, 
                0.0, 
                0.0, 
                1.0
            ]
        ], 
        [
            [
                0.5358267949789975, 
                -0.8443279255020145, 
                0.0, 
                -0.02679133974894988
            ], 
            [
                0.8443279255020145, 
                0.5358267949789975, 
                0.0, 
                -0.04221639627510073
            ], 
            [
                0.0, 
                0.0, 
                1.0, 
                0.0
            ], 
            [
                0.0, 
                0.0, 
                0.0, 
                1.0
            ]
        ], 
        [
            [
                0.5358267949789975, 
                -0.8443279255020145, 
                0.0, 
                0.35364568468613833
            ], 
            [
                0.8443279255020145, 
                0.5358267949789975, 
                0.0, 
                0.5572564308313295
            ], 
            [
                0.0, 
                0.0, 
                1.0, 
                0.0
            ], 
            [
                0.0, 
                0.0, 
                0.0, 
                1.0
            ]
        ], 
        [
            [
                0.5358267949789975, 
                -0.8443279255020145, 
                0.0, 
                0.35364568468613833
            ], 
            [
                0.8443279255020145, 
                0.5358267949789975, 
                0.0, 
                0.5572564308313295
            ], 
            [
                0.0, 
                0.0, 
                1.0, 
                0.1
            ], 
            [
                0.0, 
                0.0, 
                0.0, 
                1.0
            ]
        ]
    ], 
    "Teffectivestart_unhoveringstart": [
        [
            1.0, 
            1.4501744564460953e-17, 
            0.0, 
            0.6599999999999999
        ], 
        [
            1.4501744564460953e-17, 
            1.0, 
            0.0, 
            -4.416489201227414e-17
        ], 
        [
            0.0, 
            0.0, 
            1.0, 
            0.0
        ], 
        [
            0.0, 
            0.0, 
            0.0, 
            1.0
        ]
    ], 
    "raw sample file path": "learned_samples/ur/simulator/pointcloud/pull/meiying_L_pull_tool/meiying_tool_target/raw/raw_sample_22.txt", 
    "trajectory_thetas": [
        0.6599999999999999
    ], 
    "tool": "meiying_L_pull_tool", 
    "Tworld_goalend": [
        [
            1.0, 
            -1.4501744564460953e-17, 
            0.0, 
            0.35364568468613833
        ], 
        [
            -1.4501744564460953e-17, 
            1.0, 
            0.0, 
            0.5572564308313295
        ], 
        [
            0.0, 
            0.0, 
            1.0, 
            0.0
        ], 
        [
            0.0, 
            0.0, 
            0.0, 
            1.0
        ]
    ], 
    "Tworld_toolend": [
        [
            0.5358267949789975, 
            -0.8443279255020145, 
            0.0, 
            0.35364568468613833
        ], 
        [
            0.8443279255020145, 
            0.5358267949789975, 
            0.0, 
            0.5572564308313295
        ], 
        [
            0.0, 
            0.0, 
            1.0, 
            0.0
        ], 
        [
            0.0, 
            0.0, 
            0.0, 
            1.0
        ]
    ], 
    "hovering_start": [
        [
            0.5358267949789975, 
            -0.8443279255020145, 
            0.0, 
            -0.02679133974894988
        ], 
        [
            0.8443279255020145, 
            0.5358267949789975, 
            0.0, 
            -0.04221639627510073
        ], 
        [
            0.0, 
            0.0, 
            1.0, 
            0.1
        ], 
        [
            0.0, 
            0.0, 
            0.0, 
            1.0
        ]
    ], 
    "v_start_tool_frame": [
        1.0, 
        -5.2414758484439274e-17, 
        0.0
    ], 
    "task": "pull", 
    "unhovering_start": [
        [
            0.5358267949789975, 
            -0.8443279255020145, 
            0.0, 
            0.35364568468613833
        ], 
        [
            0.8443279255020145, 
            0.5358267949789975, 
            0.0, 
            0.5572564308313295
        ], 
        [
            0.0, 
            0.0, 
            1.0, 
            0.0
        ], 
        [
            0.0, 
            0.0, 
            0.0, 
            1.0
        ]
    ], 
    "Teffectivestart_hoveringend": [
        [
            1.0, 
            1.4501744564460953e-17, 
            0.0, 
            -0.05
        ], 
        [
            1.4501744564460953e-17, 
            1.0, 
            0.0, 
            -2.29566922319259e-17
        ], 
        [
            0.0, 
            0.0, 
            1.0, 
            0.0
        ], 
        [
            0.0, 
            0.0, 
            0.0, 
            1.0
        ]
    ], 
    "Tworld_toolstart": [
        [
            0.5358267949789975, 
            -0.8443279255020145, 
            0.0, 
            -1.864482582637196e-17
        ], 
        [
            0.8443279255020145, 
            0.5358267949789975, 
            0.0, 
            1.1832366268765191e-17
        ], 
        [
            0.0, 
            0.0, 
            1.0, 
            0.0
        ], 
        [
            0.0, 
            0.0, 
            0.0, 
            1.0
        ]
    ], 
    "unhovering_end": [
        [
            0.5358267949789975, 
            -0.8443279255020145, 
            0.0, 
            0.35364568468613833
        ], 
        [
            0.8443279255020145, 
            0.5358267949789975, 
            0.0, 
            0.5572564308313295
        ], 
        [
            0.0, 
            0.0, 
            1.0, 
            0.1
        ], 
        [
            0.0, 
            0.0, 
            0.0, 
            1.0
        ]
    ], 
    "trajectory_screw_axes": [
        [
            -0.0, 
            -0.0, 
            -0.0, 
            -1.0, 
            5.2414758484439274e-17, 
            -0.0
        ]
    ]
}