{
    "Tworld_goalstart": [
        [
            1.0, 
            -2.074003326461664e-18, 
            0.0, 
            0.0
        ], 
        [
            -2.074003326461664e-18, 
            1.0, 
            0.0, 
            0.0
        ], 
        [
            0.0, 
            0.0, 
            1.0, 
            0.0
        ], 
        [
            0.0, 
            0.0, 
            0.0, 
            1.0
        ]
    ], 
    "Teffectivestart_hoveringstart": [
        [
            1.0, 
            2.074003326461664e-18, 
            0.0, 
            -0.05000000000000001
        ], 
        [
            2.074003326461664e-18, 
            1.0, 
            0.0, 
            5.534777495646128e-18
        ], 
        [
            0.0, 
            0.0, 
            1.0, 
            0.1
        ], 
        [
            0.0, 
            0.0, 
            0.0, 
            1.0
        ]
    ], 
    "hovering_end": [
        [
            -0.18738131458572463, 
            -0.9822872507286887, 
            0.0, 
            0.009369065729286231
        ], 
        [
            0.9822872507286887, 
            -0.18738131458572463, 
            0.0, 
            -0.04911436253643444
        ], 
        [
            0.0, 
            0.0, 
            1.0, 
            0.0
        ], 
        [
            0.0, 
            0.0, 
            0.0, 
            1.0
        ]
    ], 
    "sample file path": "learned_samples/ur/simulator/pointcloud/pull/meiying_L_pull_tool/meiying_tool_target/sample/sample_19.txt", 
    "v_start_goal_frame": [
        -0.18738131458572463, 
        0.9822872507286887, 
        0.0
    ], 
    "Teffectiveend_unhoveringend": [
        [
            1.0, 
            2.074003326461664e-18, 
            0.0, 
            0.0
        ], 
        [
            2.074003326461664e-18, 
            1.0, 
            0.0, 
            4.858346225078207e-18
        ], 
        [
            0.0, 
            0.0, 
            1.0, 
            0.1
        ], 
        [
            0.0, 
            0.0, 
            0.0, 
            1.0
        ]
    ], 
    "task_type": "pose_change", 
    "goal": "meiying_tool_target", 
    "trajectory": [
        [
            [
                1.0, 
                2.074003326461664e-18, 
                0.0, 
                1.0749659582755397e-35
            ], 
            [
                2.074003326461664e-18, 
                1.0, 
                0.0, 
                0.0
            ], 
            [
                0.0, 
                0.0, 
                1.0, 
                0.0
            ], 
            [
                0.0, 
                0.0, 
                0.0, 
                1.0
            ]
        ], 
        [
            [
                1.0, 
                2.074003326461664e-18, 
                0.0, 
                0.5700000000000001
            ], 
            [
                2.074003326461664e-18, 
                1.0, 
                0.0, 
                -4.161095357658042e-18
            ], 
            [
                0.0, 
                0.0, 
                1.0, 
                0.0
            ], 
            [
                0.0, 
                0.0, 
                0.0, 
                1.0
            ]
        ]
    ], 
    "tool_contact_area_index": [
        328, 
        454, 
        1187, 
        1194, 
        1197, 
        1199, 
        1201, 
        1203, 
        1204, 
        1205, 
        1206, 
        1311, 
        1312, 
        1549, 
        2691, 
        2778, 
        2817, 
        2818, 
        2824, 
        2828, 
        3837, 
        4058, 
        4178, 
        4179, 
        4180, 
        4186, 
        5178, 
        6215, 
        7113, 
        7115, 
        7116, 
        7117, 
        7118, 
        7122, 
        7123, 
        7124, 
        7128, 
        8155, 
        8156, 
        8157, 
        8158, 
        8161, 
        8165
    ], 
    "v_start_world_frame": [
        -0.18738131458572463, 
        0.9822872507286887, 
        0.0
    ], 
    "Ttool_goal": [
        [
            -0.18738131458572463, 
            0.9822872507286887, 
            0.0, 
            0.0
        ], 
        [
            -0.9822872507286887, 
            -0.18738131458572463, 
            0.0, 
            4.858346225078207e-18
        ], 
        [
            0.0, 
            0.0, 
            1.0, 
            0.0
        ], 
        [
            0.0, 
            0.0, 
            0.0, 
            1.0
        ]
    ], 
    "tool_trajectory_world_frame": [
        [
            [
                -0.18738131458572463, 
                -0.9822872507286887, 
                0.0, 
                0.009369065729286231
            ], 
            [
                0.9822872507286887, 
                -0.18738131458572463, 
                0.0, 
                -0.04911436253643444
            ], 
            [
                0.0, 
                0.0, 
                1.0, 
                0.1
            ], 
            [
                0.0, 
                0.0, 
                0.0, 
                1.0
            ]
        ], 
        [
            [
                -0.18738131458572463, 
                -0.9822872507286887, 
                0.0, 
                0.009369065729286231
            ], 
            [
                0.9822872507286887, 
                -0.18738131458572463, 
                0.0, 
                -0.04911436253643444
            ], 
            [
                0.0, 
                0.0, 
                1.0, 
                0.0
            ], 
            [
                0.0, 
                0.0, 
                0.0, 
                1.0
            ]
        ], 
        [
            [
                -0.18738131458572463, 
                -0.9822872507286887, 
                0.0, 
                -0.10680734931386303
            ], 
            [
                0.9822872507286887, 
                -0.18738131458572463, 
                0.0, 
                0.5599037329153526
            ], 
            [
                0.0, 
                0.0, 
                1.0, 
                0.0
            ], 
            [
                0.0, 
                0.0, 
                0.0, 
                1.0
            ]
        ], 
        [
            [
                -0.18738131458572463, 
                -0.9822872507286887, 
                0.0, 
                -0.10680734931386303
            ], 
            [
                0.9822872507286887, 
                -0.18738131458572463, 
                0.0, 
                0.5599037329153526
            ], 
            [
                0.0, 
                0.0, 
                1.0, 
                0.1
            ], 
            [
                0.0, 
                0.0, 
                0.0, 
                1.0
            ]
        ]
    ], 
    "goal_contact_area_index": [
        4431, 
        4433, 
        4434, 
        4435, 
        4450, 
        4452, 
        4453, 
        4457, 
        4459, 
        4580, 
        4581, 
        4582, 
        4584, 
        4585, 
        4586, 
        4587, 
        4588, 
        4591, 
        4592, 
        4593, 
        4594, 
        4595, 
        4596, 
        4599, 
        4600, 
        4603, 
        4604, 
        4607, 
        4608, 
        4610, 
        4612, 
        4613, 
        4616, 
        4619, 
        4622, 
        4624, 
        4625, 
        4824, 
        4830, 
        4831, 
        4850, 
        4857, 
        5013, 
        5015, 
        5016, 
        5020, 
        5027, 
        5028, 
        5030, 
        5032, 
        5033, 
        5037, 
        5039, 
        5040, 
        5044, 
        5179, 
        5182, 
        5183, 
        5184, 
        5188, 
        5190, 
        5192, 
        5193, 
        5273, 
        5425, 
        5427, 
        5428
    ], 
    "changing_point": [
        1, 
        -2
    ], 
    "tool_trajectory_goal_frame": [
        [
            [
                -0.18738131458572463, 
                -0.9822872507286887, 
                0.0, 
                0.009369065729286231
            ], 
            [
                0.9822872507286887, 
                -0.18738131458572463, 
                0.0, 
                -0.04911436253643444
            ], 
            [
                0.0, 
                0.0, 
                1.0, 
                0.1
            ], 
            [
                0.0, 
                0.0, 
                0.0, 
                1.0
            ]
        ], 
        [
            [
                -0.18738131458572463, 
                -0.9822872507286887, 
                0.0, 
                0.009369065729286231
            ], 
            [
                0.9822872507286887, 
                -0.18738131458572463, 
                0.0, 
                -0.04911436253643444
            ], 
            [
                0.0, 
                0.0, 
                1.0, 
                0.0
            ], 
            [
                0.0, 
                0.0, 
                0.0, 
                1.0
            ]
        ], 
        [
            [
                -0.18738131458572463, 
                -0.9822872507286887, 
                0.0, 
                -0.10680734931386303
            ], 
            [
                0.9822872507286887, 
                -0.18738131458572463, 
                0.0, 
                0.5599037329153526
            ], 
            [
                0.0, 
                0.0, 
                1.0, 
                0.0
            ], 
            [
                0.0, 
                0.0, 
                0.0, 
                1.0
            ]
        ], 
        [
            [
                -0.18738131458572463, 
                -0.9822872507286887, 
                0.0, 
                -0.10680734931386303
            ], 
            [
                0.9822872507286887, 
                -0.18738131458572463, 
                0.0, 
                0.5599037329153526
            ], 
            [
                0.0, 
                0.0, 
                1.0, 
                0.1
            ], 
            [
                0.0, 
                0.0, 
                0.0, 
                1.0
            ]
        ]
    ], 
    "Teffectivestart_unhoveringstart": [
        [
            1.0, 
            2.074003326461664e-18, 
            0.0, 
            0.5700000000000001
        ], 
        [
            2.074003326461664e-18, 
            1.0, 
            0.0, 
            -4.161095357658043e-18
        ], 
        [
            0.0, 
            0.0, 
            1.0, 
            0.0
        ], 
        [
            0.0, 
            0.0, 
            0.0, 
            1.0
        ]
    ], 
    "raw sample file path": "learned_samples/ur/simulator/pointcloud/pull/meiying_L_pull_tool/meiying_tool_target/raw/raw_sample_19.txt", 
    "trajectory_thetas": [
        0.5700000000000001
    ], 
    "tool": "meiying_L_pull_tool", 
    "Tworld_goalend": [
        [
            1.0, 
            -2.074003326461664e-18, 
            0.0, 
            -0.10680734931386303
        ], 
        [
            -2.074003326461664e-18, 
            1.0, 
            0.0, 
            0.5599037329153526
        ], 
        [
            0.0, 
            0.0, 
            1.0, 
            0.0
        ], 
        [
            0.0, 
            0.0, 
            0.0, 
            1.0
        ]
    ], 
    "Tworld_toolend": [
        [
            -0.18738131458572463, 
            -0.9822872507286887, 
            0.0, 
            -0.10680734931386303
        ], 
        [
            0.9822872507286887, 
            -0.18738131458572463, 
            0.0, 
            0.5599037329153526
        ], 
        [
            0.0, 
            0.0, 
            1.0, 
            0.0
        ], 
        [
            0.0, 
            0.0, 
            0.0, 
            1.0
        ]
    ], 
    "hovering_start": [
        [
            -0.18738131458572463, 
            -0.9822872507286887, 
            0.0, 
            0.009369065729286231
        ], 
        [
            0.9822872507286887, 
            -0.18738131458572463, 
            0.0, 
            -0.04911436253643444
        ], 
        [
            0.0, 
            0.0, 
            1.0, 
            0.1
        ], 
        [
            0.0, 
            0.0, 
            0.0, 
            1.0
        ]
    ], 
    "v_start_tool_frame": [
        1.0, 
        -5.226163967675252e-18, 
        0.0
    ], 
    "task": "pull", 
    "unhovering_start": [
        [
            -0.18738131458572463, 
            -0.9822872507286887, 
            0.0, 
            -0.10680734931386303
        ], 
        [
            0.9822872507286887, 
            -0.18738131458572463, 
            0.0, 
            0.5599037329153526
        ], 
        [
            0.0, 
            0.0, 
            1.0, 
            0.0
        ], 
        [
            0.0, 
            0.0, 
            0.0, 
            1.0
        ]
    ], 
    "Teffectivestart_hoveringend": [
        [
            1.0, 
            2.074003326461664e-18, 
            0.0, 
            -0.05000000000000001
        ], 
        [
            2.074003326461664e-18, 
            1.0, 
            0.0, 
            5.534777495646128e-18
        ], 
        [
            0.0, 
            0.0, 
            1.0, 
            0.0
        ], 
        [
            0.0, 
            0.0, 
            0.0, 
            1.0
        ]
    ], 
    "Tworld_toolstart": [
        [
            -0.18738131458572463, 
            -0.9822872507286887, 
            0.0, 
            4.772291556520175e-18
        ], 
        [
            0.9822872507286887, 
            -0.18738131458572463, 
            0.0, 
            9.103633023677472e-19
        ], 
        [
            0.0, 
            0.0, 
            1.0, 
            0.0
        ], 
        [
            0.0, 
            0.0, 
            0.0, 
            1.0
        ]
    ], 
    "unhovering_end": [
        [
            -0.18738131458572463, 
            -0.9822872507286887, 
            0.0, 
            -0.10680734931386303
        ], 
        [
            0.9822872507286887, 
            -0.18738131458572463, 
            0.0, 
            0.5599037329153526
        ], 
        [
            0.0, 
            0.0, 
            1.0, 
            0.1
        ], 
        [
            0.0, 
            0.0, 
            0.0, 
            1.0
        ]
    ], 
    "trajectory_screw_axes": [
        [
            -0.0, 
            -0.0, 
            -0.0, 
            -1.0, 
            5.226163967675252e-18, 
            -0.0
        ]
    ]
}