{
    "Tworld_goalstart": [
        [
            1.0, 
            -1.3044087777174515e-17, 
            0.0, 
            0.0
        ], 
        [
            -1.3044087777174515e-17, 
            1.0, 
            0.0, 
            0.0
        ], 
        [
            0.0, 
            0.0, 
            1.0, 
            0.0
        ], 
        [
            0.0, 
            0.0, 
            0.0, 
            1.0
        ]
    ], 
    "Teffectivestart_hoveringstart": [
        [
            0.9999999993406554, 
            -2.297989466298044e-09, 
            8.269139801709289e-09, 
            0.051009193499999994
        ], 
        [
            -2.297989466298044e-09, 
            0.9999999954938695, 
            2.066313198012324e-09, 
            -0.002244252000000005
        ], 
        [
            8.269139801709289e-09, 
            2.066313198012324e-09, 
            1.0000000002270595, 
            -0.099463689
        ], 
        [
            0.0, 
            0.0, 
            0.0, 
            1.0
        ]
    ], 
    "hovering_end": [
        [
            -0.872737299460671, 
            0.48785564944393145, 
            -0.018068537359920207, 
            -0.22323330459187474
        ], 
        [
            0.4880850052625162, 
            0.8727195807874328, 
            -0.011556611368872937, 
            0.13090865184014475
        ], 
        [
            0.0101308, 
            -0.01890486999999988, 
            -0.99976996, 
            0.0536968773213752
        ], 
        [
            0.0, 
            0.0, 
            0.0, 
            1.0
        ]
    ], 
    "sample file path": "learned_samples/ur/simulator/pointcloud/push/plunger/meiying_tool_target/sample/sample_3.txt", 
    "v_start_goal_frame": [
        0.8763066856140539, 
        -0.4817536634947922, 
        3.557193312131446e-08
    ], 
    "Teffectiveend_unhoveringend": [
        [
            0.9999999993406554, 
            -2.297989466298044e-09, 
            8.269139801709289e-09, 
            0.0010130799999999995
        ], 
        [
            -2.297989466298044e-09, 
            0.9999999954938695, 
            2.066313198012324e-09, 
            -0.0018904869999999906
        ], 
        [
            8.269139801709289e-09, 
            2.066313198012324e-09, 
            1.0000000002270595, 
            -0.09997699600000001
        ], 
        [
            0.0, 
            0.0, 
            0.0, 
            1.0
        ]
    ], 
    "task_type": "pose_change", 
    "goal": "meiying_tool_target", 
    "trajectory": [
        [
            [
                0.9999999993406554, 
                -2.297989466298044e-09, 
                8.269139801709289e-09, 
                0.0
            ], 
            [
                -2.297989466298044e-09, 
                0.9999999954938695, 
                2.066313198012324e-09, 
                -6.938893903907228e-18
            ], 
            [
                8.269139801709289e-09, 
                2.066313198012324e-09, 
                1.0000000002270595, 
                6.938893903907228e-18
            ], 
            [
                0.0, 
                0.0, 
                0.0, 
                1.0
            ]
        ], 
        [
            [
                0.9999999993406554, 
                -2.297989466298044e-09, 
                8.269139801709289e-09, 
                -0.08999300372394178
            ], 
            [
                -2.297989466298044e-09, 
                0.9999999954938695, 
                2.066313198012324e-09, 
                0.000636777608760004
            ], 
            [
                8.269139801709289e-09, 
                2.066313198012324e-09, 
                1.0000000002270595, 
                -0.0009239543283892232
            ], 
            [
                0.0, 
                0.0, 
                0.0, 
                1.0
            ]
        ]
    ], 
    "tool_contact_area_index": [
        661, 
        878, 
        1130, 
        1132, 
        1133, 
        1382, 
        1383, 
        1384, 
        1385, 
        1386, 
        1389, 
        1390, 
        1391, 
        1392, 
        1393, 
        1394, 
        1395, 
        1396, 
        1397, 
        1398, 
        1399, 
        1638, 
        1639, 
        1640, 
        1641, 
        1642, 
        1643, 
        1644, 
        1645, 
        1646, 
        1647, 
        1648, 
        1649, 
        1650, 
        1651, 
        1652, 
        1653, 
        1654, 
        1655, 
        1656, 
        1657, 
        1658, 
        1659, 
        1660, 
        1661, 
        1662, 
        1663, 
        1664, 
        1665, 
        1666, 
        1942, 
        1943, 
        1944, 
        1945, 
        1946, 
        1947, 
        1948, 
        1949, 
        1950, 
        1951, 
        1952, 
        1953, 
        1954, 
        1955, 
        1956, 
        1957, 
        1958, 
        1959, 
        1960, 
        1961, 
        1962, 
        1963, 
        1964, 
        1965, 
        1966, 
        1967, 
        1968, 
        1969, 
        1970, 
        1971, 
        1972, 
        1973, 
        2307, 
        2308, 
        2309, 
        2310, 
        2311, 
        2312, 
        2313, 
        2314, 
        2315, 
        2316, 
        2317, 
        2318, 
        2319, 
        2320, 
        2321, 
        2322, 
        2323, 
        2324, 
        2325, 
        2671, 
        2673, 
        2674, 
        2675, 
        2676, 
        2677, 
        2678, 
        2679, 
        2680, 
        2681, 
        2682, 
        2686, 
        2687, 
        2693, 
        2694, 
        2695, 
        3041, 
        3042, 
        3044
    ], 
    "v_start_world_frame": [
        0.8763066856140539, 
        -0.4817536634947922, 
        3.557193312131446e-08
    ], 
    "Ttool_goal": [
        [
            -0.872737299460671, 
            0.4880850052625162, 
            0.0101308, 
            -0.2092664602462675
        ], 
        [
            0.48785564944393145, 
            0.8727195807874328, 
            -0.01890486999999988, 
            -0.004679547481028584
        ], 
        [
            -0.018068537359920207, 
            -0.011556611368872937, 
            -0.99976996, 
            0.0516771930018591
        ], 
        [
            0.0, 
            0.0, 
            0.0, 
            1.0
        ]
    ], 
    "tool_trajectory_world_frame": [
        [
            [
                -0.872737299460671, 
                0.48785564944393145, 
                -0.018068537359920207, 
                -0.22323330459187474
            ], 
            [
                0.4880850052625162, 
                0.8727195807874328, 
                -0.011556611368872937, 
                0.13090865184014475
            ], 
            [
                0.0101308, 
                -0.01890486999999988, 
                -0.99976996, 
                0.1536968773213752
            ], 
            [
                0.0, 
                0.0, 
                0.0, 
                1.0
            ]
        ], 
        [
            [
                -0.872737299460671, 
                0.48785564944393145, 
                -0.018068537359920207, 
                -0.22323330459187474
            ], 
            [
                0.4880850052625162, 
                0.8727195807874328, 
                -0.011556611368872937, 
                0.13090865184014475
            ], 
            [
                0.0101308, 
                -0.01890486999999988, 
                -0.99976996, 
                0.0536968773213752
            ], 
            [
                0.0, 
                0.0, 
                0.0, 
                1.0
            ]
        ], 
        [
            [
                -0.872737299460671, 
                0.48785564944393145, 
                -0.018068537359920207, 
                -0.10055036938573383
            ], 
            [
                0.4880850052625162, 
                0.8727195807874328, 
                -0.011556611368872937, 
                0.06346313746590462
            ], 
            [
                0.0101308, 
                -0.01890486999999988, 
                -0.99976996, 
                0.0536968773213752
            ], 
            [
                0.0, 
                0.0, 
                0.0, 
                1.0
            ]
        ], 
        [
            [
                -0.872737299460671, 
                0.48785564944393145, 
                -0.018068537359920207, 
                -0.10055036938573383
            ], 
            [
                0.4880850052625162, 
                0.8727195807874328, 
                -0.011556611368872937, 
                0.06346313746590462
            ], 
            [
                0.0101308, 
                -0.01890486999999988, 
                -0.99976996, 
                0.1536968773213752
            ], 
            [
                0.0, 
                0.0, 
                0.0, 
                1.0
            ]
        ]
    ], 
    "goal_contact_area_index": [
        1393, 
        1411, 
        1416, 
        1551, 
        1554, 
        1556, 
        1562, 
        1565, 
        1567, 
        1568, 
        1569, 
        1570, 
        1572, 
        1573, 
        1574, 
        1576, 
        1577, 
        1579, 
        1580, 
        1582, 
        1583, 
        1584, 
        1585, 
        1586, 
        1587, 
        1588, 
        1589, 
        1590, 
        1591, 
        1592, 
        1593, 
        1594, 
        1595, 
        1597, 
        1598, 
        1884, 
        1885, 
        1886, 
        1887, 
        1888, 
        1889, 
        1891, 
        1892, 
        1894, 
        1896, 
        1897, 
        1898, 
        1899, 
        1900, 
        1901, 
        1902, 
        1903, 
        1904, 
        1905, 
        1907, 
        1908, 
        1909, 
        1915, 
        1917, 
        1920, 
        1922, 
        1923, 
        1924, 
        1925, 
        1927, 
        1929, 
        1930, 
        1931, 
        1932, 
        1934, 
        1935, 
        1938, 
        2201, 
        2203, 
        2204, 
        2205, 
        2206, 
        2209, 
        2210, 
        2214, 
        2215, 
        2216, 
        2217, 
        2219, 
        2222, 
        2231, 
        2232, 
        2234, 
        2235
    ], 
    "changing_point": [
        1, 
        -2
    ], 
    "tool_trajectory_goal_frame": [
        [
            [
                -0.872737299460671, 
                0.48785564944393145, 
                -0.018068537359920207, 
                -0.22323330459187474
            ], 
            [
                0.4880850052625162, 
                0.8727195807874328, 
                -0.011556611368872937, 
                0.13090865184014475
            ], 
            [
                0.0101308, 
                -0.01890486999999988, 
                -0.99976996, 
                0.1536968773213752
            ], 
            [
                0.0, 
                0.0, 
                0.0, 
                1.0
            ]
        ], 
        [
            [
                -0.872737299460671, 
                0.48785564944393145, 
                -0.018068537359920207, 
                -0.22323330459187474
            ], 
            [
                0.4880850052625162, 
                0.8727195807874328, 
                -0.011556611368872937, 
                0.13090865184014475
            ], 
            [
                0.0101308, 
                -0.01890486999999988, 
                -0.99976996, 
                0.0536968773213752
            ], 
            [
                0.0, 
                0.0, 
                0.0, 
                1.0
            ]
        ], 
        [
            [
                -0.872737299460671, 
                0.48785564944393145, 
                -0.018068537359920207, 
                -0.10055036938573383
            ], 
            [
                0.4880850052625162, 
                0.8727195807874328, 
                -0.011556611368872937, 
                0.06346313746590462
            ], 
            [
                0.0101308, 
                -0.01890486999999988, 
                -0.99976996, 
                0.0536968773213752
            ], 
            [
                0.0, 
                0.0, 
                0.0, 
                1.0
            ]
        ], 
        [
            [
                -0.872737299460671, 
                0.48785564944393145, 
                -0.018068537359920207, 
                -0.10055036938573383
            ], 
            [
                0.4880850052625162, 
                0.8727195807874328, 
                -0.011556611368872937, 
                0.06346313746590462
            ], 
            [
                0.0101308, 
                -0.01890486999999988, 
                -0.99976996, 
                0.1536968773213752
            ], 
            [
                0.0, 
                0.0, 
                0.0, 
                1.0
            ]
        ]
    ], 
    "Teffectivestart_unhoveringstart": [
        [
            0.9999999993406554, 
            -2.297989466298044e-09, 
            8.269139801709289e-09, 
            -0.08999300429999998
        ], 
        [
            -2.297989466298044e-09, 
            0.9999999954938695, 
            2.066313198012324e-09, 
            0.0006367769999999964
        ], 
        [
            8.269139801709289e-09, 
            2.066313198012324e-09, 
            1.0000000002270595, 
            -0.0009239525999999998
        ], 
        [
            0.0, 
            0.0, 
            0.0, 
            1.0
        ]
    ], 
    "raw sample file path": "learned_samples/ur/simulator/pointcloud/push/plunger/meiying_tool_target/raw/raw_sample_3.txt", 
    "trajectory_thetas": [
        0.0899999993842809
    ], 
    "tool": "plunger", 
    "Tworld_goalend": [
        [
            1.0, 
            -1.3044087777174515e-17, 
            0.0, 
            0.07886760120394772
        ], 
        [
            -1.3044087777174515e-17, 
            1.0, 
            0.0, 
            -0.04335783066915438
        ], 
        [
            0.0, 
            0.0, 
            1.0, 
            0.0
        ], 
        [
            0.0, 
            0.0, 
            0.0, 
            1.0
        ]
    ], 
    "Tworld_toolend": [
        [
            -0.872737299460671, 
            0.48785564944393145, 
            -0.018068537359920207, 
            -0.10055036938573383
        ], 
        [
            0.4880850052625162, 
            0.8727195807874328, 
            -0.011556611368872937, 
            0.06346313746590462
        ], 
        [
            0.0101308, 
            -0.01890486999999988, 
            -0.99976996, 
            0.0536968773213752
        ], 
        [
            0.0, 
            0.0, 
            0.0, 
            1.0
        ]
    ], 
    "hovering_start": [
        [
            -0.872737299460671, 
            0.48785564944393145, 
            -0.018068537359920207, 
            -0.22323330459187474
        ], 
        [
            0.4880850052625162, 
            0.8727195807874328, 
            -0.011556611368872937, 
            0.13090865184014475
        ], 
        [
            0.0101308, 
            -0.01890486999999988, 
            -0.99976996, 
            0.1536968773213752
        ], 
        [
            0.0, 
            0.0, 
            0.0, 
            1.0
        ]
    ], 
    "v_start_tool_frame": [
        -0.9999222698820026, 
        0.0070753090571200735, 
        -0.010266167530767168
    ], 
    "task": "push", 
    "unhovering_start": [
        [
            -0.872737299460671, 
            0.48785564944393145, 
            -0.018068537359920207, 
            -0.10055036938573383
        ], 
        [
            0.4880850052625162, 
            0.8727195807874328, 
            -0.011556611368872937, 
            0.06346313746590462
        ], 
        [
            0.0101308, 
            -0.01890486999999988, 
            -0.99976996, 
            0.0536968773213752
        ], 
        [
            0.0, 
            0.0, 
            0.0, 
            1.0
        ]
    ], 
    "Teffectivestart_hoveringend": [
        [
            0.9999999993406554, 
            -2.297989466298044e-09, 
            8.269139801709289e-09, 
            0.049996113499999995
        ], 
        [
            -2.297989466298044e-09, 
            0.9999999954938695, 
            2.066313198012324e-09, 
            -0.00035376500000001716
        ], 
        [
            8.269139801709289e-09, 
            2.066313198012324e-09, 
            1.0000000002270595, 
            0.0005133069999999976
        ], 
        [
            0.0, 
            0.0, 
            0.0, 
            1.0
        ]
    ], 
    "Tworld_toolstart": [
        [
            -0.872737299460671, 
            0.48785564944393145, 
            -0.018068537359920207, 
            -0.17941797041515054
        ], 
        [
            0.4880850052625162, 
            0.8727195807874328, 
            -0.011556611368872937, 
            0.1068209673026425
        ], 
        [
            0.0101308, 
            -0.01890486999999988, 
            -0.99976996, 
            0.053696875599056164
        ], 
        [
            0.0, 
            0.0, 
            0.0, 
            1.0
        ]
    ], 
    "unhovering_end": [
        [
            -0.872737299460671, 
            0.48785564944393145, 
            -0.018068537359920207, 
            -0.10055036938573383
        ], 
        [
            0.4880850052625162, 
            0.8727195807874328, 
            -0.011556611368872937, 
            0.06346313746590462
        ], 
        [
            0.0101308, 
            -0.01890486999999988, 
            -0.99976996, 
            0.1536968773213752
        ], 
        [
            0.0, 
            0.0, 
            0.0, 
            1.0
        ]
    ], 
    "trajectory_screw_axes": [
        [
            -0.0, 
            -0.0, 
            -0.0, 
            0.9999222698820026, 
            -0.0070753090571200735, 
            0.010266167530767168
        ]
    ]
}