{
    "Tworld_goalstart": [
        [
            1.0, 
            3.525493841940718e-18, 
            0.0, 
            0.0
        ], 
        [
            3.525493841940718e-18, 
            1.0, 
            0.0, 
            0.0
        ], 
        [
            0.0, 
            0.0, 
            1.0, 
            0.0
        ], 
        [
            0.0, 
            0.0, 
            0.0, 
            1.0
        ]
    ], 
    "Teffectivestart_hoveringstart": [
        [
            0.9999999993406555, 
            -2.2979895194781605e-09, 
            8.269139801709289e-09, 
            0.05100919350000005
        ], 
        [
            -2.2979895194781605e-09, 
            0.9999999954938696, 
            2.066313198012324e-09, 
            -0.002244251999999955
        ], 
        [
            8.269139801709289e-09, 
            2.066313198012324e-09, 
            1.0000000002270595, 
            -0.099463689
        ], 
        [
            0.0, 
            0.0, 
            0.0, 
            1.0
        ]
    ], 
    "hovering_end": [
        [
            -0.8797398299905774, 
            -0.4754553841373012, 
            7.596323938914785e-05, 
            -0.23014421657048956
        ], 
        [
            -0.47534744951473706, 
            0.8795366843281774, 
            -0.021448112696558105, 
            -0.11833774961849056
        ], 
        [
            0.0101308, 
            -0.01890486999999988, 
            -0.99976996, 
            0.0536968773213752
        ], 
        [
            0.0, 
            0.0, 
            0.0, 
            1.0
        ]
    ], 
    "sample file path": "learned_samples/ur/simulator/pointcloud/push/plunger/meiying_tool_target/sample/sample_24.txt", 
    "v_start_goal_frame": [
        0.8763066770955361, 
        0.4817536789899197, 
        1.8827164572146615e-08
    ], 
    "Teffectiveend_unhoveringend": [
        [
            0.9999999993406555, 
            -2.2979895194781605e-09, 
            8.269139801709289e-09, 
            0.0010130799999999995
        ], 
        [
            -2.2979895194781605e-09, 
            0.9999999954938696, 
            2.066313198012324e-09, 
            -0.0018904869999999858
        ], 
        [
            8.269139801709289e-09, 
            2.066313198012324e-09, 
            1.0000000002270595, 
            -0.09997699600000001
        ], 
        [
            0.0, 
            0.0, 
            0.0, 
            1.0
        ]
    ], 
    "task_type": "pose_change", 
    "goal": "meiying_tool_target", 
    "trajectory": [
        [
            [
                0.9999999993406555, 
                -2.2979895194781605e-09, 
                8.269139801709289e-09, 
                0.0
            ], 
            [
                -2.2979895194781605e-09, 
                0.9999999954938696, 
                2.066313198012324e-09, 
                6.071532165918825e-18
            ], 
            [
                8.269139801709289e-09, 
                2.066313198012324e-09, 
                1.0000000002270595, 
                6.938893903907228e-18
            ], 
            [
                0.0, 
                0.0, 
                0.0, 
                1.0
            ]
        ], 
        [
            [
                0.9999999993406555, 
                -2.2979895194781605e-09, 
                8.269139801709289e-09, 
                -0.7199440338239419
            ], 
            [
                -2.2979895194781605e-09, 
                0.9999999954938696, 
                2.066313198012324e-09, 
                0.0050942166087601
            ], 
            [
                8.269139801709289e-09, 
                2.066313198012324e-09, 
                1.0000000002270595, 
                -0.007391622528389222
            ], 
            [
                0.0, 
                0.0, 
                0.0, 
                1.0
            ]
        ]
    ], 
    "tool_contact_area_index": [
        1650, 
        1652, 
        1659, 
        1663, 
        1665, 
        1666, 
        1960, 
        1961, 
        1962, 
        1963, 
        1964, 
        1965, 
        1966, 
        1967, 
        1968, 
        1969, 
        1970, 
        1971, 
        1972, 
        1973, 
        1974, 
        1975, 
        1976, 
        2310, 
        2316, 
        2317, 
        2319, 
        2320, 
        2321, 
        2322, 
        2323, 
        2324, 
        2325, 
        2326, 
        2327, 
        2328, 
        2329, 
        2674, 
        2675, 
        2676, 
        2677, 
        2693, 
        2694, 
        2695, 
        2696, 
        3041, 
        3042
    ], 
    "v_start_world_frame": [
        0.8763066770955361, 
        0.4817536789899197, 
        1.8827164572146615e-08
    ], 
    "Ttool_goal": [
        [
            -0.8797398299905774, 
            -0.47534744951473706, 
            0.0101308, 
            -0.2092664602462675
        ], 
        [
            -0.4754553841373012, 
            0.8795366843281774, 
            -0.01890486999999988, 
            -0.004679547481028556
        ], 
        [
            7.596323938914785e-05, 
            -0.021448112696558105, 
            -0.99976996, 
            0.051677193001859106
        ], 
        [
            0.0, 
            0.0, 
            0.0, 
            1.0
        ]
    ], 
    "tool_trajectory_world_frame": [
        [
            [
                -0.8797398299905774, 
                -0.4754553841373012, 
                7.596323938914793e-05, 
                -0.23014421657048956
            ], 
            [
                -0.47534744951473706, 
                0.8795366843281774, 
                -0.021448112696558105, 
                -0.11833774961849056
            ], 
            [
                0.0101308, 
                -0.01890486999999988, 
                -0.99976996, 
                0.1536968773213752
            ], 
            [
                0.0, 
                0.0, 
                0.0, 
                1.0
            ]
        ], 
        [
            [
                -0.8797398299905774, 
                -0.4754553841373012, 
                7.596323938914793e-05, 
                -0.23014421657048956
            ], 
            [
                -0.47534744951473706, 
                0.8795366843281774, 
                -0.021448112696558105, 
                -0.11833774961849056
            ], 
            [
                0.0101308, 
                -0.01890486999999988, 
                -0.99976996, 
                0.0536968773213752
            ], 
            [
                0.0, 
                0.0, 
                0.0, 
                1.0
            ]
        ], 
        [
            [
                -0.8797398299905774, 
                -0.4754553841373012, 
                7.596323938914793e-05, 
                0.4446119270632861
            ], 
            [
                -0.47534744951473706, 
                0.8795366843281774, 
                -0.021448112696558105, 
                0.25261257943982907
            ], 
            [
                0.0101308, 
                -0.01890486999999988, 
                -0.99976996, 
                0.0536968773213752
            ], 
            [
                0.0, 
                0.0, 
                0.0, 
                1.0
            ]
        ], 
        [
            [
                -0.8797398299905774, 
                -0.4754553841373012, 
                7.596323938914793e-05, 
                0.4446119270632861
            ], 
            [
                -0.47534744951473706, 
                0.8795366843281774, 
                -0.021448112696558105, 
                0.25261257943982907
            ], 
            [
                0.0101308, 
                -0.01890486999999988, 
                -0.99976996, 
                0.1536968773213752
            ], 
            [
                0.0, 
                0.0, 
                0.0, 
                1.0
            ]
        ]
    ], 
    "goal_contact_area_index": [
        5643, 
        5644, 
        5645, 
        5646, 
        5647, 
        5649, 
        5650, 
        5651, 
        5652, 
        5653, 
        5862, 
        5865, 
        5867, 
        5869, 
        5870, 
        5876, 
        5878, 
        5880, 
        5903
    ], 
    "changing_point": [
        1, 
        -2
    ], 
    "tool_trajectory_goal_frame": [
        [
            [
                -0.8797398299905774, 
                -0.4754553841373012, 
                7.596323938914785e-05, 
                -0.23014421657048956
            ], 
            [
                -0.47534744951473706, 
                0.8795366843281774, 
                -0.021448112696558105, 
                -0.11833774961849056
            ], 
            [
                0.0101308, 
                -0.01890486999999988, 
                -0.99976996, 
                0.1536968773213752
            ], 
            [
                0.0, 
                0.0, 
                0.0, 
                1.0
            ]
        ], 
        [
            [
                -0.8797398299905774, 
                -0.4754553841373012, 
                7.596323938914785e-05, 
                -0.23014421657048956
            ], 
            [
                -0.47534744951473706, 
                0.8795366843281774, 
                -0.021448112696558105, 
                -0.11833774961849056
            ], 
            [
                0.0101308, 
                -0.01890486999999988, 
                -0.99976996, 
                0.0536968773213752
            ], 
            [
                0.0, 
                0.0, 
                0.0, 
                1.0
            ]
        ], 
        [
            [
                -0.8797398299905774, 
                -0.4754553841373012, 
                7.596323938914785e-05, 
                0.4446119270632861
            ], 
            [
                -0.47534744951473706, 
                0.8795366843281774, 
                -0.021448112696558105, 
                0.25261257943982907
            ], 
            [
                0.0101308, 
                -0.01890486999999988, 
                -0.99976996, 
                0.0536968773213752
            ], 
            [
                0.0, 
                0.0, 
                0.0, 
                1.0
            ]
        ], 
        [
            [
                -0.8797398299905774, 
                -0.4754553841373012, 
                7.596323938914785e-05, 
                0.4446119270632861
            ], 
            [
                -0.47534744951473706, 
                0.8795366843281774, 
                -0.021448112696558105, 
                0.25261257943982907
            ], 
            [
                0.0101308, 
                -0.01890486999999988, 
                -0.99976996, 
                0.1536968773213752
            ], 
            [
                0.0, 
                0.0, 
                0.0, 
                1.0
            ]
        ]
    ], 
    "Teffectivestart_unhoveringstart": [
        [
            0.9999999993406555, 
            -2.2979895194781605e-09, 
            8.269139801709289e-09, 
            -0.7199440344000001
        ], 
        [
            -2.2979895194781605e-09, 
            0.9999999954938696, 
            2.066313198012324e-09, 
            0.0050942160000000515
        ], 
        [
            8.269139801709289e-09, 
            2.066313198012324e-09, 
            1.0000000002270595, 
            -0.007391620799999998
        ], 
        [
            0.0, 
            0.0, 
            0.0, 
            1.0
        ]
    ], 
    "raw sample file path": "learned_samples/ur/simulator/pointcloud/push/plunger/meiying_tool_target/raw/raw_sample_24.txt", 
    "trajectory_thetas": [
        0.7199999989519839
    ], 
    "tool": "plunger", 
    "Tworld_goalend": [
        [
            1.0, 
            3.525493841940718e-18, 
            0.0, 
            0.6309408096315824
        ], 
        [
            3.525493841940718e-18, 
            1.0, 
            0.0, 
            0.3468626453532339
        ], 
        [
            0.0, 
            0.0, 
            1.0, 
            0.0
        ], 
        [
            0.0, 
            0.0, 
            0.0, 
            1.0
        ]
    ], 
    "Tworld_toolend": [
        [
            -0.8797398299905774, 
            -0.4754553841373012, 
            7.596323938914793e-05, 
            0.4446119270632861
        ], 
        [
            -0.47534744951473706, 
            0.8795366843281774, 
            -0.021448112696558105, 
            0.25261257943982907
        ], 
        [
            0.0101308, 
            -0.01890486999999988, 
            -0.99976996, 
            0.0536968773213752
        ], 
        [
            0.0, 
            0.0, 
            0.0, 
            1.0
        ]
    ], 
    "hovering_start": [
        [
            -0.8797398299905774, 
            -0.4754553841373012, 
            7.596323938914785e-05, 
            -0.23014421657048956
        ], 
        [
            -0.47534744951473706, 
            0.8795366843281774, 
            -0.021448112696558105, 
            -0.11833774961849056
        ], 
        [
            0.0101308, 
            -0.01890486999999988, 
            -0.99976996, 
            0.1536968773213752
        ], 
        [
            0.0, 
            0.0, 
            0.0, 
            1.0
        ]
    ], 
    "v_start_tool_frame": [
        -0.9999222700972422, 
        0.007075303100514388, 
        -0.010266150671692053
    ], 
    "task": "push", 
    "unhovering_start": [
        [
            -0.8797398299905774, 
            -0.4754553841373012, 
            7.596323938914785e-05, 
            0.4446119270632861
        ], 
        [
            -0.47534744951473706, 
            0.8795366843281774, 
            -0.021448112696558105, 
            0.25261257943982907
        ], 
        [
            0.0101308, 
            -0.01890486999999988, 
            -0.99976996, 
            0.0536968773213752
        ], 
        [
            0.0, 
            0.0, 
            0.0, 
            1.0
        ]
    ], 
    "Teffectivestart_hoveringend": [
        [
            0.9999999993406555, 
            -2.2979895194781605e-09, 
            8.269139801709289e-09, 
            0.04999611350000005
        ], 
        [
            -2.2979895194781605e-09, 
            0.9999999954938696, 
            2.066313198012324e-09, 
            -0.00035376499999996685
        ], 
        [
            8.269139801709289e-09, 
            2.066313198012324e-09, 
            1.0000000002270595, 
            0.0005133070000000045
        ], 
        [
            0.0, 
            0.0, 
            0.0, 
            1.0
        ]
    ], 
    "Tworld_toolstart": [
        [
            -0.8797398299905774, 
            -0.4754553841373012, 
            7.596323938914776e-05, 
            -0.18632888177194543
        ], 
        [
            -0.47534744951473706, 
            0.8795366843281774, 
            -0.021448112696558105, 
            -0.09425006621207457
        ], 
        [
            0.0101308, 
            -0.01890486999999988, 
            -0.99976996, 
            0.05369687559905617
        ], 
        [
            0.0, 
            0.0, 
            0.0, 
            1.0
        ]
    ], 
    "unhovering_end": [
        [
            -0.8797398299905774, 
            -0.4754553841373012, 
            7.596323938914785e-05, 
            0.4446119270632861
        ], 
        [
            -0.47534744951473706, 
            0.8795366843281774, 
            -0.021448112696558105, 
            0.25261257943982907
        ], 
        [
            0.0101308, 
            -0.01890486999999988, 
            -0.99976996, 
            0.1536968773213752
        ], 
        [
            0.0, 
            0.0, 
            0.0, 
            1.0
        ]
    ], 
    "trajectory_screw_axes": [
        [
            -0.0, 
            -0.0, 
            -0.0, 
            0.9999222700972422, 
            -0.007075303100514388, 
            0.010266150671692053
        ]
    ]
}