{
    "Tworld_goalstart": [
        [
            1.0, 
            4.72344151588652e-18, 
            0.0, 
            0.0
        ], 
        [
            4.72344151588652e-18, 
            1.0, 
            0.0, 
            0.0
        ], 
        [
            0.0, 
            0.0, 
            1.0, 
            0.0
        ], 
        [
            0.0, 
            0.0, 
            0.0, 
            1.0
        ]
    ], 
    "Teffectivestart_hoveringstart": [
        [
            0.9999999993406554, 
            -2.2979894835097534e-09, 
            8.269139799974565e-09, 
            0.05100919349999991
        ], 
        [
            -2.2979894835097534e-09, 
            0.9999999954938694, 
            2.066313201481771e-09, 
            -0.0022442519999999844
        ], 
        [
            8.269139799974565e-09, 
            2.066313201481771e-09, 
            1.0000000002270595, 
            -0.099463689
        ], 
        [
            0.0, 
            0.0, 
            0.0, 
            1.0
        ]
    ], 
    "hovering_end": [
        [
            -0.055532230066695935, 
            0.99826764224518, 
            -0.019439176166437797, 
            -0.009084555693579436
        ], 
        [
            0.99840549760898, 
            0.055716387449310886, 
            0.009063428635356058, 
            0.2586264763195431
        ], 
        [
            0.0101308, 
            -0.01890486999999988, 
            -0.99976996, 
            0.0536968773213752
        ], 
        [
            0.0, 
            0.0, 
            0.0, 
            1.0
        ]
    ], 
    "sample file path": "learned_samples/ur/simulator/pointcloud/push/plunger/meiying_tool_target/sample/sample_7.txt", 
    "v_start_goal_frame": [
        0.0627905273801833, 
        -0.9980267277051557, 
        2.463657404472297e-08
    ], 
    "Teffectiveend_unhoveringend": [
        [
            0.9999999993406554, 
            -2.2979894835097534e-09, 
            8.269139799974565e-09, 
            0.0010130800000000002
        ], 
        [
            -2.2979894835097534e-09, 
            0.9999999954938694, 
            2.066313201481771e-09, 
            -0.0018904869999999884
        ], 
        [
            8.269139799974565e-09, 
            2.066313201481771e-09, 
            1.0000000002270595, 
            -0.09997699600000001
        ], 
        [
            0.0, 
            0.0, 
            0.0, 
            1.0
        ]
    ], 
    "task_type": "pose_change", 
    "goal": "meiying_tool_target", 
    "trajectory": [
        [
            [
                0.9999999993406554, 
                -2.2979894835097534e-09, 
                8.269139799974565e-09, 
                0.0
            ], 
            [
                -2.2979894835097534e-09, 
                0.9999999954938694, 
                2.066313201481771e-09, 
                -8.673617379884035e-19
            ], 
            [
                8.269139799974565e-09, 
                2.066313201481771e-09, 
                1.0000000002270595, 
                6.938893903907228e-18
            ], 
            [
                0.0, 
                0.0, 
                0.0, 
                1.0
            ]
        ], 
        [
            [
                0.9999999993406554, 
                -2.2979894835097534e-09, 
                8.269139799974565e-09, 
                -0.20998367612394184
            ], 
            [
                -2.2979894835097534e-09, 
                0.9999999954938694, 
                2.066313201481771e-09, 
                0.0014858136087600431
            ], 
            [
                8.269139799974565e-09, 
                2.066313201481771e-09, 
                1.0000000002270595, 
                -0.002155891128389223
            ], 
            [
                0.0, 
                0.0, 
                0.0, 
                1.0
            ]
        ]
    ], 
    "tool_contact_area_index": [
        1127, 
        1132, 
        1133, 
        1373, 
        1377, 
        1378, 
        1384, 
        1385, 
        1386, 
        1395, 
        1396, 
        1398, 
        1399, 
        1638, 
        1639, 
        1640, 
        1641, 
        1642, 
        1643, 
        1644, 
        1645, 
        1646, 
        1647, 
        1648, 
        1650, 
        1651, 
        1652, 
        1653, 
        1654, 
        1655, 
        1656, 
        1657, 
        1659, 
        1660, 
        1661, 
        1662, 
        1663, 
        1664, 
        1665, 
        1666, 
        1942, 
        1943, 
        1944, 
        1945, 
        1946, 
        1947, 
        1948, 
        1949, 
        1950, 
        1951, 
        1952, 
        1953, 
        1954, 
        1955, 
        1956, 
        1957, 
        1958, 
        1959, 
        1960, 
        1961, 
        1962, 
        1963, 
        1964, 
        1965, 
        1966, 
        1967, 
        1968, 
        1969, 
        1970, 
        1971, 
        1972, 
        1973, 
        1974, 
        1975, 
        1976, 
        2307, 
        2308, 
        2309, 
        2310, 
        2315, 
        2316, 
        2317, 
        2318, 
        2319, 
        2320, 
        2321, 
        2322, 
        2323, 
        2324, 
        2325, 
        2326, 
        2327, 
        2328, 
        2329, 
        2330, 
        2662, 
        2664, 
        2671, 
        2672, 
        2673, 
        2674, 
        2680, 
        2681, 
        2683, 
        2684, 
        2685, 
        2693, 
        2694, 
        2695, 
        2696, 
        2697
    ], 
    "v_start_world_frame": [
        0.0627905273801833, 
        -0.9980267277051557, 
        2.463657404472297e-08
    ], 
    "Ttool_goal": [
        [
            -0.055532230066695935, 
            0.99840549760898, 
            0.0101308, 
            -0.20926646024626752
        ], 
        [
            0.99826764224518, 
            0.055716387449310886, 
            -0.01890486999999988, 
            -0.004679547481028576
        ], 
        [
            -0.019439176166437797, 
            0.009063428635356058, 
            -0.99976996, 
            0.0516771930018591
        ], 
        [
            0.0, 
            0.0, 
            0.0, 
            1.0
        ]
    ], 
    "tool_trajectory_world_frame": [
        [
            [
                -0.05553223006669594, 
                0.99826764224518, 
                -0.019439176166437797, 
                -0.009084555693579438
            ], 
            [
                0.99840549760898, 
                0.05571638744931088, 
                0.009063428635356058, 
                0.2586264763195431
            ], 
            [
                0.0101308, 
                -0.01890486999999988, 
                -0.99976996, 
                0.1536968773213752
            ], 
            [
                0.0, 
                0.0, 
                0.0, 
                1.0
            ]
        ], 
        [
            [
                -0.05553223006669594, 
                0.99826764224518, 
                -0.019439176166437797, 
                -0.009084555693579438
            ], 
            [
                0.99840549760898, 
                0.05571638744931088, 
                0.009063428635356058, 
                0.2586264763195431
            ], 
            [
                0.0101308, 
                -0.01890486999999988, 
                -0.99976996, 
                0.0536968773213752
            ], 
            [
                0.0, 
                0.0, 
                0.0, 
                1.0
            ]
        ], 
        [
            [
                -0.05553223006669594, 
                0.99826764224518, 
                -0.019439176166437797, 
                0.0072409793840420775
            ], 
            [
                0.99840549760898, 
                0.05571638744931088, 
                0.009063428635356058, 
                -0.0008604730718074537
            ], 
            [
                0.0101308, 
                -0.01890486999999988, 
                -0.99976996, 
                0.0536968773213752
            ], 
            [
                0.0, 
                0.0, 
                0.0, 
                1.0
            ]
        ], 
        [
            [
                -0.05553223006669594, 
                0.99826764224518, 
                -0.019439176166437797, 
                0.0072409793840420775
            ], 
            [
                0.99840549760898, 
                0.05571638744931088, 
                0.009063428635356058, 
                -0.0008604730718074537
            ], 
            [
                0.0101308, 
                -0.01890486999999988, 
                -0.99976996, 
                0.1536968773213752
            ], 
            [
                0.0, 
                0.0, 
                0.0, 
                1.0
            ]
        ]
    ], 
    "goal_contact_area_index": [
        1022, 
        1023, 
        1026, 
        1031, 
        1035, 
        1036, 
        1037, 
        1165, 
        1169, 
        1171, 
        1188, 
        1189, 
        1190, 
        1191, 
        1192, 
        1194, 
        1195, 
        1196, 
        1197, 
        1198, 
        1199, 
        1200, 
        1201, 
        1202, 
        1203, 
        1204, 
        1317, 
        1321, 
        1322, 
        1323, 
        1325, 
        1326, 
        1327, 
        1328, 
        1329, 
        1330, 
        1434, 
        1435, 
        1436, 
        1437, 
        1438, 
        1439, 
        1440, 
        1441, 
        1442, 
        1443, 
        1444, 
        1445, 
        1446, 
        1447, 
        1448, 
        1449, 
        1451, 
        1452, 
        1453, 
        1454, 
        1455, 
        1456, 
        1669, 
        1670, 
        1671, 
        1672, 
        1673, 
        1674, 
        1675, 
        1676, 
        1677, 
        1678, 
        1679, 
        1680, 
        1681, 
        1682, 
        1683, 
        1684, 
        1685, 
        2015, 
        2017, 
        2272, 
        2274, 
        2278
    ], 
    "changing_point": [
        1, 
        -2
    ], 
    "tool_trajectory_goal_frame": [
        [
            [
                -0.055532230066695935, 
                0.99826764224518, 
                -0.019439176166437797, 
                -0.009084555693579436
            ], 
            [
                0.99840549760898, 
                0.055716387449310886, 
                0.009063428635356058, 
                0.2586264763195431
            ], 
            [
                0.0101308, 
                -0.01890486999999988, 
                -0.99976996, 
                0.1536968773213752
            ], 
            [
                0.0, 
                0.0, 
                0.0, 
                1.0
            ]
        ], 
        [
            [
                -0.055532230066695935, 
                0.99826764224518, 
                -0.019439176166437797, 
                -0.009084555693579436
            ], 
            [
                0.99840549760898, 
                0.055716387449310886, 
                0.009063428635356058, 
                0.2586264763195431
            ], 
            [
                0.0101308, 
                -0.01890486999999988, 
                -0.99976996, 
                0.0536968773213752
            ], 
            [
                0.0, 
                0.0, 
                0.0, 
                1.0
            ]
        ], 
        [
            [
                -0.055532230066695935, 
                0.99826764224518, 
                -0.019439176166437797, 
                0.0072409793840420775
            ], 
            [
                0.99840549760898, 
                0.055716387449310886, 
                0.009063428635356058, 
                -0.0008604730718074537
            ], 
            [
                0.0101308, 
                -0.01890486999999988, 
                -0.99976996, 
                0.0536968773213752
            ], 
            [
                0.0, 
                0.0, 
                0.0, 
                1.0
            ]
        ], 
        [
            [
                -0.055532230066695935, 
                0.99826764224518, 
                -0.019439176166437797, 
                0.0072409793840420775
            ], 
            [
                0.99840549760898, 
                0.055716387449310886, 
                0.009063428635356058, 
                -0.0008604730718074537
            ], 
            [
                0.0101308, 
                -0.01890486999999988, 
                -0.99976996, 
                0.1536968773213752
            ], 
            [
                0.0, 
                0.0, 
                0.0, 
                1.0
            ]
        ]
    ], 
    "Teffectivestart_unhoveringstart": [
        [
            0.9999999993406554, 
            -2.2979894835097534e-09, 
            8.269139799974565e-09, 
            -0.2099836767
        ], 
        [
            -2.2979894835097534e-09, 
            0.9999999954938694, 
            2.066313201481771e-09, 
            0.0014858130000000016
        ], 
        [
            8.269139799974565e-09, 
            2.066313201481771e-09, 
            1.0000000002270595, 
            -0.0021558893999999995
        ], 
        [
            0.0, 
            0.0, 
            0.0, 
            1.0
        ]
    ], 
    "raw sample file path": "learned_samples/ur/simulator/pointcloud/push/plunger/meiying_tool_target/raw/raw_sample_7.txt", 
    "trajectory_thetas": [
        0.2099999993019386
    ], 
    "tool": "plunger", 
    "Tworld_goalend": [
        [
            1.0, 
            4.72344151588652e-18, 
            0.0, 
            0.013186009101155841
        ], 
        [
            4.72344151588652e-18, 
            1.0, 
            0.0, 
            -0.20958561296993702
        ], 
        [
            0.0, 
            0.0, 
            1.0, 
            0.0
        ], 
        [
            0.0, 
            0.0, 
            0.0, 
            1.0
        ]
    ], 
    "Tworld_toolend": [
        [
            -0.05553223006669594, 
            0.99826764224518, 
            -0.019439176166437797, 
            0.0072409793840420775
        ], 
        [
            0.99840549760898, 
            0.05571638744931088, 
            0.009063428635356058, 
            -0.0008604730718074537
        ], 
        [
            0.0101308, 
            -0.01890486999999988, 
            -0.99976996, 
            0.0536968773213752
        ], 
        [
            0.0, 
            0.0, 
            0.0, 
            1.0
        ]
    ], 
    "hovering_start": [
        [
            -0.055532230066695935, 
            0.99826764224518, 
            -0.019439176166437797, 
            -0.009084555693579436
        ], 
        [
            0.99840549760898, 
            0.055716387449310886, 
            0.009063428635356058, 
            0.2586264763195431
        ], 
        [
            0.0101308, 
            -0.01890486999999988, 
            -0.99976996, 
            0.1536968773213752
        ], 
        [
            0.0, 
            0.0, 
            0.0, 
            1.0
        ]
    ], 
    "v_start_tool_frame": [
        -0.9999222700225673, 
        0.007075305167091926, 
        -0.010266156520758907
    ], 
    "task": "push", 
    "unhovering_start": [
        [
            -0.055532230066695935, 
            0.99826764224518, 
            -0.019439176166437797, 
            0.0072409793840420775
        ], 
        [
            0.99840549760898, 
            0.055716387449310886, 
            0.009063428635356058, 
            -0.0008604730718074537
        ], 
        [
            0.0101308, 
            -0.01890486999999988, 
            -0.99976996, 
            0.0536968773213752
        ], 
        [
            0.0, 
            0.0, 
            0.0, 
            1.0
        ]
    ], 
    "Teffectivestart_hoveringend": [
        [
            0.9999999993406554, 
            -2.2979894835097534e-09, 
            8.269139799974565e-09, 
            0.04999611349999991
        ], 
        [
            -2.2979894835097534e-09, 
            0.9999999954938694, 
            2.066313201481771e-09, 
            -0.00035376499999999634
        ], 
        [
            8.269139799974565e-09, 
            2.066313201481771e-09, 
            1.0000000002270595, 
            0.0005133069999999976
        ], 
        [
            0.0, 
            0.0, 
            0.0, 
            1.0
        ]
    ], 
    "Tworld_toolstart": [
        [
            -0.05553223006669593, 
            0.99826764224518, 
            -0.019439176166437797, 
            -0.005945030326427892
        ], 
        [
            0.99840549760898, 
            0.05571638744931089, 
            0.009063428635356058, 
            0.20872513930473713
        ], 
        [
            0.0101308, 
            -0.01890486999999988, 
            -0.99976996, 
            0.053696875599056164
        ], 
        [
            0.0, 
            0.0, 
            0.0, 
            1.0
        ]
    ], 
    "unhovering_end": [
        [
            -0.055532230066695935, 
            0.99826764224518, 
            -0.019439176166437797, 
            0.0072409793840420775
        ], 
        [
            0.99840549760898, 
            0.055716387449310886, 
            0.009063428635356058, 
            -0.0008604730718074537
        ], 
        [
            0.0101308, 
            -0.01890486999999988, 
            -0.99976996, 
            0.1536968773213752
        ], 
        [
            0.0, 
            0.0, 
            0.0, 
            1.0
        ]
    ], 
    "trajectory_screw_axes": [
        [
            -0.0, 
            -0.0, 
            -0.0, 
            0.9999222700225673, 
            -0.007075305167091926, 
            0.010266156520758907
        ]
    ]
}