{
    "Tworld_goalstart": [
        [
            1.0, 
            1.2735666221977974e-17, 
            0.0, 
            0.0
        ], 
        [
            1.2735666221977974e-17, 
            1.0, 
            0.0, 
            0.0
        ], 
        [
            0.0, 
            0.0, 
            1.0, 
            0.0
        ], 
        [
            0.0, 
            0.0, 
            0.0, 
            1.0
        ]
    ], 
    "Teffectivestart_hoveringstart": [
        [
            0.9999999993406554, 
            -2.297989519640791e-09, 
            8.269139801709289e-09, 
            0.05100919349999991
        ], 
        [
            -2.297989519640791e-09, 
            0.9999999954938695, 
            2.066313198012324e-09, 
            -0.0022442519999999765
        ], 
        [
            8.269139801709289e-09, 
            2.066313198012324e-09, 
            1.0000000002270595, 
            -0.099463689
        ], 
        [
            0.0, 
            0.0, 
            0.0, 
            1.0
        ]
    ], 
    "hovering_end": [
        [
            0.43232225255129886, 
            0.9016301777324695, 
            -0.01266833988415743, 
            0.11663339834740594
        ], 
        [
            0.9016622628129595, 
            -0.4320944618787288, 
            0.017307237596955256, 
            0.2310126269179853
        ], 
        [
            0.0101308, 
            -0.01890486999999988, 
            -0.99976996, 
            0.0536968773213752
        ], 
        [
            0.0, 
            0.0, 
            0.0, 
            1.0
        ]
    ], 
    "sample file path": "learned_samples/ur/simulator/pointcloud/push/plunger/meiying_tool_target/sample/sample_9.txt", 
    "v_start_goal_frame": [
        -0.4257792849548746, 
        -0.9048270553237553, 
        2.28140141847466e-08
    ], 
    "Teffectiveend_unhoveringend": [
        [
            0.9999999993406554, 
            -2.297989519640791e-09, 
            8.269139801709289e-09, 
            0.0010130799999999995
        ], 
        [
            -2.297989519640791e-09, 
            0.9999999954938695, 
            2.066313198012324e-09, 
            -0.0018904869999999902
        ], 
        [
            8.269139801709289e-09, 
            2.066313198012324e-09, 
            1.0000000002270595, 
            -0.09997699600000001
        ], 
        [
            0.0, 
            0.0, 
            0.0, 
            1.0
        ]
    ], 
    "task_type": "pose_change", 
    "goal": "meiying_tool_target", 
    "trajectory": [
        [
            [
                0.9999999993406554, 
                -2.297989519640791e-09, 
                8.269139801709289e-09, 
                0.0
            ], 
            [
                -2.297989519640791e-09, 
                0.9999999954938695, 
                2.066313198012324e-09, 
                5.204170427930421e-18
            ], 
            [
                8.269139801709289e-09, 
                2.066313198012324e-09, 
                1.0000000002270595, 
                6.938893903907228e-18
            ], 
            [
                0.0, 
                0.0, 
                0.0, 
                1.0
            ]
        ], 
        [
            [
                0.9999999993406554, 
                -2.297989519640791e-09, 
                8.269139801709289e-09, 
                -0.26997901232394184
            ], 
            [
                -2.297989519640791e-09, 
                0.9999999954938695, 
                2.066313198012324e-09, 
                0.00191033160876006
            ], 
            [
                8.269139801709289e-09, 
                2.066313198012324e-09, 
                1.0000000002270595, 
                -0.002771859528389216
            ], 
            [
                0.0, 
                0.0, 
                0.0, 
                1.0
            ]
        ]
    ], 
    "tool_contact_area_index": [
        1384, 
        1385, 
        1386, 
        1638, 
        1639, 
        1640, 
        1641, 
        1642, 
        1643, 
        1644, 
        1645, 
        1647, 
        1648, 
        1649, 
        1650, 
        1651, 
        1652, 
        1653, 
        1654, 
        1944, 
        1946, 
        1947, 
        1948, 
        1949, 
        1950, 
        1951, 
        1952, 
        1953, 
        1954, 
        1955, 
        1956, 
        1957, 
        1958, 
        1959, 
        1960, 
        1961, 
        1964, 
        1965, 
        1966, 
        1967, 
        1968, 
        2311, 
        2312, 
        2313, 
        2314, 
        2315, 
        2316, 
        2317, 
        2318, 
        2319, 
        2320, 
        2321, 
        2322, 
        2679, 
        2680, 
        2681, 
        2682, 
        2683, 
        2684, 
        2686, 
        2688, 
        2691, 
        2692, 
        2693, 
        2694, 
        2695, 
        2698, 
        3042, 
        3045, 
        3046, 
        3426
    ], 
    "v_start_world_frame": [
        -0.4257792849548746, 
        -0.9048270553237553, 
        2.28140141847466e-08
    ], 
    "Ttool_goal": [
        [
            0.43232225255129886, 
            0.9016622628129595, 
            0.0101308, 
            -0.20926646024626752
        ], 
        [
            0.9016301777324695, 
            -0.4320944618787288, 
            -0.01890486999999988, 
            -0.004679547481028579
        ], 
        [
            -0.01266833988415743, 
            0.017307237596955256, 
            -0.99976996, 
            0.051677193001859106
        ], 
        [
            0.0, 
            0.0, 
            0.0, 
            1.0
        ]
    ], 
    "tool_trajectory_world_frame": [
        [
            [
                0.43232225255129886, 
                0.9016301777324695, 
                -0.01266833988415743, 
                0.11663339834740594
            ], 
            [
                0.9016622628129595, 
                -0.4320944618787288, 
                0.017307237596955256, 
                0.2310126269179853
            ], 
            [
                0.0101308, 
                -0.01890486999999988, 
                -0.99976996, 
                0.1536968773213752
            ], 
            [
                0.0, 
                0.0, 
                0.0, 
                1.0
            ]
        ], 
        [
            [
                0.43232225255129886, 
                0.9016301777324695, 
                -0.01266833988415743, 
                0.11663339834740594
            ], 
            [
                0.9016622628129595, 
                -0.4320944618787288, 
                0.017307237596955256, 
                0.2310126269179853
            ], 
            [
                0.0101308, 
                -0.01890486999999988, 
                -0.99976996, 
                0.0536968773213752
            ], 
            [
                0.0, 
                0.0, 
                0.0, 
                1.0
            ]
        ], 
        [
            [
                0.43232225255129886, 
                0.9016301777324695, 
                -0.01266833988415743, 
                -0.019615974953417204
            ], 
            [
                0.9016622628129595, 
                -0.4320944618787288, 
                0.017307237596955256, 
                -0.058532029871140985
            ], 
            [
                0.0101308, 
                -0.01890486999999988, 
                -0.99976996, 
                0.0536968773213752
            ], 
            [
                0.0, 
                0.0, 
                0.0, 
                1.0
            ]
        ], 
        [
            [
                0.43232225255129886, 
                0.9016301777324695, 
                -0.01266833988415743, 
                -0.019615974953417204
            ], 
            [
                0.9016622628129595, 
                -0.4320944618787288, 
                0.017307237596955256, 
                -0.058532029871140985
            ], 
            [
                0.0101308, 
                -0.01890486999999988, 
                -0.99976996, 
                0.1536968773213752
            ], 
            [
                0.0, 
                0.0, 
                0.0, 
                1.0
            ]
        ]
    ], 
    "goal_contact_area_index": [
        1680, 
        2277, 
        2278, 
        2279, 
        2280, 
        2281, 
        2282, 
        2283, 
        2284, 
        2590, 
        2591, 
        2592, 
        2593, 
        2594, 
        2595, 
        2596, 
        2597, 
        2598, 
        2599, 
        2855, 
        2856, 
        2857, 
        2858, 
        2859, 
        2860, 
        2861, 
        2862, 
        2863, 
        2864, 
        2865, 
        2866, 
        2867, 
        2868, 
        2869, 
        3115, 
        3117, 
        3120, 
        3501
    ], 
    "changing_point": [
        1, 
        -2
    ], 
    "tool_trajectory_goal_frame": [
        [
            [
                0.43232225255129886, 
                0.9016301777324695, 
                -0.01266833988415743, 
                0.11663339834740594
            ], 
            [
                0.9016622628129595, 
                -0.4320944618787288, 
                0.017307237596955256, 
                0.2310126269179853
            ], 
            [
                0.0101308, 
                -0.01890486999999988, 
                -0.99976996, 
                0.1536968773213752
            ], 
            [
                0.0, 
                0.0, 
                0.0, 
                1.0
            ]
        ], 
        [
            [
                0.43232225255129886, 
                0.9016301777324695, 
                -0.01266833988415743, 
                0.11663339834740594
            ], 
            [
                0.9016622628129595, 
                -0.4320944618787288, 
                0.017307237596955256, 
                0.2310126269179853
            ], 
            [
                0.0101308, 
                -0.01890486999999988, 
                -0.99976996, 
                0.0536968773213752
            ], 
            [
                0.0, 
                0.0, 
                0.0, 
                1.0
            ]
        ], 
        [
            [
                0.43232225255129886, 
                0.9016301777324695, 
                -0.01266833988415743, 
                -0.019615974953417204
            ], 
            [
                0.9016622628129595, 
                -0.4320944618787288, 
                0.017307237596955256, 
                -0.058532029871140985
            ], 
            [
                0.0101308, 
                -0.01890486999999988, 
                -0.99976996, 
                0.0536968773213752
            ], 
            [
                0.0, 
                0.0, 
                0.0, 
                1.0
            ]
        ], 
        [
            [
                0.43232225255129886, 
                0.9016301777324695, 
                -0.01266833988415743, 
                -0.019615974953417204
            ], 
            [
                0.9016622628129595, 
                -0.4320944618787288, 
                0.017307237596955256, 
                -0.058532029871140985
            ], 
            [
                0.0101308, 
                -0.01890486999999988, 
                -0.99976996, 
                0.1536968773213752
            ], 
            [
                0.0, 
                0.0, 
                0.0, 
                1.0
            ]
        ]
    ], 
    "Teffectivestart_unhoveringstart": [
        [
            0.9999999993406554, 
            -2.297989519640791e-09, 
            8.269139801709289e-09, 
            -0.26997901290000004
        ], 
        [
            -2.297989519640791e-09, 
            0.9999999954938695, 
            2.066313198012324e-09, 
            0.001910331000000002
        ], 
        [
            8.269139801709289e-09, 
            2.066313198012324e-09, 
            1.0000000002270595, 
            -0.0027718577999999924
        ], 
        [
            0.0, 
            0.0, 
            0.0, 
            1.0
        ]
    ], 
    "raw sample file path": "learned_samples/ur/simulator/pointcloud/push/plunger/meiying_tool_target/raw/raw_sample_9.txt", 
    "trajectory_thetas": [
        0.26999999926076745
    ], 
    "tool": "plunger", 
    "Tworld_goalend": [
        [
            1.0, 
            1.2735666221977974e-17, 
            0.0, 
            -0.11496040872256953
        ], 
        [
            1.2735666221977974e-17, 
            1.0, 
            0.0, 
            -0.24430330416582532
        ], 
        [
            0.0, 
            0.0, 
            1.0, 
            0.0
        ], 
        [
            0.0, 
            0.0, 
            0.0, 
            1.0
        ]
    ], 
    "Tworld_toolend": [
        [
            0.43232225255129886, 
            0.9016301777324695, 
            -0.01266833988415743, 
            -0.019615974953417204
        ], 
        [
            0.9016622628129595, 
            -0.4320944618787288, 
            0.017307237596955256, 
            -0.058532029871140985
        ], 
        [
            0.0101308, 
            -0.01890486999999988, 
            -0.99976996, 
            0.0536968773213752
        ], 
        [
            0.0, 
            0.0, 
            0.0, 
            1.0
        ]
    ], 
    "hovering_start": [
        [
            0.43232225255129886, 
            0.9016301777324695, 
            -0.01266833988415743, 
            0.11663339834740594
        ], 
        [
            0.9016622628129595, 
            -0.4320944618787288, 
            0.017307237596955256, 
            0.2310126269179853
        ], 
        [
            0.0101308, 
            -0.01890486999999988, 
            -0.99976996, 
            0.1536968773213752
        ], 
        [
            0.0, 
            0.0, 
            0.0, 
            1.0
        ]
    ], 
    "v_start_tool_frame": [
        -0.9999222700459947, 
        0.0070753045187539184, 
        -0.010266154685757515
    ], 
    "task": "push", 
    "unhovering_start": [
        [
            0.43232225255129886, 
            0.9016301777324695, 
            -0.01266833988415743, 
            -0.019615974953417204
        ], 
        [
            0.9016622628129595, 
            -0.4320944618787288, 
            0.017307237596955256, 
            -0.058532029871140985
        ], 
        [
            0.0101308, 
            -0.01890486999999988, 
            -0.99976996, 
            0.0536968773213752
        ], 
        [
            0.0, 
            0.0, 
            0.0, 
            1.0
        ]
    ], 
    "Teffectivestart_hoveringend": [
        [
            0.9999999993406554, 
            -2.297989519640791e-09, 
            8.269139801709289e-09, 
            0.04999611349999991
        ], 
        [
            -2.297989519640791e-09, 
            0.9999999954938695, 
            2.066313198012324e-09, 
            -0.00035376499999998853
        ], 
        [
            8.269139801709289e-09, 
            2.066313198012324e-09, 
            1.0000000002270595, 
            0.0005133070000000045
        ], 
        [
            0.0, 
            0.0, 
            0.0, 
            1.0
        ]
    ], 
    "Tworld_toolstart": [
        [
            0.43232225255129886, 
            0.9016301777324695, 
            -0.01266833988415743, 
            0.0953444329493373
        ], 
        [
            0.9016622628129595, 
            -0.4320944618787288, 
            0.017307237596955256, 
            0.1857712740682299
        ], 
        [
            0.0101308, 
            -0.01890486999999988, 
            -0.99976996, 
            0.05369687559905617
        ], 
        [
            0.0, 
            0.0, 
            0.0, 
            1.0
        ]
    ], 
    "unhovering_end": [
        [
            0.43232225255129886, 
            0.9016301777324695, 
            -0.01266833988415743, 
            -0.019615974953417204
        ], 
        [
            0.9016622628129595, 
            -0.4320944618787288, 
            0.017307237596955256, 
            -0.058532029871140985
        ], 
        [
            0.0101308, 
            -0.01890486999999988, 
            -0.99976996, 
            0.1536968773213752
        ], 
        [
            0.0, 
            0.0, 
            0.0, 
            1.0
        ]
    ], 
    "trajectory_screw_axes": [
        [
            -0.0, 
            -0.0, 
            -0.0, 
            0.9999222700459947, 
            -0.0070753045187539184, 
            0.010266154685757515
        ]
    ]
}