{
    "Tworld_goalstart": [
        [
            0.9999999999999999, 
            -2.1735156603604546e-17, 
            0.0, 
            0.0
        ], 
        [
            -2.1735156603604546e-17, 
            0.9999999999999999, 
            0.0, 
            0.0
        ], 
        [
            0.0, 
            0.0, 
            1.0, 
            0.0
        ], 
        [
            0.0, 
            0.0, 
            0.0, 
            1.0
        ]
    ], 
    "Teffectivestart_hoveringstart": [
        [
            0.999999999340655, 
            -2.297989544225075e-09, 
            8.269139796505118e-09, 
            0.05100919349999994
        ], 
        [
            -2.297989544225075e-09, 
            0.9999999954938692, 
            2.066313204951218e-09, 
            -0.002244251999999975
        ], 
        [
            8.269139796505118e-09, 
            2.066313204951218e-09, 
            1.0000000002270595, 
            -0.099463689
        ], 
        [
            0.0, 
            0.0, 
            0.0, 
            1.0
        ]
    ], 
    "hovering_end": [
        [
            -0.3159050154802793, 
            -0.948676350589657, 
            0.014737618292413218, 
            -0.08676014963891406
        ], 
        [
            -0.948736732411273, 
            0.31568304233208727, 
            -0.015583000857508883, 
            -0.24380906431108373
        ], 
        [
            0.0101308, 
            -0.01890486999999988, 
            -0.99976996, 
            0.0536968773213752
        ], 
        [
            0.0, 
            0.0, 
            0.0, 
            1.0
        ]
    ], 
    "sample file path": "learned_samples/ur/simulator/pointcloud/push/plunger/meiying_tool_target/sample/sample_21.txt", 
    "v_start_goal_frame": [
        0.309016988757719, 
        0.9510565178798016, 
        1.9168894535917524e-08
    ], 
    "Teffectiveend_unhoveringend": [
        [
            0.999999999340655, 
            -2.297989544225075e-09, 
            8.269139796505118e-09, 
            0.0010130799999999995
        ], 
        [
            -2.297989544225075e-09, 
            0.9999999954938692, 
            2.066313204951218e-09, 
            -0.001890486999999991
        ], 
        [
            8.269139796505118e-09, 
            2.066313204951218e-09, 
            1.0000000002270595, 
            -0.09997699600000001
        ], 
        [
            0.0, 
            0.0, 
            0.0, 
            1.0
        ]
    ], 
    "task_type": "pose_change", 
    "goal": "meiying_tool_target", 
    "trajectory": [
        [
            [
                0.999999999340655, 
                -2.297989544225075e-09, 
                8.269139796505118e-09, 
                0.0
            ], 
            [
                -2.297989544225075e-09, 
                0.9999999954938692, 
                2.066313204951218e-09, 
                3.469446951953614e-18
            ], 
            [
                8.269139796505118e-09, 
                2.066313204951218e-09, 
                1.0000000002270595, 
                6.938893903907228e-18
            ], 
            [
                0.0, 
                0.0, 
                0.0, 
                1.0
            ]
        ], 
        [
            [
                0.999999999340655, 
                -2.297989544225075e-09, 
                8.269139796505118e-09, 
                -0.6299510295239414
            ], 
            [
                -2.297989544225075e-09, 
                0.9999999954938692, 
                2.066313204951218e-09, 
                0.004457439608760138
            ], 
            [
                8.269139796505118e-09, 
                2.066313204951218e-09, 
                1.0000000002270595, 
                -0.006467669928389215
            ], 
            [
                0.0, 
                0.0, 
                0.0, 
                1.0
            ]
        ]
    ], 
    "tool_contact_area_index": [
        1126, 
        1128, 
        1380, 
        1381, 
        1382, 
        1383, 
        1384, 
        1385, 
        1386, 
        1387, 
        1388, 
        1389, 
        1390, 
        1391, 
        1392, 
        1393, 
        1394, 
        1395, 
        1638, 
        1639, 
        1640, 
        1641, 
        1642, 
        1643, 
        1644, 
        1645, 
        1646, 
        1647, 
        1648, 
        1649, 
        1650, 
        1652, 
        1654, 
        1656, 
        1942, 
        1943, 
        1944, 
        1945, 
        1946, 
        1947, 
        1948, 
        1949, 
        1950, 
        1951, 
        1952, 
        1953, 
        1954, 
        1955, 
        1956, 
        1957, 
        1958, 
        1959, 
        2308, 
        2309, 
        2310, 
        2311, 
        2312, 
        2313, 
        2314, 
        2315, 
        2318, 
        2673, 
        2674, 
        2675, 
        2676, 
        2677, 
        2678, 
        2679, 
        2681, 
        2682, 
        2683, 
        3041, 
        3042, 
        3046
    ], 
    "v_start_world_frame": [
        0.30901698875771905, 
        0.9510565178798017, 
        1.9168894535917524e-08
    ], 
    "Ttool_goal": [
        [
            -0.3159050154802793, 
            -0.948736732411273, 
            0.0101308, 
            -0.20926646024626744
        ], 
        [
            -0.948676350589657, 
            0.31568304233208727, 
            -0.01890486999999988, 
            -0.004679547481028551
        ], 
        [
            0.014737618292413218, 
            -0.015583000857508883, 
            -0.99976996, 
            0.051677193001859106
        ], 
        [
            0.0, 
            0.0, 
            0.0, 
            1.0
        ]
    ], 
    "tool_trajectory_world_frame": [
        [
            [
                -0.3159050154802794, 
                -0.9486763505896572, 
                0.01473761829241322, 
                -0.08676014963891407
            ], 
            [
                -0.9487367324112731, 
                0.31568304233208727, 
                -0.015583000857508885, 
                -0.24380906431108376
            ], 
            [
                0.0101308, 
                -0.01890486999999988, 
                -0.99976996, 
                0.1536968773213752
            ], 
            [
                0.0, 
                0.0, 
                0.0, 
                1.0
            ]
        ], 
        [
            [
                -0.3159050154802794, 
                -0.9486763505896572, 
                0.01473761829241322, 
                -0.08676014963891407
            ], 
            [
                -0.9487367324112731, 
                0.31568304233208727, 
                -0.015583000857508885, 
                -0.24380906431108376
            ], 
            [
                0.0101308, 
                -0.01890486999999988, 
                -0.99976996, 
                0.0536968773213752
            ], 
            [
                0.0, 
                0.0, 
                0.0, 
                1.0
            ]
        ], 
        [
            [
                -0.3159050154802794, 
                -0.9486763505896572, 
                0.01473761829241322, 
                0.1233714065360506
            ], 
            [
                -0.9487367324112731, 
                0.31568304233208727, 
                -0.015583000857508885, 
                0.4029093667696205
            ], 
            [
                0.0101308, 
                -0.01890486999999988, 
                -0.99976996, 
                0.0536968773213752
            ], 
            [
                0.0, 
                0.0, 
                0.0, 
                1.0
            ]
        ], 
        [
            [
                -0.3159050154802794, 
                -0.9486763505896572, 
                0.01473761829241322, 
                0.1233714065360506
            ], 
            [
                -0.9487367324112731, 
                0.31568304233208727, 
                -0.015583000857508885, 
                0.4029093667696205
            ], 
            [
                0.0101308, 
                -0.01890486999999988, 
                -0.99976996, 
                0.1536968773213752
            ], 
            [
                0.0, 
                0.0, 
                0.0, 
                1.0
            ]
        ]
    ], 
    "goal_contact_area_index": [
        4475, 
        4659, 
        4663, 
        4667, 
        4669, 
        4670, 
        4672, 
        4674, 
        4675, 
        4676, 
        4679, 
        4881, 
        4882, 
        4883, 
        4885, 
        4886, 
        4888, 
        4889, 
        5050, 
        5054, 
        5063, 
        5064, 
        5202, 
        5203, 
        5204, 
        5205, 
        5206, 
        5208, 
        5283
    ], 
    "changing_point": [
        1, 
        -2
    ], 
    "tool_trajectory_goal_frame": [
        [
            [
                -0.3159050154802793, 
                -0.948676350589657, 
                0.014737618292413218, 
                -0.08676014963891406
            ], 
            [
                -0.948736732411273, 
                0.31568304233208727, 
                -0.015583000857508883, 
                -0.24380906431108373
            ], 
            [
                0.0101308, 
                -0.01890486999999988, 
                -0.99976996, 
                0.1536968773213752
            ], 
            [
                0.0, 
                0.0, 
                0.0, 
                1.0
            ]
        ], 
        [
            [
                -0.3159050154802793, 
                -0.948676350589657, 
                0.014737618292413218, 
                -0.08676014963891406
            ], 
            [
                -0.948736732411273, 
                0.31568304233208727, 
                -0.015583000857508883, 
                -0.24380906431108373
            ], 
            [
                0.0101308, 
                -0.01890486999999988, 
                -0.99976996, 
                0.0536968773213752
            ], 
            [
                0.0, 
                0.0, 
                0.0, 
                1.0
            ]
        ], 
        [
            [
                -0.3159050154802793, 
                -0.948676350589657, 
                0.014737618292413218, 
                0.12337140653605057
            ], 
            [
                -0.948736732411273, 
                0.31568304233208727, 
                -0.015583000857508883, 
                0.40290936676962047
            ], 
            [
                0.0101308, 
                -0.01890486999999988, 
                -0.99976996, 
                0.0536968773213752
            ], 
            [
                0.0, 
                0.0, 
                0.0, 
                1.0
            ]
        ], 
        [
            [
                -0.3159050154802793, 
                -0.948676350589657, 
                0.014737618292413218, 
                0.12337140653605057
            ], 
            [
                -0.948736732411273, 
                0.31568304233208727, 
                -0.015583000857508883, 
                0.40290936676962047
            ], 
            [
                0.0101308, 
                -0.01890486999999988, 
                -0.99976996, 
                0.1536968773213752
            ], 
            [
                0.0, 
                0.0, 
                0.0, 
                1.0
            ]
        ]
    ], 
    "Teffectivestart_unhoveringstart": [
        [
            0.999999999340655, 
            -2.297989544225075e-09, 
            8.269139796505118e-09, 
            -0.6299510300999998
        ], 
        [
            -2.297989544225075e-09, 
            0.9999999954938692, 
            2.066313204951218e-09, 
            0.004457439000000073
        ], 
        [
            8.269139796505118e-09, 
            2.066313204951218e-09, 
            1.0000000002270595, 
            -0.006467668199999992
        ], 
        [
            0.0, 
            0.0, 
            0.0, 
            1.0
        ]
    ], 
    "raw sample file path": "learned_samples/ur/simulator/pointcloud/push/plunger/meiying_tool_target/raw/raw_sample_21.txt", 
    "trajectory_thetas": [
        0.6299999990137398
    ], 
    "tool": "plunger", 
    "Tworld_goalend": [
        [
            0.9999999999999999, 
            -2.1735156603604546e-17, 
            0.0, 
            0.19468070645621727
        ], 
        [
            -2.1735156603604546e-17, 
            0.9999999999999999, 
            0.0, 
            0.5991656052659466
        ], 
        [
            0.0, 
            0.0, 
            1.0, 
            0.0
        ], 
        [
            0.0, 
            0.0, 
            0.0, 
            1.0
        ]
    ], 
    "Tworld_toolend": [
        [
            -0.3159050154802794, 
            -0.9486763505896572, 
            0.01473761829241322, 
            0.1233714065360506
        ], 
        [
            -0.9487367324112731, 
            0.31568304233208727, 
            -0.015583000857508885, 
            0.4029093667696205
        ], 
        [
            0.0101308, 
            -0.01890486999999988, 
            -0.99976996, 
            0.0536968773213752
        ], 
        [
            0.0, 
            0.0, 
            0.0, 
            1.0
        ]
    ], 
    "hovering_start": [
        [
            -0.3159050154802793, 
            -0.948676350589657, 
            0.014737618292413218, 
            -0.08676014963891406
        ], 
        [
            -0.948736732411273, 
            0.31568304233208727, 
            -0.015583000857508883, 
            -0.24380906431108373
        ], 
        [
            0.0101308, 
            -0.01890486999999988, 
            -0.99976996, 
            0.1536968773213752
        ], 
        [
            0.0, 
            0.0, 
            0.0, 
            1.0
        ]
    ], 
    "v_start_tool_frame": [
        -0.9999222700928495, 
        0.0070753032220778845, 
        -0.010266151015754803
    ], 
    "task": "push", 
    "unhovering_start": [
        [
            -0.3159050154802793, 
            -0.948676350589657, 
            0.014737618292413218, 
            0.12337140653605057
        ], 
        [
            -0.948736732411273, 
            0.31568304233208727, 
            -0.015583000857508883, 
            0.40290936676962047
        ], 
        [
            0.0101308, 
            -0.01890486999999988, 
            -0.99976996, 
            0.0536968773213752
        ], 
        [
            0.0, 
            0.0, 
            0.0, 
            1.0
        ]
    ], 
    "Teffectivestart_hoveringend": [
        [
            0.999999999340655, 
            -2.297989544225075e-09, 
            8.269139796505118e-09, 
            0.04999611349999994
        ], 
        [
            -2.297989544225075e-09, 
            0.9999999954938692, 
            2.066313204951218e-09, 
            -0.0003537649999999868
        ], 
        [
            8.269139796505118e-09, 
            2.066313204951218e-09, 
            1.0000000002270595, 
            0.0005133070000000045
        ], 
        [
            0.0, 
            0.0, 
            0.0, 
            1.0
        ]
    ], 
    "Tworld_toolstart": [
        [
            -0.31590501548027927, 
            -0.9486763505896569, 
            0.014737618292413216, 
            -0.0713092991351983
        ], 
        [
            -0.9487367324112729, 
            0.31568304233208727, 
            -0.015583000857508881, 
            -0.1962562381689071
        ], 
        [
            0.0101308, 
            -0.01890486999999988, 
            -0.99976996, 
            0.05369687559905617
        ], 
        [
            0.0, 
            0.0, 
            0.0, 
            1.0
        ]
    ], 
    "unhovering_end": [
        [
            -0.3159050154802793, 
            -0.948676350589657, 
            0.014737618292413218, 
            0.12337140653605057
        ], 
        [
            -0.948736732411273, 
            0.31568304233208727, 
            -0.015583000857508883, 
            0.40290936676962047
        ], 
        [
            0.0101308, 
            -0.01890486999999988, 
            -0.99976996, 
            0.1536968773213752
        ], 
        [
            0.0, 
            0.0, 
            0.0, 
            1.0
        ]
    ], 
    "trajectory_screw_axes": [
        [
            -0.0, 
            -0.0, 
            -0.0, 
            0.9999222700928495, 
            -0.0070753032220778845, 
            0.010266151015754803
        ]
    ]
}