{
    "Tworld_goalstart": [
        [
            1.0, 
            -8.85750335758604e-19, 
            0.0, 
            0.0
        ], 
        [
            -8.85750335758604e-19, 
            0.9999999999999999, 
            0.0, 
            0.0
        ], 
        [
            0.0, 
            0.0, 
            1.0, 
            0.0
        ], 
        [
            0.0, 
            0.0, 
            0.0, 
            1.0
        ]
    ], 
    "Teffectivestart_hoveringstart": [
        [
            0.9999999993406553, 
            -2.2979895248720663e-09, 
            8.269139803444012e-09, 
            0.051009193499999994
        ], 
        [
            -2.2979895248720663e-09, 
            0.9999999954938692, 
            2.066313208420665e-09, 
            -0.0022442520000000095
        ], 
        [
            8.269139803444012e-09, 
            2.066313208420665e-09, 
            1.0000000002270595, 
            -0.099463689
        ], 
        [
            0.0, 
            0.0, 
            0.0, 
            1.0
        ]
    ], 
    "hovering_end": [
        [
            -0.9667004572320742, 
            0.25549223304027835, 
            -0.014626868655709195, 
            -0.24877567768581743
        ], 
        [
            0.2557099767692181, 
            0.9666262567508935, 
            -0.01568700168887054, 
            0.0712800504880238
        ], 
        [
            0.0101308, 
            -0.01890486999999988, 
            -0.99976996, 
            0.0536968773213752
        ], 
        [
            0.0, 
            0.0, 
            0.0, 
            1.0
        ]
    ], 
    "sample file path": "learned_samples/ur/simulator/pointcloud/push/plunger/meiying_tool_target/sample/sample_2.txt", 
    "v_start_goal_frame": [
        0.9685831647776406, 
        -0.24868987203316345, 
        4.514037236363899e-08
    ], 
    "Teffectiveend_unhoveringend": [
        [
            0.9999999993406553, 
            -2.2979895248720663e-09, 
            8.269139803444012e-09, 
            0.0010130799999999995
        ], 
        [
            -2.2979895248720663e-09, 
            0.9999999954938692, 
            2.066313208420665e-09, 
            -0.0018904869999999863
        ], 
        [
            8.269139803444012e-09, 
            2.066313208420665e-09, 
            1.0000000002270595, 
            -0.09997699600000001
        ], 
        [
            0.0, 
            0.0, 
            0.0, 
            1.0
        ]
    ], 
    "task_type": "pose_change", 
    "goal": "meiying_tool_target", 
    "trajectory": [
        [
            [
                0.9999999993406553, 
                -2.2979895248720663e-09, 
                8.269139803444012e-09, 
                2.7755575615628914e-17
            ], 
            [
                -2.2979895248720663e-09, 
                0.9999999954938692, 
                2.066313208420665e-09, 
                1.734723475976807e-18
            ], 
            [
                8.269139803444012e-09, 
                2.066313208420665e-09, 
                1.0000000002270595, 
                6.938893903907228e-18
            ], 
            [
                0.0, 
                0.0, 
                0.0, 
                1.0
            ]
        ], 
        [
            [
                0.9999999993406553, 
                -2.2979895248720663e-09, 
                8.269139803444012e-09, 
                -0.05999533562394174
            ], 
            [
                -2.2979895248720663e-09, 
                0.9999999954938692, 
                2.066313208420665e-09, 
                0.0004245186087600437
            ], 
            [
                8.269139803444012e-09, 
                2.066313208420665e-09, 
                1.0000000002270595, 
                -0.0006159701283892233
            ], 
            [
                0.0, 
                0.0, 
                0.0, 
                1.0
            ]
        ]
    ], 
    "tool_contact_area_index": [
        880, 
        1129, 
        1130, 
        1132, 
        1133, 
        1375, 
        1378, 
        1379, 
        1380, 
        1381, 
        1383, 
        1384, 
        1385, 
        1386, 
        1387, 
        1388, 
        1389, 
        1392, 
        1393, 
        1394, 
        1395, 
        1638, 
        1639, 
        1640, 
        1641, 
        1642, 
        1643, 
        1644, 
        1645, 
        1646, 
        1647, 
        1648, 
        1649, 
        1650, 
        1651, 
        1652, 
        1653, 
        1654, 
        1655, 
        1656, 
        1657, 
        1658, 
        1942, 
        1943, 
        1944, 
        1945, 
        1946, 
        1947, 
        1948, 
        1949, 
        1950, 
        1951, 
        1952, 
        1953, 
        1954, 
        1955, 
        1956, 
        1957, 
        1958, 
        1959, 
        1960, 
        1961, 
        1962, 
        1963, 
        1964, 
        1965, 
        1966, 
        1967, 
        1968, 
        1969, 
        2307, 
        2308, 
        2309, 
        2310, 
        2311, 
        2312, 
        2313, 
        2314, 
        2315, 
        2316, 
        2317, 
        2318, 
        2319, 
        2671, 
        2672, 
        2673, 
        2674, 
        2675, 
        2676, 
        2677, 
        2678
    ], 
    "v_start_world_frame": [
        0.9685831647776406, 
        -0.24868987203316345, 
        4.514037236363899e-08
    ], 
    "Ttool_goal": [
        [
            -0.9667004572320742, 
            0.2557099767692181, 
            0.0101308, 
            -0.2092664602462675
        ], 
        [
            0.25549223304027835, 
            0.9666262567508935, 
            -0.01890486999999988, 
            -0.004679547481028585
        ], 
        [
            -0.014626868655709195, 
            -0.01568700168887054, 
            -0.99976996, 
            0.0516771930018591
        ], 
        [
            0.0, 
            0.0, 
            0.0, 
            1.0
        ]
    ], 
    "tool_trajectory_world_frame": [
        [
            [
                -0.9667004572320742, 
                0.25549223304027835, 
                -0.014626868655709195, 
                -0.24877567768581743
            ], 
            [
                0.2557099767692181, 
                0.9666262567508936, 
                -0.015687001688870543, 
                0.07128005048802381
            ], 
            [
                0.0101308, 
                -0.01890486999999988, 
                -0.99976996, 
                0.1536968773213752
            ], 
            [
                0.0, 
                0.0, 
                0.0, 
                1.0
            ]
        ], 
        [
            [
                -0.9667004572320742, 
                0.25549223304027835, 
                -0.014626868655709195, 
                -0.24877567768581743
            ], 
            [
                0.2557099767692181, 
                0.9666262567508936, 
                -0.015687001688870543, 
                0.07128005048802381
            ], 
            [
                0.0101308, 
                -0.01890486999999988, 
                -0.99976996, 
                0.0536968773213752
            ], 
            [
                0.0, 
                0.0, 
                0.0, 
                1.0
            ]
        ], 
        [
            [
                -0.9667004572320742, 
                0.25549223304027835, 
                -0.014626868655709195, 
                -0.14223152996166805
            ], 
            [
                0.2557099767692181, 
                0.9666262567508936, 
                -0.015687001688870543, 
                0.04392416289988979
            ], 
            [
                0.0101308, 
                -0.01890486999999988, 
                -0.99976996, 
                0.0536968773213752
            ], 
            [
                0.0, 
                0.0, 
                0.0, 
                1.0
            ]
        ], 
        [
            [
                -0.9667004572320742, 
                0.25549223304027835, 
                -0.014626868655709195, 
                -0.14223152996166805
            ], 
            [
                0.2557099767692181, 
                0.9666262567508936, 
                -0.015687001688870543, 
                0.04392416289988979
            ], 
            [
                0.0101308, 
                -0.01890486999999988, 
                -0.99976996, 
                0.1536968773213752
            ], 
            [
                0.0, 
                0.0, 
                0.0, 
                1.0
            ]
        ]
    ], 
    "goal_contact_area_index": [
        1887, 
        1905, 
        1907, 
        1909, 
        1910, 
        1912, 
        1913, 
        1914, 
        1915, 
        1916, 
        1917, 
        1918, 
        1919, 
        1922, 
        1925, 
        1926, 
        1927, 
        1930, 
        2196, 
        2197, 
        2198, 
        2199, 
        2200, 
        2201, 
        2202, 
        2203, 
        2204, 
        2205, 
        2206, 
        2207, 
        2208, 
        2209, 
        2210, 
        2211, 
        2212, 
        2213, 
        2214, 
        2215, 
        2216, 
        2217, 
        2218, 
        2219, 
        2227, 
        2230
    ], 
    "changing_point": [
        1, 
        -2
    ], 
    "tool_trajectory_goal_frame": [
        [
            [
                -0.9667004572320742, 
                0.25549223304027835, 
                -0.014626868655709195, 
                -0.24877567768581743
            ], 
            [
                0.2557099767692181, 
                0.9666262567508935, 
                -0.01568700168887054, 
                0.0712800504880238
            ], 
            [
                0.0101308, 
                -0.01890486999999988, 
                -0.99976996, 
                0.1536968773213752
            ], 
            [
                0.0, 
                0.0, 
                0.0, 
                1.0
            ]
        ], 
        [
            [
                -0.9667004572320742, 
                0.25549223304027835, 
                -0.014626868655709195, 
                -0.24877567768581743
            ], 
            [
                0.2557099767692181, 
                0.9666262567508935, 
                -0.01568700168887054, 
                0.0712800504880238
            ], 
            [
                0.0101308, 
                -0.01890486999999988, 
                -0.99976996, 
                0.0536968773213752
            ], 
            [
                0.0, 
                0.0, 
                0.0, 
                1.0
            ]
        ], 
        [
            [
                -0.9667004572320742, 
                0.25549223304027835, 
                -0.014626868655709195, 
                -0.14223152996166805
            ], 
            [
                0.2557099767692181, 
                0.9666262567508935, 
                -0.01568700168887054, 
                0.04392416289988978
            ], 
            [
                0.0101308, 
                -0.01890486999999988, 
                -0.99976996, 
                0.0536968773213752
            ], 
            [
                0.0, 
                0.0, 
                0.0, 
                1.0
            ]
        ], 
        [
            [
                -0.9667004572320742, 
                0.25549223304027835, 
                -0.014626868655709195, 
                -0.14223152996166805
            ], 
            [
                0.2557099767692181, 
                0.9666262567508935, 
                -0.01568700168887054, 
                0.04392416289988978
            ], 
            [
                0.0101308, 
                -0.01890486999999988, 
                -0.99976996, 
                0.1536968773213752
            ], 
            [
                0.0, 
                0.0, 
                0.0, 
                1.0
            ]
        ]
    ], 
    "Teffectivestart_unhoveringstart": [
        [
            0.9999999993406553, 
            -2.2979895248720663e-09, 
            8.269139803444012e-09, 
            -0.05999533619999997
        ], 
        [
            -2.2979895248720663e-09, 
            0.9999999954938692, 
            2.066313208420665e-09, 
            0.0004245179999999866
        ], 
        [
            8.269139803444012e-09, 
            2.066313208420665e-09, 
            1.0000000002270595, 
            -0.0006159683999999999
        ], 
        [
            0.0, 
            0.0, 
            0.0, 
            1.0
        ]
    ], 
    "raw sample file path": "learned_samples/ur/simulator/pointcloud/push/plunger/meiying_tool_target/raw/raw_sample_2.txt", 
    "trajectory_thetas": [
        0.05999999940486648
    ], 
    "tool": "plunger", 
    "Tworld_goalend": [
        [
            1.0, 
            -8.85750335758604e-19, 
            0.0, 
            0.05811498966771786
        ], 
        [
            -8.85750335758604e-19, 
            0.9999999999999999, 
            0.0, 
            -0.014921393229891286
        ], 
        [
            0.0, 
            0.0, 
            1.0, 
            0.0
        ], 
        [
            0.0, 
            0.0, 
            0.0, 
            1.0
        ]
    ], 
    "Tworld_toolend": [
        [
            -0.9667004572320742, 
            0.25549223304027835, 
            -0.014626868655709195, 
            -0.14223152996166805
        ], 
        [
            0.2557099767692181, 
            0.9666262567508936, 
            -0.015687001688870543, 
            0.04392416289988979
        ], 
        [
            0.0101308, 
            -0.01890486999999988, 
            -0.99976996, 
            0.0536968773213752
        ], 
        [
            0.0, 
            0.0, 
            0.0, 
            1.0
        ]
    ], 
    "hovering_start": [
        [
            -0.9667004572320742, 
            0.25549223304027835, 
            -0.014626868655709195, 
            -0.24877567768581743
        ], 
        [
            0.2557099767692181, 
            0.9666262567508935, 
            -0.01568700168887054, 
            0.0712800504880238
        ], 
        [
            0.0101308, 
            -0.01890486999999988, 
            -0.99976996, 
            0.1536968773213752
        ], 
        [
            0.0, 
            0.0, 
            0.0, 
            1.0
        ]
    ], 
    "v_start_tool_frame": [
        -0.9999222697590086, 
        0.007075312460895447, 
        -0.010266177164524463
    ], 
    "task": "push", 
    "unhovering_start": [
        [
            -0.9667004572320742, 
            0.25549223304027835, 
            -0.014626868655709195, 
            -0.14223152996166805
        ], 
        [
            0.2557099767692181, 
            0.9666262567508935, 
            -0.01568700168887054, 
            0.04392416289988978
        ], 
        [
            0.0101308, 
            -0.01890486999999988, 
            -0.99976996, 
            0.0536968773213752
        ], 
        [
            0.0, 
            0.0, 
            0.0, 
            1.0
        ]
    ], 
    "Teffectivestart_hoveringend": [
        [
            0.9999999993406553, 
            -2.2979895248720663e-09, 
            8.269139803444012e-09, 
            0.049996113499999995
        ], 
        [
            -2.2979895248720663e-09, 
            0.9999999954938692, 
            2.066313208420665e-09, 
            -0.0003537650000000215
        ], 
        [
            8.269139803444012e-09, 
            2.066313208420665e-09, 
            1.0000000002270595, 
            0.0005133069999999976
        ], 
        [
            0.0, 
            0.0, 
            0.0, 
            1.0
        ]
    ], 
    "Tworld_toolstart": [
        [
            -0.9667004572320742, 
            0.25549223304027835, 
            -0.014626868655709195, 
            -0.20034651925332453
        ], 
        [
            0.2557099767692181, 
            0.9666262567508934, 
            -0.015687001688870536, 
            0.058845555366920536
        ], 
        [
            0.0101308, 
            -0.01890486999999988, 
            -0.99976996, 
            0.053696875599056164
        ], 
        [
            0.0, 
            0.0, 
            0.0, 
            1.0
        ]
    ], 
    "unhovering_end": [
        [
            -0.9667004572320742, 
            0.25549223304027835, 
            -0.014626868655709195, 
            -0.14223152996166805
        ], 
        [
            0.2557099767692181, 
            0.9666262567508935, 
            -0.01568700168887054, 
            0.04392416289988978
        ], 
        [
            0.0101308, 
            -0.01890486999999988, 
            -0.99976996, 
            0.1536968773213752
        ], 
        [
            0.0, 
            0.0, 
            0.0, 
            1.0
        ]
    ], 
    "trajectory_screw_axes": [
        [
            -0.0, 
            -0.0, 
            -0.0, 
            0.9999222697590086, 
            -0.007075312460895447, 
            0.010266177164524463
        ]
    ]
}