{
    "Tworld_goalstart": [
        [
            1.0, 
            -5.9838275342127266e-18, 
            0.0, 
            0.0
        ], 
        [
            -5.9838275342127266e-18, 
            1.0, 
            0.0, 
            0.0
        ], 
        [
            0.0, 
            0.0, 
            1.0, 
            0.0
        ], 
        [
            0.0, 
            0.0, 
            0.0, 
            1.0
        ]
    ], 
    "Teffectivestart_hoveringstart": [
        [
            0.9999999993406553, 
            -2.2979894700114363e-09, 
            8.269139803444012e-09, 
            0.05100919349999994
        ], 
        [
            -2.2979894700114363e-09, 
            0.9999999954938696, 
            2.066313198012324e-09, 
            -0.0022442519999999904
        ], 
        [
            8.269139803444012e-09, 
            2.066313198012324e-09, 
            1.0000000002270595, 
            -0.099463689
        ], 
        [
            0.0, 
            0.0, 
            0.0, 
            1.0
        ]
    ], 
    "hovering_end": [
        [
            0.9911266936305078, 
            -0.13232720606417503, 
            0.012545428780930165, 
            0.2557477663778625
        ], 
        [
            -0.13253393303253677, 
            -0.9910257877166477, 
            0.01739653774061392, 
            -0.0395381258830918
        ], 
        [
            0.0101308, 
            -0.01890486999999988, 
            -0.99976996, 
            0.0536968773213752
        ], 
        [
            0.0, 
            0.0, 
            0.0, 
            1.0
        ]
    ], 
    "sample file path": "learned_samples/ur/simulator/pointcloud/push/plunger/meiying_tool_target/sample/sample_14.txt", 
    "v_start_goal_frame": [
        -0.9921147018826899, 
        0.1253332272414773, 
        2.053581440487895e-08
    ], 
    "Teffectiveend_unhoveringend": [
        [
            0.9999999993406553, 
            -2.2979894700114363e-09, 
            8.269139803444012e-09, 
            0.0010130799999999995
        ], 
        [
            -2.2979894700114363e-09, 
            0.9999999954938696, 
            2.066313198012324e-09, 
            -0.0018904869999999884
        ], 
        [
            8.269139803444012e-09, 
            2.066313198012324e-09, 
            1.0000000002270595, 
            -0.09997699600000001
        ], 
        [
            0.0, 
            0.0, 
            0.0, 
            1.0
        ]
    ], 
    "task_type": "pose_change", 
    "goal": "meiying_tool_target", 
    "trajectory": [
        [
            [
                0.9999999993406553, 
                -2.2979894700114363e-09, 
                8.269139803444012e-09, 
                0.0
            ], 
            [
                -2.2979894700114363e-09, 
                0.9999999954938696, 
                2.066313198012324e-09, 
                0.0
            ], 
            [
                8.269139803444012e-09, 
                2.066313198012324e-09, 
                1.0000000002270595, 
                6.938893903907228e-18
            ], 
            [
                0.0, 
                0.0, 
                0.0, 
                1.0
            ]
        ], 
        [
            [
                0.9999999993406553, 
                -2.2979894700114363e-09, 
                8.269139803444012e-09, 
                -0.4199673528239418
            ], 
            [
                -2.2979894700114363e-09, 
                0.9999999954938696, 
                2.066313198012324e-09, 
                0.002971626608760038
            ], 
            [
                8.269139803444012e-09, 
                2.066313198012324e-09, 
                1.0000000002270595, 
                -0.0043117805283892155
            ], 
            [
                0.0, 
                0.0, 
                0.0, 
                1.0
            ]
        ]
    ], 
    "tool_contact_area_index": [
        661, 
        880, 
        1124, 
        1130, 
        1132, 
        1133, 
        1380, 
        1381, 
        1382, 
        1383, 
        1384, 
        1385, 
        1386, 
        1387, 
        1388, 
        1389, 
        1390, 
        1391, 
        1392, 
        1393, 
        1394, 
        1395, 
        1396, 
        1399, 
        1638, 
        1639, 
        1640, 
        1641, 
        1642, 
        1643, 
        1644, 
        1645, 
        1646, 
        1647, 
        1648, 
        1649, 
        1650, 
        1651, 
        1652, 
        1653, 
        1654, 
        1655, 
        1656, 
        1657, 
        1658, 
        1659, 
        1660, 
        1661, 
        1662, 
        1663, 
        1664, 
        1665, 
        1668, 
        1942, 
        1943, 
        1944, 
        1945, 
        1946, 
        1947, 
        1948, 
        1949, 
        1950, 
        1951, 
        1952, 
        1953, 
        1955, 
        1956, 
        1957, 
        1958, 
        1959, 
        1960, 
        1961, 
        1962, 
        1963, 
        1964, 
        1965, 
        1966, 
        1967, 
        1968, 
        1969, 
        1970, 
        1971, 
        1972, 
        1973, 
        1974, 
        1975, 
        1976, 
        2307, 
        2308, 
        2309, 
        2310, 
        2316, 
        2317, 
        2318, 
        2319, 
        2320, 
        2321, 
        2322, 
        2323, 
        2324, 
        2325, 
        2326, 
        2327, 
        2328, 
        2329, 
        2661, 
        2672, 
        2673, 
        2674, 
        2675, 
        2677, 
        2688, 
        2690, 
        2693, 
        2694, 
        2695, 
        2698
    ], 
    "v_start_world_frame": [
        -0.9921147018826899, 
        0.1253332272414773, 
        2.053581440487895e-08
    ], 
    "Ttool_goal": [
        [
            0.9911266936305078, 
            -0.13253393303253677, 
            0.0101308, 
            -0.20926646024626755
        ], 
        [
            -0.13232720606417503, 
            -0.9910257877166477, 
            -0.01890486999999988, 
            -0.004679547481028585
        ], 
        [
            0.012545428780930165, 
            0.01739653774061392, 
            -0.99976996, 
            0.051677193001859106
        ], 
        [
            0.0, 
            0.0, 
            0.0, 
            1.0
        ]
    ], 
    "tool_trajectory_world_frame": [
        [
            [
                0.9911266936305078, 
                -0.13232720606417503, 
                0.012545428780930165, 
                0.2557477663778625
            ], 
            [
                -0.13253393303253677, 
                -0.9910257877166477, 
                0.01739653774061392, 
                -0.0395381258830918
            ], 
            [
                0.0101308, 
                -0.01890486999999988, 
                -0.99976996, 
                0.1536968773213752
            ], 
            [
                0.0, 
                0.0, 
                0.0, 
                1.0
            ]
        ], 
        [
            [
                0.9911266936305078, 
                -0.13232720606417503, 
                0.012545428780930165, 
                0.2557477663778625
            ], 
            [
                -0.13253393303253677, 
                -0.9910257877166477, 
                0.01739653774061392, 
                -0.0395381258830918
            ], 
            [
                0.0101308, 
                -0.01890486999999988, 
                -0.99976996, 
                0.0536968773213752
            ], 
            [
                0.0, 
                0.0, 
                0.0, 
                1.0
            ]
        ], 
        [
            [
                0.9911266936305078, 
                -0.13232720606417503, 
                0.012545428780930165, 
                -0.2105461432399421
            ], 
            [
                -0.13253393303253677, 
                -0.9910257877166477, 
                0.01739653774061392, 
                0.019368493892130807
            ], 
            [
                0.0101308, 
                -0.01890486999999988, 
                -0.99976996, 
                0.0536968773213752
            ], 
            [
                0.0, 
                0.0, 
                0.0, 
                1.0
            ]
        ], 
        [
            [
                0.9911266936305078, 
                -0.13232720606417503, 
                0.012545428780930165, 
                -0.2105461432399421
            ], 
            [
                -0.13253393303253677, 
                -0.9910257877166477, 
                0.01739653774061392, 
                0.019368493892130807
            ], 
            [
                0.0101308, 
                -0.01890486999999988, 
                -0.99976996, 
                0.1536968773213752
            ], 
            [
                0.0, 
                0.0, 
                0.0, 
                1.0
            ]
        ]
    ], 
    "goal_contact_area_index": [
        2041, 
        2300, 
        2303, 
        2305, 
        2306, 
        2308, 
        2309, 
        2311, 
        2314, 
        2315, 
        2635, 
        2637, 
        2638, 
        2639, 
        2640, 
        2641, 
        2648, 
        2649, 
        2901, 
        2902, 
        2903, 
        2904, 
        2905, 
        2906, 
        2907, 
        2908, 
        2909, 
        2910, 
        2911, 
        2912, 
        2913, 
        2914, 
        2915, 
        2917, 
        2920, 
        2921, 
        2925, 
        3139, 
        3140, 
        3144, 
        3146, 
        3150, 
        3159, 
        3160, 
        3161, 
        3162, 
        3167, 
        3169, 
        3170, 
        3171, 
        3172, 
        3173, 
        3174, 
        3175, 
        3176, 
        3177, 
        3178, 
        3179, 
        3180, 
        3181, 
        3182, 
        3183, 
        3184, 
        3185, 
        3187, 
        3188, 
        3189, 
        3190, 
        3191, 
        3192, 
        3193, 
        3194, 
        3195, 
        3198, 
        3199, 
        3200, 
        3204, 
        3206, 
        3207, 
        3208, 
        3209, 
        3210, 
        3211, 
        3212, 
        3214, 
        3235
    ], 
    "changing_point": [
        1, 
        -2
    ], 
    "tool_trajectory_goal_frame": [
        [
            [
                0.9911266936305078, 
                -0.13232720606417503, 
                0.012545428780930165, 
                0.2557477663778625
            ], 
            [
                -0.13253393303253677, 
                -0.9910257877166477, 
                0.01739653774061392, 
                -0.0395381258830918
            ], 
            [
                0.0101308, 
                -0.01890486999999988, 
                -0.99976996, 
                0.1536968773213752
            ], 
            [
                0.0, 
                0.0, 
                0.0, 
                1.0
            ]
        ], 
        [
            [
                0.9911266936305078, 
                -0.13232720606417503, 
                0.012545428780930165, 
                0.2557477663778625
            ], 
            [
                -0.13253393303253677, 
                -0.9910257877166477, 
                0.01739653774061392, 
                -0.0395381258830918
            ], 
            [
                0.0101308, 
                -0.01890486999999988, 
                -0.99976996, 
                0.0536968773213752
            ], 
            [
                0.0, 
                0.0, 
                0.0, 
                1.0
            ]
        ], 
        [
            [
                0.9911266936305078, 
                -0.13232720606417503, 
                0.012545428780930165, 
                -0.2105461432399421
            ], 
            [
                -0.13253393303253677, 
                -0.9910257877166477, 
                0.01739653774061392, 
                0.019368493892130807
            ], 
            [
                0.0101308, 
                -0.01890486999999988, 
                -0.99976996, 
                0.0536968773213752
            ], 
            [
                0.0, 
                0.0, 
                0.0, 
                1.0
            ]
        ], 
        [
            [
                0.9911266936305078, 
                -0.13232720606417503, 
                0.012545428780930165, 
                -0.2105461432399421
            ], 
            [
                -0.13253393303253677, 
                -0.9910257877166477, 
                0.01739653774061392, 
                0.019368493892130807
            ], 
            [
                0.0101308, 
                -0.01890486999999988, 
                -0.99976996, 
                0.1536968773213752
            ], 
            [
                0.0, 
                0.0, 
                0.0, 
                1.0
            ]
        ]
    ], 
    "Teffectivestart_unhoveringstart": [
        [
            0.9999999993406553, 
            -2.2979894700114363e-09, 
            8.269139803444012e-09, 
            -0.4199673534
        ], 
        [
            -2.2979894700114363e-09, 
            0.9999999954938696, 
            2.066313198012324e-09, 
            0.0029716259999999946
        ], 
        [
            8.269139803444012e-09, 
            2.066313198012324e-09, 
            1.0000000002270595, 
            -0.004311778799999992
        ], 
        [
            0.0, 
            0.0, 
            0.0, 
            1.0
        ]
    ], 
    "raw sample file path": "learned_samples/ur/simulator/pointcloud/push/plunger/meiying_tool_target/raw/raw_sample_14.txt", 
    "trajectory_thetas": [
        0.4199999991578394
    ], 
    "tool": "plunger", 
    "Tworld_goalend": [
        [
            1.0, 
            -5.9838275342127266e-18, 
            0.0, 
            -0.41668817455208074
        ], 
        [
            -5.9838275342127266e-18, 
            1.0, 
            0.0, 
            0.05263995809700744
        ], 
        [
            0.0, 
            0.0, 
            1.0, 
            0.0
        ], 
        [
            0.0, 
            0.0, 
            0.0, 
            1.0
        ]
    ], 
    "Tworld_toolend": [
        [
            0.9911266936305078, 
            -0.13232720606417503, 
            0.012545428780930165, 
            -0.2105461432399421
        ], 
        [
            -0.13253393303253677, 
            -0.9910257877166477, 
            0.01739653774061392, 
            0.019368493892130807
        ], 
        [
            0.0101308, 
            -0.01890486999999988, 
            -0.99976996, 
            0.0536968773213752
        ], 
        [
            0.0, 
            0.0, 
            0.0, 
            1.0
        ]
    ], 
    "hovering_start": [
        [
            0.9911266936305078, 
            -0.13232720606417503, 
            0.012545428780930165, 
            0.2557477663778625
        ], 
        [
            -0.13253393303253677, 
            -0.9910257877166477, 
            0.01739653774061392, 
            -0.0395381258830918
        ], 
        [
            0.0101308, 
            -0.01890486999999988, 
            -0.99976996, 
            0.1536968773213752
        ], 
        [
            0.0, 
            0.0, 
            0.0, 
            1.0
        ]
    ], 
    "v_start_tool_frame": [
        -0.999922270075279, 
        0.00707530370833121, 
        -0.010266152392005819
    ], 
    "task": "push", 
    "unhovering_start": [
        [
            0.9911266936305078, 
            -0.13232720606417503, 
            0.012545428780930165, 
            -0.2105461432399421
        ], 
        [
            -0.13253393303253677, 
            -0.9910257877166477, 
            0.01739653774061392, 
            0.019368493892130807
        ], 
        [
            0.0101308, 
            -0.01890486999999988, 
            -0.99976996, 
            0.0536968773213752
        ], 
        [
            0.0, 
            0.0, 
            0.0, 
            1.0
        ]
    ], 
    "Teffectivestart_hoveringend": [
        [
            0.9999999993406553, 
            -2.2979894700114363e-09, 
            8.269139803444012e-09, 
            0.04999611349999994
        ], 
        [
            -2.2979894700114363e-09, 
            0.9999999954938696, 
            2.066313198012324e-09, 
            -0.0003537650000000024
        ], 
        [
            8.269139803444012e-09, 
            2.066313198012324e-09, 
            1.0000000002270595, 
            0.0005133070000000045
        ], 
        [
            0.0, 
            0.0, 
            0.0, 
            1.0
        ]
    ], 
    "Tworld_toolstart": [
        [
            0.9911266936305078, 
            -0.13232720606417503, 
            0.012545428780930165, 
            0.20614203084343088
        ], 
        [
            -0.13253393303253677, 
            -0.9910257877166477, 
            0.01739653774061392, 
            -0.03327146349516448
        ], 
        [
            0.0101308, 
            -0.01890486999999988, 
            -0.99976996, 
            0.05369687559905617
        ], 
        [
            0.0, 
            0.0, 
            0.0, 
            1.0
        ]
    ], 
    "unhovering_end": [
        [
            0.9911266936305078, 
            -0.13232720606417503, 
            0.012545428780930165, 
            -0.2105461432399421
        ], 
        [
            -0.13253393303253677, 
            -0.9910257877166477, 
            0.01739653774061392, 
            0.019368493892130807
        ], 
        [
            0.0101308, 
            -0.01890486999999988, 
            -0.99976996, 
            0.1536968773213752
        ], 
        [
            0.0, 
            0.0, 
            0.0, 
            1.0
        ]
    ], 
    "trajectory_screw_axes": [
        [
            -0.0, 
            -0.0, 
            -0.0, 
            0.999922270075279, 
            -0.00707530370833121, 
            0.010266152392005819
        ]
    ]
}