{
    "Tworld_goalstart": [
        [
            0.9999999999999999, 
            -1.3361886740378004e-17, 
            0.0, 
            0.0
        ], 
        [
            -1.3361886740378004e-17, 
            0.9999999999999999, 
            0.0, 
            0.0
        ], 
        [
            0.0, 
            0.0, 
            1.0, 
            0.0
        ], 
        [
            0.0, 
            0.0, 
            0.0, 
            1.0
        ]
    ], 
    "Teffectivestart_hoveringstart": [
        [
            0.9999999993406551, 
            -2.297989549158195e-09, 
            8.269139796505118e-09, 
            0.051009193499999855
        ], 
        [
            -2.297989549158195e-09, 
            0.9999999954938692, 
            2.066313204951218e-09, 
            -0.0022442519999999896
        ], 
        [
            8.269139796505118e-09, 
            2.066313204951218e-09, 
            1.0000000002270595, 
            -0.099463689
        ], 
        [
            0.0, 
            0.0, 
            0.0, 
            1.0
        ]
    ], 
    "hovering_end": [
        [
            0.932379651579777, 
            0.36147109973646385, 
            0.00261279707155374, 
            0.2431611134944939
        ], 
        [
            0.361338555307884, 
            -0.9321916355768612, 
            0.021288508640129666, 
            0.0885599022680738
        ], 
        [
            0.0101308, 
            -0.01890486999999988, 
            -0.99976996, 
            0.0536968773213752
        ], 
        [
            0.0, 
            0.0, 
            0.0, 
            1.0
        ]
    ], 
    "sample file path": "learned_samples/ur/simulator/pointcloud/push/plunger/meiying_tool_target/sample/sample_12.txt", 
    "v_start_goal_frame": [
        -0.9297764832458574, 
        -0.3681245587372669, 
        2.1219274339359662e-08
    ], 
    "Teffectiveend_unhoveringend": [
        [
            0.9999999993406551, 
            -2.297989549158195e-09, 
            8.269139796505118e-09, 
            0.0010130799999999718
        ], 
        [
            -2.297989549158195e-09, 
            0.9999999954938692, 
            2.066313204951218e-09, 
            -0.001890486999999992
        ], 
        [
            8.269139796505118e-09, 
            2.066313204951218e-09, 
            1.0000000002270595, 
            -0.09997699600000001
        ], 
        [
            0.0, 
            0.0, 
            0.0, 
            1.0
        ]
    ], 
    "task_type": "pose_change", 
    "goal": "meiying_tool_target", 
    "trajectory": [
        [
            [
                0.9999999993406551, 
                -2.297989549158195e-09, 
                8.269139796505118e-09, 
                0.0
            ], 
            [
                -2.297989549158195e-09, 
                0.9999999954938692, 
                2.066313204951218e-09, 
                5.204170427930421e-18
            ], 
            [
                8.269139796505118e-09, 
                2.066313204951218e-09, 
                1.0000000002270595, 
                6.938893903907228e-18
            ], 
            [
                0.0, 
                0.0, 
                0.0, 
                1.0
            ]
        ], 
        [
            [
                0.9999999993406551, 
                -2.297989549158195e-09, 
                8.269139796505118e-09, 
                -0.3599720166239417
            ], 
            [
                -2.297989549158195e-09, 
                0.9999999954938692, 
                2.066313204951218e-09, 
                0.002547108608760046
            ], 
            [
                8.269139796505118e-09, 
                2.066313204951218e-09, 
                1.0000000002270595, 
                -0.0036958121283892156
            ], 
            [
                0.0, 
                0.0, 
                0.0, 
                1.0
            ]
        ]
    ], 
    "tool_contact_area_index": [
        661, 
        1129, 
        1132, 
        1133, 
        1380, 
        1381, 
        1382, 
        1383, 
        1384, 
        1385, 
        1386, 
        1387, 
        1388, 
        1389, 
        1390, 
        1391, 
        1392, 
        1393, 
        1394, 
        1395, 
        1396, 
        1397, 
        1638, 
        1639, 
        1640, 
        1641, 
        1642, 
        1645, 
        1646, 
        1647, 
        1648, 
        1649, 
        1650, 
        1651, 
        1652, 
        1653, 
        1654, 
        1655, 
        1656, 
        1657, 
        1658, 
        1659, 
        1660, 
        1661, 
        1662, 
        1663, 
        1665, 
        1666, 
        1944, 
        1945, 
        1947, 
        1948, 
        1949, 
        1950, 
        1951, 
        1952, 
        1953, 
        1954, 
        1955, 
        1956, 
        1957, 
        1958, 
        1959, 
        1960, 
        1961, 
        1962, 
        1963, 
        1964, 
        1965, 
        1966, 
        1967, 
        1968, 
        1969, 
        1970, 
        1971, 
        1972, 
        1973, 
        1974, 
        1975, 
        1976, 
        1977, 
        2311, 
        2312, 
        2313, 
        2314, 
        2315, 
        2316, 
        2317, 
        2318, 
        2319, 
        2320, 
        2321, 
        2322, 
        2323, 
        2324, 
        2325, 
        2326, 
        2327, 
        2328, 
        2329, 
        2332, 
        2675, 
        2676, 
        2677, 
        2678, 
        2679, 
        2680, 
        2681, 
        2682, 
        2684, 
        2685, 
        2687, 
        2693, 
        2694, 
        2695, 
        2696, 
        2697, 
        3041, 
        3042
    ], 
    "v_start_world_frame": [
        -0.9297764832458575, 
        -0.36812455873726696, 
        2.1219274339359662e-08
    ], 
    "Ttool_goal": [
        [
            0.932379651579777, 
            0.361338555307884, 
            0.0101308, 
            -0.20926646024626752
        ], 
        [
            0.36147109973646385, 
            -0.9321916355768612, 
            -0.01890486999999988, 
            -0.004679547481028585
        ], 
        [
            0.00261279707155374, 
            0.021288508640129666, 
            -0.99976996, 
            0.051677193001859106
        ], 
        [
            0.0, 
            0.0, 
            0.0, 
            1.0
        ]
    ], 
    "tool_trajectory_world_frame": [
        [
            [
                0.9323796515797771, 
                0.3614710997364639, 
                0.002612797071553741, 
                0.24316111349449393
            ], 
            [
                0.36133855530788406, 
                -0.9321916355768614, 
                0.02128850864012967, 
                0.08855990226807381
            ], 
            [
                0.0101308, 
                -0.01890486999999988, 
                -0.99976996, 
                0.1536968773213752
            ], 
            [
                0.0, 
                0.0, 
                0.0, 
                1.0
            ]
        ], 
        [
            [
                0.9323796515797771, 
                0.3614710997364639, 
                0.002612797071553741, 
                0.24316111349449393
            ], 
            [
                0.36133855530788406, 
                -0.9321916355768614, 
                0.02128850864012967, 
                0.08855990226807381
            ], 
            [
                0.0101308, 
                -0.01890486999999988, 
                -0.99976996, 
                0.0536968773213752
            ], 
            [
                0.0, 
                0.0, 
                0.0, 
                1.0
            ]
        ], 
        [
            [
                0.9323796515797771, 
                0.3614710997364639, 
                0.002612797071553741, 
                -0.13804724571968902
            ], 
            [
                0.36133855530788406, 
                -0.9321916355768614, 
                0.02128850864012967, 
                -0.062371164332644384
            ], 
            [
                0.0101308, 
                -0.01890486999999988, 
                -0.99976996, 
                0.0536968773213752
            ], 
            [
                0.0, 
                0.0, 
                0.0, 
                1.0
            ]
        ], 
        [
            [
                0.9323796515797771, 
                0.3614710997364639, 
                0.002612797071553741, 
                -0.13804724571968902
            ], 
            [
                0.36133855530788406, 
                -0.9321916355768614, 
                0.02128850864012967, 
                -0.062371164332644384
            ], 
            [
                0.0101308, 
                -0.01890486999999988, 
                -0.99976996, 
                0.1536968773213752
            ], 
            [
                0.0, 
                0.0, 
                0.0, 
                1.0
            ]
        ]
    ], 
    "goal_contact_area_index": [
        2884, 
        2886, 
        3126, 
        3140, 
        3141, 
        3144, 
        3145, 
        3146, 
        3148, 
        3149, 
        3153, 
        3154, 
        3155, 
        3156, 
        3487, 
        3492, 
        3503, 
        3505, 
        3507, 
        3508, 
        3511, 
        3512, 
        3514, 
        3515, 
        3516, 
        3517, 
        3518, 
        3519, 
        3520, 
        3521, 
        3522, 
        3523, 
        3524, 
        3525, 
        3526, 
        3527, 
        3529, 
        3531, 
        3532, 
        3533, 
        3806, 
        3807, 
        3808, 
        3809, 
        3811, 
        3812, 
        3813, 
        3814, 
        3815, 
        3816, 
        3817, 
        3818, 
        3819, 
        3820, 
        3821, 
        3822, 
        3823, 
        3824, 
        3825, 
        3826, 
        3827, 
        3828, 
        3829, 
        3830, 
        3831, 
        3832, 
        3833, 
        3834, 
        4008, 
        4011, 
        4012, 
        4013, 
        4014, 
        4017, 
        4020, 
        4188
    ], 
    "changing_point": [
        1, 
        -2
    ], 
    "tool_trajectory_goal_frame": [
        [
            [
                0.932379651579777, 
                0.36147109973646385, 
                0.00261279707155374, 
                0.2431611134944939
            ], 
            [
                0.361338555307884, 
                -0.9321916355768612, 
                0.021288508640129666, 
                0.0885599022680738
            ], 
            [
                0.0101308, 
                -0.01890486999999988, 
                -0.99976996, 
                0.1536968773213752
            ], 
            [
                0.0, 
                0.0, 
                0.0, 
                1.0
            ]
        ], 
        [
            [
                0.932379651579777, 
                0.36147109973646385, 
                0.00261279707155374, 
                0.2431611134944939
            ], 
            [
                0.361338555307884, 
                -0.9321916355768612, 
                0.021288508640129666, 
                0.0885599022680738
            ], 
            [
                0.0101308, 
                -0.01890486999999988, 
                -0.99976996, 
                0.0536968773213752
            ], 
            [
                0.0, 
                0.0, 
                0.0, 
                1.0
            ]
        ], 
        [
            [
                0.932379651579777, 
                0.36147109973646385, 
                0.00261279707155374, 
                -0.138047245719689
            ], 
            [
                0.361338555307884, 
                -0.9321916355768612, 
                0.021288508640129666, 
                -0.06237116433264438
            ], 
            [
                0.0101308, 
                -0.01890486999999988, 
                -0.99976996, 
                0.0536968773213752
            ], 
            [
                0.0, 
                0.0, 
                0.0, 
                1.0
            ]
        ], 
        [
            [
                0.932379651579777, 
                0.36147109973646385, 
                0.00261279707155374, 
                -0.138047245719689
            ], 
            [
                0.361338555307884, 
                -0.9321916355768612, 
                0.021288508640129666, 
                -0.06237116433264438
            ], 
            [
                0.0101308, 
                -0.01890486999999988, 
                -0.99976996, 
                0.1536968773213752
            ], 
            [
                0.0, 
                0.0, 
                0.0, 
                1.0
            ]
        ]
    ], 
    "Teffectivestart_unhoveringstart": [
        [
            0.9999999993406551, 
            -2.297989549158195e-09, 
            8.269139796505118e-09, 
            -0.35997201719999994
        ], 
        [
            -2.297989549158195e-09, 
            0.9999999954938692, 
            2.066313204951218e-09, 
            0.002547107999999996
        ], 
        [
            8.269139796505118e-09, 
            2.066313204951218e-09, 
            1.0000000002270595, 
            -0.0036958103999999922
        ], 
        [
            0.0, 
            0.0, 
            0.0, 
            1.0
        ]
    ], 
    "raw sample file path": "learned_samples/ur/simulator/pointcloud/push/plunger/meiying_tool_target/raw/raw_sample_12.txt", 
    "trajectory_thetas": [
        0.35999999919901043
    ], 
    "tool": "plunger", 
    "Tworld_goalend": [
        [
            0.9999999999999999, 
            -1.3361886740378004e-17, 
            0.0, 
            -0.3347195349197704
        ], 
        [
            -1.3361886740378004e-17, 
            0.9999999999999999, 
            0.0, 
            -0.13252483896648426
        ], 
        [
            0.0, 
            0.0, 
            1.0, 
            0.0
        ], 
        [
            0.0, 
            0.0, 
            0.0, 
            1.0
        ]
    ], 
    "Tworld_toolend": [
        [
            0.9323796515797771, 
            0.3614710997364639, 
            0.002612797071553741, 
            -0.13804724571968902
        ], 
        [
            0.36133855530788406, 
            -0.9321916355768614, 
            0.02128850864012967, 
            -0.062371164332644384
        ], 
        [
            0.0101308, 
            -0.01890486999999988, 
            -0.99976996, 
            0.0536968773213752
        ], 
        [
            0.0, 
            0.0, 
            0.0, 
            1.0
        ]
    ], 
    "hovering_start": [
        [
            0.932379651579777, 
            0.36147109973646385, 
            0.00261279707155374, 
            0.2431611134944939
        ], 
        [
            0.361338555307884, 
            -0.9321916355768612, 
            0.021288508640129666, 
            0.0885599022680738
        ], 
        [
            0.0101308, 
            -0.01890486999999988, 
            -0.99976996, 
            0.1536968773213752
        ], 
        [
            0.0, 
            0.0, 
            0.0, 
            1.0
        ]
    ], 
    "v_start_tool_frame": [
        -0.9999222700664936, 
        0.007075303951458078, 
        -0.010266153080131327
    ], 
    "task": "push", 
    "unhovering_start": [
        [
            0.932379651579777, 
            0.36147109973646385, 
            0.00261279707155374, 
            -0.138047245719689
        ], 
        [
            0.361338555307884, 
            -0.9321916355768612, 
            0.021288508640129666, 
            -0.06237116433264438
        ], 
        [
            0.0101308, 
            -0.01890486999999988, 
            -0.99976996, 
            0.0536968773213752
        ], 
        [
            0.0, 
            0.0, 
            0.0, 
            1.0
        ]
    ], 
    "Teffectivestart_hoveringend": [
        [
            0.9999999993406551, 
            -2.297989549158195e-09, 
            8.269139796505118e-09, 
            0.049996113499999856
        ], 
        [
            -2.297989549158195e-09, 
            0.9999999954938692, 
            2.066313204951218e-09, 
            -0.00035376500000000154
        ], 
        [
            8.269139796505118e-09, 
            2.066313204951218e-09, 
            1.0000000002270595, 
            0.0005133070000000045
        ], 
        [
            0.0, 
            0.0, 
            0.0, 
            1.0
        ]
    ], 
    "Tworld_toolstart": [
        [
            0.9323796515797769, 
            0.3614710997364638, 
            0.002612797071553739, 
            0.19667228844744317
        ], 
        [
            0.36133855530788395, 
            -0.9321916355768611, 
            0.021288508640129662, 
            0.07015367502996368
        ], 
        [
            0.0101308, 
            -0.01890486999999988, 
            -0.99976996, 
            0.05369687559905617
        ], 
        [
            0.0, 
            0.0, 
            0.0, 
            1.0
        ]
    ], 
    "unhovering_end": [
        [
            0.932379651579777, 
            0.36147109973646385, 
            0.00261279707155374, 
            -0.138047245719689
        ], 
        [
            0.361338555307884, 
            -0.9321916355768612, 
            0.021288508640129666, 
            -0.06237116433264438
        ], 
        [
            0.0101308, 
            -0.01890486999999988, 
            -0.99976996, 
            0.1536968773213752
        ], 
        [
            0.0, 
            0.0, 
            0.0, 
            1.0
        ]
    ], 
    "trajectory_screw_axes": [
        [
            -0.0, 
            -0.0, 
            -0.0, 
            0.9999222700664936, 
            -0.007075303951458078, 
            0.010266153080131327
        ]
    ]
}