{
    "Tworld_goalstart": [
        [
            0.9999999999999999, 
            2.3403806471734454e-17, 
            0.0, 
            0.0
        ], 
        [
            2.3403806471734454e-17, 
            0.9999999999999999, 
            0.0, 
            0.0
        ], 
        [
            0.0, 
            0.0, 
            1.0, 
            0.0
        ], 
        [
            0.0, 
            0.0, 
            0.0, 
            1.0
        ]
    ], 
    "Teffectivestart_hoveringstart": [
        [
            0.999999999340655, 
            -2.297989377528991e-09, 
            8.269139796505118e-09, 
            0.05100919349999988
        ], 
        [
            -2.297989377528991e-09, 
            0.9999999954938693, 
            2.066313208420665e-09, 
            -0.002244251999999987
        ], 
        [
            8.269139796505118e-09, 
            2.066313208420665e-09, 
            1.0000000002270595, 
            -0.099463689
        ], 
        [
            0.0, 
            0.0, 
            0.0, 
            1.0
        ]
    ], 
    "hovering_end": [
        [
            -0.5296487808816555, 
            0.8479470290097089, 
            -0.021401019974240376, 
            -0.13255511202643427
        ], 
        [
            0.8481565510815743, 
            0.5297437468982152, 
            -0.0014225514824285465, 
            0.22225959075205817
        ], 
        [
            0.0101308, 
            -0.01890486999999988, 
            -0.99976996, 
            0.0536968773213752
        ], 
        [
            0.0, 
            0.0, 
            0.0, 
            1.0
        ]
    ], 
    "sample file path": "learned_samples/ur/simulator/pointcloud/push/plunger/meiying_tool_target/sample/sample_5.txt", 
    "v_start_goal_frame": [
        0.5358268025483159, 
        -0.8443279204274777, 
        2.791718176423097e-08
    ], 
    "Teffectiveend_unhoveringend": [
        [
            0.999999999340655, 
            -2.297989377528991e-09, 
            8.269139796505118e-09, 
            0.0010130799999999995
        ], 
        [
            -2.297989377528991e-09, 
            0.9999999954938693, 
            2.066313208420665e-09, 
            -0.001890486999999988
        ], 
        [
            8.269139796505118e-09, 
            2.066313208420665e-09, 
            1.0000000002270595, 
            -0.09997699600000001
        ], 
        [
            0.0, 
            0.0, 
            0.0, 
            1.0
        ]
    ], 
    "task_type": "pose_change", 
    "goal": "meiying_tool_target", 
    "trajectory": [
        [
            [
                0.999999999340655, 
                -2.297989377528991e-09, 
                8.269139796505118e-09, 
                -2.7755575615628914e-17
            ], 
            [
                -2.297989377528991e-09, 
                0.9999999954938693, 
                2.066313208420665e-09, 
                -6.938893903907228e-18
            ], 
            [
                8.269139796505118e-09, 
                2.066313208420665e-09, 
                1.0000000002270595, 
                6.938893903907228e-18
            ], 
            [
                0.0, 
                0.0, 
                0.0, 
                1.0
            ]
        ], 
        [
            [
                0.999999999340655, 
                -2.297989377528991e-09, 
                8.269139796505118e-09, 
                -0.14998833992394178
            ], 
            [
                -2.297989377528991e-09, 
                0.9999999954938693, 
                2.066313208420665e-09, 
                0.0010612956087600054
            ], 
            [
                8.269139796505118e-09, 
                2.066313208420665e-09, 
                1.0000000002270595, 
                -0.001539922728389223
            ], 
            [
                0.0, 
                0.0, 
                0.0, 
                1.0
            ]
        ]
    ], 
    "tool_contact_area_index": [
        660, 
        661, 
        662, 
        879, 
        1127, 
        1130, 
        1132, 
        1133, 
        1378, 
        1380, 
        1381, 
        1382, 
        1383, 
        1384, 
        1385, 
        1386, 
        1387, 
        1388, 
        1389, 
        1390, 
        1391, 
        1392, 
        1393, 
        1394, 
        1395, 
        1396, 
        1638, 
        1639, 
        1640, 
        1641, 
        1642, 
        1643, 
        1644, 
        1645, 
        1646, 
        1647, 
        1648, 
        1649, 
        1650, 
        1651, 
        1652, 
        1653, 
        1654, 
        1655, 
        1656, 
        1657, 
        1658, 
        1659, 
        1660, 
        1661, 
        1662, 
        1663, 
        1664, 
        1665, 
        1666, 
        1669, 
        1943, 
        1944, 
        1945, 
        1946, 
        1947, 
        1948, 
        1949, 
        1950, 
        1951, 
        1952, 
        1953, 
        1954, 
        1955, 
        1956, 
        1957, 
        1958, 
        1959, 
        1960, 
        1961, 
        1962, 
        1963, 
        1964, 
        1965, 
        1966, 
        1967, 
        1968, 
        1969, 
        1970, 
        1971, 
        1972, 
        1973, 
        1974, 
        1975, 
        1976, 
        1977, 
        2308, 
        2309, 
        2310, 
        2311, 
        2312, 
        2313, 
        2314, 
        2315, 
        2316, 
        2317, 
        2318, 
        2319, 
        2320, 
        2321, 
        2322, 
        2323, 
        2324, 
        2325, 
        2326, 
        2327, 
        2328, 
        2329, 
        2330, 
        2335, 
        2673, 
        2674, 
        2675, 
        2676, 
        2677, 
        2678, 
        2680, 
        2681, 
        2682, 
        2683, 
        2684, 
        2685, 
        2687, 
        2688, 
        2693, 
        2694, 
        2695, 
        2696, 
        2698, 
        3041, 
        3042, 
        3044, 
        3045
    ], 
    "v_start_world_frame": [
        0.535826802548316, 
        -0.8443279204274778, 
        2.791718176423097e-08
    ], 
    "Ttool_goal": [
        [
            -0.5296487808816555, 
            0.8481565510815743, 
            0.0101308, 
            -0.2092664602462675
        ], 
        [
            0.8479470290097089, 
            0.5297437468982152, 
            -0.01890486999999988, 
            -0.0046795474810285885
        ], 
        [
            -0.021401019974240376, 
            -0.0014225514824285465, 
            -0.99976996, 
            0.0516771930018591
        ], 
        [
            0.0, 
            0.0, 
            0.0, 
            1.0
        ]
    ], 
    "tool_trajectory_world_frame": [
        [
            [
                -0.5296487808816556, 
                0.847947029009709, 
                -0.02140101997424038, 
                -0.1325551120264343
            ], 
            [
                0.8481565510815744, 
                0.5297437468982152, 
                -0.001422551482428546, 
                0.2222595907520582
            ], 
            [
                0.0101308, 
                -0.01890486999999988, 
                -0.99976996, 
                0.1536968773213752
            ], 
            [
                0.0, 
                0.0, 
                0.0, 
                1.0
            ]
        ], 
        [
            [
                -0.5296487808816556, 
                0.847947029009709, 
                -0.02140101997424038, 
                -0.1325551120264343
            ], 
            [
                0.8481565510815744, 
                0.5297437468982152, 
                -0.001422551482428546, 
                0.2222595907520582
            ], 
            [
                0.0101308, 
                -0.01890486999999988, 
                -0.99976996, 
                0.0536968773213752
            ], 
            [
                0.0, 
                0.0, 
                0.0, 
                1.0
            ]
        ], 
        [
            [
                -0.5296487808816556, 
                0.847947029009709, 
                -0.02140101997424038, 
                -0.025389753030634985
            ], 
            [
                0.8481565510815744, 
                0.5297437468982152, 
                -0.001422551482428546, 
                0.05339400565165521
            ], 
            [
                0.0101308, 
                -0.01890486999999988, 
                -0.99976996, 
                0.0536968773213752
            ], 
            [
                0.0, 
                0.0, 
                0.0, 
                1.0
            ]
        ], 
        [
            [
                -0.5296487808816556, 
                0.847947029009709, 
                -0.02140101997424038, 
                -0.025389753030634985
            ], 
            [
                0.8481565510815744, 
                0.5297437468982152, 
                -0.001422551482428546, 
                0.05339400565165521
            ], 
            [
                0.0101308, 
                -0.01890486999999988, 
                -0.99976996, 
                0.1536968773213752
            ], 
            [
                0.0, 
                0.0, 
                0.0, 
                1.0
            ]
        ]
    ], 
    "goal_contact_area_index": [
        1153, 
        1155, 
        1157, 
        1172, 
        1182, 
        1183, 
        1186, 
        1280, 
        1284, 
        1288, 
        1289, 
        1290, 
        1291, 
        1292, 
        1295, 
        1299, 
        1305, 
        1306, 
        1307, 
        1308, 
        1309, 
        1310, 
        1311, 
        1312, 
        1313, 
        1316, 
        1318, 
        1319, 
        1320, 
        1321, 
        1322, 
        1388, 
        1389, 
        1390, 
        1391, 
        1392, 
        1393, 
        1394, 
        1397, 
        1398, 
        1400, 
        1401, 
        1402, 
        1403, 
        1404, 
        1405, 
        1406, 
        1407, 
        1408, 
        1409, 
        1410, 
        1412, 
        1413, 
        1414, 
        1416, 
        1417, 
        1418, 
        1419, 
        1420, 
        1421, 
        1422, 
        1423, 
        1424, 
        1425, 
        1426, 
        1427, 
        1428, 
        1429, 
        1430, 
        1431, 
        1432, 
        1434, 
        1570, 
        1578, 
        1599, 
        1600, 
        1601, 
        1602, 
        1603, 
        1604, 
        1605, 
        1606, 
        1607, 
        1608, 
        1609, 
        1610, 
        1611, 
        1612, 
        1613, 
        1614, 
        1615, 
        1616, 
        1617, 
        1619, 
        1620, 
        1621, 
        1622, 
        1639, 
        1641, 
        1642, 
        1643, 
        1644, 
        1645, 
        1646, 
        1647, 
        1648, 
        1650, 
        1651, 
        1652, 
        1653, 
        1657, 
        1658, 
        1662, 
        1664, 
        1665, 
        1667, 
        1934
    ], 
    "changing_point": [
        1, 
        -2
    ], 
    "tool_trajectory_goal_frame": [
        [
            [
                -0.5296487808816555, 
                0.8479470290097089, 
                -0.021401019974240376, 
                -0.13255511202643427
            ], 
            [
                0.8481565510815743, 
                0.5297437468982152, 
                -0.0014225514824285465, 
                0.22225959075205817
            ], 
            [
                0.0101308, 
                -0.01890486999999988, 
                -0.99976996, 
                0.1536968773213752
            ], 
            [
                0.0, 
                0.0, 
                0.0, 
                1.0
            ]
        ], 
        [
            [
                -0.5296487808816555, 
                0.8479470290097089, 
                -0.021401019974240376, 
                -0.13255511202643427
            ], 
            [
                0.8481565510815743, 
                0.5297437468982152, 
                -0.0014225514824285465, 
                0.22225959075205817
            ], 
            [
                0.0101308, 
                -0.01890486999999988, 
                -0.99976996, 
                0.0536968773213752
            ], 
            [
                0.0, 
                0.0, 
                0.0, 
                1.0
            ]
        ], 
        [
            [
                -0.5296487808816555, 
                0.8479470290097089, 
                -0.021401019974240376, 
                -0.02538975303063498
            ], 
            [
                0.8481565510815743, 
                0.5297437468982152, 
                -0.0014225514824285465, 
                0.0533940056516552
            ], 
            [
                0.0101308, 
                -0.01890486999999988, 
                -0.99976996, 
                0.0536968773213752
            ], 
            [
                0.0, 
                0.0, 
                0.0, 
                1.0
            ]
        ], 
        [
            [
                -0.5296487808816555, 
                0.8479470290097089, 
                -0.021401019974240376, 
                -0.02538975303063498
            ], 
            [
                0.8481565510815743, 
                0.5297437468982152, 
                -0.0014225514824285465, 
                0.0533940056516552
            ], 
            [
                0.0101308, 
                -0.01890486999999988, 
                -0.99976996, 
                0.1536968773213752
            ], 
            [
                0.0, 
                0.0, 
                0.0, 
                1.0
            ]
        ]
    ], 
    "Teffectivestart_unhoveringstart": [
        [
            0.999999999340655, 
            -2.297989377528991e-09, 
            8.269139796505118e-09, 
            -0.1499883405
        ], 
        [
            -2.297989377528991e-09, 
            0.9999999954938693, 
            2.066313208420665e-09, 
            0.0010612949999999934
        ], 
        [
            8.269139796505118e-09, 
            2.066313208420665e-09, 
            1.0000000002270595, 
            -0.0015399209999999997
        ], 
        [
            0.0, 
            0.0, 
            0.0, 
            1.0
        ]
    ], 
    "raw sample file path": "learned_samples/ur/simulator/pointcloud/push/plunger/meiying_tool_target/raw/raw_sample_5.txt", 
    "trajectory_thetas": [
        0.14999999934310965
    ], 
    "tool": "plunger", 
    "Tworld_goalend": [
        [
            0.9999999999999999, 
            2.3403806471734454e-17, 
            0.0, 
            0.08037401924684948
        ], 
        [
            2.3403806471734454e-17, 
            0.9999999999999999, 
            0.0, 
            -0.12664918882530227
        ], 
        [
            0.0, 
            0.0, 
            1.0, 
            0.0
        ], 
        [
            0.0, 
            0.0, 
            0.0, 
            1.0
        ]
    ], 
    "Tworld_toolend": [
        [
            -0.5296487808816556, 
            0.847947029009709, 
            -0.02140101997424038, 
            -0.025389753030634985
        ], 
        [
            0.8481565510815744, 
            0.5297437468982152, 
            -0.001422551482428546, 
            0.05339400565165521
        ], 
        [
            0.0101308, 
            -0.01890486999999988, 
            -0.99976996, 
            0.0536968773213752
        ], 
        [
            0.0, 
            0.0, 
            0.0, 
            1.0
        ]
    ], 
    "hovering_start": [
        [
            -0.5296487808816555, 
            0.8479470290097089, 
            -0.021401019974240376, 
            -0.13255511202643427
        ], 
        [
            0.8481565510815743, 
            0.5297437468982152, 
            -0.0014225514824285465, 
            0.22225959075205817
        ], 
        [
            0.0101308, 
            -0.01890486999999988, 
            -0.99976996, 
            0.1536968773213752
        ], 
        [
            0.0, 
            0.0, 
            0.0, 
            1.0
        ]
    ], 
    "v_start_tool_frame": [
        -0.9999222699803979, 
        0.0070753063341001685, 
        -0.010266159823761379
    ], 
    "task": "push", 
    "unhovering_start": [
        [
            -0.5296487808816555, 
            0.8479470290097089, 
            -0.021401019974240376, 
            -0.02538975303063498
        ], 
        [
            0.8481565510815743, 
            0.5297437468982152, 
            -0.0014225514824285465, 
            0.0533940056516552
        ], 
        [
            0.0101308, 
            -0.01890486999999988, 
            -0.99976996, 
            0.0536968773213752
        ], 
        [
            0.0, 
            0.0, 
            0.0, 
            1.0
        ]
    ], 
    "Teffectivestart_hoveringend": [
        [
            0.999999999340655, 
            -2.297989377528991e-09, 
            8.269139796505118e-09, 
            0.049996113499999884
        ], 
        [
            -2.297989377528991e-09, 
            0.9999999954938693, 
            2.066313208420665e-09, 
            -0.00035376499999999894
        ], 
        [
            8.269139796505118e-09, 
            2.066313208420665e-09, 
            1.0000000002270595, 
            0.0005133069999999976
        ], 
        [
            0.0, 
            0.0, 
            0.0, 
            1.0
        ]
    ], 
    "Tworld_toolstart": [
        [
            -0.5296487808816553, 
            0.8479470290097088, 
            -0.021401019974240373, 
            -0.10576377252556148
        ], 
        [
            0.8481565510815742, 
            0.5297437468982152, 
            -0.001422551482428547, 
            0.18004319366342433
        ], 
        [
            0.0101308, 
            -0.01890486999999988, 
            -0.99976996, 
            0.053696875599056164
        ], 
        [
            0.0, 
            0.0, 
            0.0, 
            1.0
        ]
    ], 
    "unhovering_end": [
        [
            -0.5296487808816555, 
            0.8479470290097089, 
            -0.021401019974240376, 
            -0.02538975303063498
        ], 
        [
            0.8481565510815743, 
            0.5297437468982152, 
            -0.0014225514824285465, 
            0.0533940056516552
        ], 
        [
            0.0101308, 
            -0.01890486999999988, 
            -0.99976996, 
            0.1536968773213752
        ], 
        [
            0.0, 
            0.0, 
            0.0, 
            1.0
        ]
    ], 
    "trajectory_screw_axes": [
        [
            -0.0, 
            -0.0, 
            -0.0, 
            0.9999222699803979, 
            -0.0070753063341001685, 
            0.010266159823761379
        ]
    ]
}