{
    "Tworld_goalstart": [
        [
            0.9999999999999999, 
            -6.531288339341493e-18, 
            0.0, 
            0.0
        ], 
        [
            -6.531288339341493e-18, 
            1.0, 
            0.0, 
            0.0
        ], 
        [
            0.0, 
            0.0, 
            1.0, 
            0.0
        ], 
        [
            0.0, 
            0.0, 
            0.0, 
            1.0
        ]
    ], 
    "Teffectivestart_hoveringstart": [
        [
            0.9999999993406553, 
            -2.2979895539015794e-09, 
            8.269139799974565e-09, 
            0.05100919349999983
        ], 
        [
            -2.2979895539015794e-09, 
            0.9999999954938694, 
            2.066313201481771e-09, 
            -0.002244252
        ], 
        [
            8.269139799974565e-09, 
            2.066313201481771e-09, 
            1.0000000002270595, 
            -0.099463689
        ], 
        [
            0.0, 
            0.0, 
            0.0, 
            1.0
        ]
    ], 
    "hovering_end": [
        [
            -0.9703152890869594, 
            -0.2417862001604095, 
            -0.005260352011869019, 
            -0.25234321440128227
        ], 
        [
            -0.24163113623063084, 
            0.9701453678682092, 
            -0.02079317208530774, 
            -0.05738541235576701
        ], 
        [
            0.0101308, 
            -0.01890486999999988, 
            -0.99976996, 
            0.0536968773213752
        ], 
        [
            0.0, 
            0.0, 
            0.0, 
            1.0
        ]
    ], 
    "sample file path": "learned_samples/ur/simulator/pointcloud/push/plunger/meiying_tool_target/sample/sample_25.txt", 
    "v_start_goal_frame": [
        0.9685831594974939, 
        0.24868989259797863, 
        1.873148017771109e-08
    ], 
    "Teffectiveend_unhoveringend": [
        [
            0.9999999993406553, 
            -2.2979895539015794e-09, 
            8.269139799974565e-09, 
            0.0010130799999999995
        ], 
        [
            -2.2979895539015794e-09, 
            0.9999999954938694, 
            2.066313201481771e-09, 
            -0.0018904869999999963
        ], 
        [
            8.269139799974565e-09, 
            2.066313201481771e-09, 
            1.0000000002270595, 
            -0.09997699600000001
        ], 
        [
            0.0, 
            0.0, 
            0.0, 
            1.0
        ]
    ], 
    "task_type": "pose_change", 
    "goal": "meiying_tool_target", 
    "trajectory": [
        [
            [
                0.9999999993406553, 
                -2.2979895539015794e-09, 
                8.269139799974565e-09, 
                0.0
            ], 
            [
                -2.2979895539015794e-09, 
                0.9999999954938694, 
                2.066313201481771e-09, 
                -1.734723475976807e-18
            ], 
            [
                8.269139799974565e-09, 
                2.066313201481771e-09, 
                1.0000000002270595, 
                6.938893903907228e-18
            ], 
            [
                0.0, 
                0.0, 
                0.0, 
                1.0
            ]
        ], 
        [
            [
                0.9999999993406553, 
                -2.2979895539015794e-09, 
                8.269139799974565e-09, 
                -0.7499417019239417
            ], 
            [
                -2.2979895539015794e-09, 
                0.9999999954938694, 
                2.066313201481771e-09, 
                0.005306475608760096
            ], 
            [
                8.269139799974565e-09, 
                2.066313201481771e-09, 
                1.0000000002270595, 
                -0.007699606728389215
            ], 
            [
                0.0, 
                0.0, 
                0.0, 
                1.0
            ]
        ]
    ], 
    "tool_contact_area_index": [
        1132, 
        1133, 
        1396, 
        1657, 
        2321, 
        2322, 
        2323, 
        2324, 
        2329, 
        2693, 
        2694, 
        2695
    ], 
    "v_start_world_frame": [
        0.968583159497494, 
        0.24868989259797863, 
        1.873148017771109e-08
    ], 
    "Ttool_goal": [
        [
            -0.9703152890869594, 
            -0.24163113623063084, 
            0.0101308, 
            -0.2092664602462676
        ], 
        [
            -0.2417862001604095, 
            0.9701453678682092, 
            -0.01890486999999988, 
            -0.004679547481028577
        ], 
        [
            -0.005260352011869019, 
            -0.02079317208530774, 
            -0.99976996, 
            0.051677193001859106
        ], 
        [
            0.0, 
            0.0, 
            0.0, 
            1.0
        ]
    ], 
    "tool_trajectory_world_frame": [
        [
            [
                -0.9703152890869595, 
                -0.24178620016040953, 
                -0.00526035201186902, 
                -0.2523432144012823
            ], 
            [
                -0.24163113623063084, 
                0.9701453678682092, 
                -0.02079317208530774, 
                -0.05738541235576701
            ], 
            [
                0.0101308, 
                -0.01890486999999988, 
                -0.99976996, 
                0.1536968773213752
            ], 
            [
                0.0, 
                0.0, 
                0.0, 
                1.0
            ]
        ], 
        [
            [
                -0.9703152890869595, 
                -0.24178620016040953, 
                -0.00526035201186902, 
                -0.2523432144012823
            ], 
            [
                -0.24163113623063084, 
                0.9701453678682092, 
                -0.02079317208530774, 
                -0.05738541235576701
            ], 
            [
                0.0101308, 
                -0.01890486999999988, 
                -0.99976996, 
                0.0536968773213752
            ], 
            [
                0.0, 
                0.0, 
                0.0, 
                1.0
            ]
        ], 
        [
            [
                -0.9703152890869595, 
                -0.24178620016040953, 
                -0.00526035201186902, 
                0.522523314501623
            ], 
            [
                -0.24163113623063084, 
                0.9701453678682092, 
                -0.02079317208530774, 
                0.1415664973761152
            ], 
            [
                0.0101308, 
                -0.01890486999999988, 
                -0.99976996, 
                0.0536968773213752
            ], 
            [
                0.0, 
                0.0, 
                0.0, 
                1.0
            ]
        ], 
        [
            [
                -0.9703152890869595, 
                -0.24178620016040953, 
                -0.00526035201186902, 
                0.522523314501623
            ], 
            [
                -0.24163113623063084, 
                0.9701453678682092, 
                -0.02079317208530774, 
                0.1415664973761152
            ], 
            [
                0.0101308, 
                -0.01890486999999988, 
                -0.99976996, 
                0.1536968773213752
            ], 
            [
                0.0, 
                0.0, 
                0.0, 
                1.0
            ]
        ]
    ], 
    "goal_contact_area_index": [
        5652, 
        5868, 
        5869, 
        5877, 
        5878
    ], 
    "changing_point": [
        1, 
        -2
    ], 
    "tool_trajectory_goal_frame": [
        [
            [
                -0.9703152890869594, 
                -0.2417862001604095, 
                -0.005260352011869019, 
                -0.25234321440128227
            ], 
            [
                -0.24163113623063084, 
                0.9701453678682092, 
                -0.02079317208530774, 
                -0.05738541235576701
            ], 
            [
                0.0101308, 
                -0.01890486999999988, 
                -0.99976996, 
                0.1536968773213752
            ], 
            [
                0.0, 
                0.0, 
                0.0, 
                1.0
            ]
        ], 
        [
            [
                -0.9703152890869594, 
                -0.2417862001604095, 
                -0.005260352011869019, 
                -0.25234321440128227
            ], 
            [
                -0.24163113623063084, 
                0.9701453678682092, 
                -0.02079317208530774, 
                -0.05738541235576701
            ], 
            [
                0.0101308, 
                -0.01890486999999988, 
                -0.99976996, 
                0.0536968773213752
            ], 
            [
                0.0, 
                0.0, 
                0.0, 
                1.0
            ]
        ], 
        [
            [
                -0.9703152890869594, 
                -0.2417862001604095, 
                -0.005260352011869019, 
                0.5225233145016229
            ], 
            [
                -0.24163113623063084, 
                0.9701453678682092, 
                -0.02079317208530774, 
                0.1415664973761152
            ], 
            [
                0.0101308, 
                -0.01890486999999988, 
                -0.99976996, 
                0.0536968773213752
            ], 
            [
                0.0, 
                0.0, 
                0.0, 
                1.0
            ]
        ], 
        [
            [
                -0.9703152890869594, 
                -0.2417862001604095, 
                -0.005260352011869019, 
                0.5225233145016229
            ], 
            [
                -0.24163113623063084, 
                0.9701453678682092, 
                -0.02079317208530774, 
                0.1415664973761152
            ], 
            [
                0.0101308, 
                -0.01890486999999988, 
                -0.99976996, 
                0.1536968773213752
            ], 
            [
                0.0, 
                0.0, 
                0.0, 
                1.0
            ]
        ]
    ], 
    "Teffectivestart_unhoveringstart": [
        [
            0.9999999993406553, 
            -2.2979895539015794e-09, 
            8.269139799974565e-09, 
            -0.7499417024999999
        ], 
        [
            -2.2979895539015794e-09, 
            0.9999999954938694, 
            2.066313201481771e-09, 
            0.00530647500000004
        ], 
        [
            8.269139799974565e-09, 
            2.066313201481771e-09, 
            1.0000000002270595, 
            -0.007699604999999991
        ], 
        [
            0.0, 
            0.0, 
            0.0, 
            1.0
        ]
    ], 
    "raw sample file path": "learned_samples/ur/simulator/pointcloud/push/plunger/meiying_tool_target/raw/raw_sample_25.txt", 
    "trajectory_thetas": [
        0.7499999989313978
    ], 
    "tool": "plunger", 
    "Tworld_goalend": [
        [
            0.9999999999999999, 
            -6.531288339341493e-18, 
            0.0, 
            0.7264373708464738
        ], 
        [
            -6.531288339341493e-18, 
            1.0, 
            0.0, 
            0.18651741537363958
        ], 
        [
            0.0, 
            0.0, 
            1.0, 
            0.0
        ], 
        [
            0.0, 
            0.0, 
            0.0, 
            1.0
        ]
    ], 
    "Tworld_toolend": [
        [
            -0.9703152890869595, 
            -0.24178620016040953, 
            -0.00526035201186902, 
            0.522523314501623
        ], 
        [
            -0.24163113623063084, 
            0.9701453678682092, 
            -0.02079317208530774, 
            0.1415664973761152
        ], 
        [
            0.0101308, 
            -0.01890486999999988, 
            -0.99976996, 
            0.0536968773213752
        ], 
        [
            0.0, 
            0.0, 
            0.0, 
            1.0
        ]
    ], 
    "hovering_start": [
        [
            -0.9703152890869594, 
            -0.2417862001604095, 
            -0.005260352011869019, 
            -0.25234321440128227
        ], 
        [
            -0.24163113623063084, 
            0.9701453678682092, 
            -0.02079317208530774, 
            -0.05738541235576701
        ], 
        [
            0.0101308, 
            -0.01890486999999988, 
            -0.99976996, 
            0.1536968773213752
        ], 
        [
            0.0, 
            0.0, 
            0.0, 
            1.0
        ]
    ], 
    "v_start_tool_frame": [
        -0.999922270098472, 
        0.007075303066476678, 
        -0.010266150575354476
    ], 
    "task": "push", 
    "unhovering_start": [
        [
            -0.9703152890869594, 
            -0.2417862001604095, 
            -0.005260352011869019, 
            0.5225233145016229
        ], 
        [
            -0.24163113623063084, 
            0.9701453678682092, 
            -0.02079317208530774, 
            0.1415664973761152
        ], 
        [
            0.0101308, 
            -0.01890486999999988, 
            -0.99976996, 
            0.0536968773213752
        ], 
        [
            0.0, 
            0.0, 
            0.0, 
            1.0
        ]
    ], 
    "Teffectivestart_hoveringend": [
        [
            0.9999999993406553, 
            -2.2979895539015794e-09, 
            8.269139799974565e-09, 
            0.04999611349999983
        ], 
        [
            -2.2979895539015794e-09, 
            0.9999999954938694, 
            2.066313201481771e-09, 
            -0.00035376500000001195
        ], 
        [
            8.269139799974565e-09, 
            2.066313201481771e-09, 
            1.0000000002270595, 
            0.0005133070000000045
        ], 
        [
            0.0, 
            0.0, 
            0.0, 
            1.0
        ]
    ], 
    "Tworld_toolstart": [
        [
            -0.9703152890869593, 
            -0.24178620016040947, 
            -0.005260352011869018, 
            -0.20391405564779486
        ], 
        [
            -0.24163113623063084, 
            0.9701453678682092, 
            -0.02079317208530774, 
            -0.044950918484855246
        ], 
        [
            0.0101308, 
            -0.01890486999999988, 
            -0.99976996, 
            0.05369687559905617
        ], 
        [
            0.0, 
            0.0, 
            0.0, 
            1.0
        ]
    ], 
    "unhovering_end": [
        [
            -0.9703152890869594, 
            -0.2417862001604095, 
            -0.005260352011869019, 
            0.5225233145016229
        ], 
        [
            -0.24163113623063084, 
            0.9701453678682092, 
            -0.02079317208530774, 
            0.1415664973761152
        ], 
        [
            0.0101308, 
            -0.01890486999999988, 
            -0.99976996, 
            0.1536968773213752
        ], 
        [
            0.0, 
            0.0, 
            0.0, 
            1.0
        ]
    ], 
    "trajectory_screw_axes": [
        [
            -0.0, 
            -0.0, 
            -0.0, 
            0.999922270098472, 
            -0.007075303066476678, 
            0.010266150575354476
        ]
    ]
}