{
    "Tworld_goalstart": [
        [
            1.0, 
            0.0, 
            0.0, 
            0.0
        ], 
        [
            0.0, 
            1.0, 
            0.0, 
            0.0
        ], 
        [
            0.0, 
            0.0, 
            1.0, 
            0.0
        ], 
        [
            0.0, 
            0.0, 
            0.0, 
            1.0
        ]
    ], 
    "Teffectivestart_hoveringstart": [
        [
            0.9999999993406554, 
            -2.297989498742794e-09, 
            8.269139801709289e-09, 
            0.051009193499999994
        ], 
        [
            -2.297989498742794e-09, 
            0.9999999954938695, 
            2.066313198012324e-09, 
            -0.002244251999999988
        ], 
        [
            8.269139801709289e-09, 
            2.066313198012324e-09, 
            1.0000000002270595, 
            -0.099463689
        ], 
        [
            0.0, 
            0.0, 
            0.0, 
            1.0
        ]
    ], 
    "hovering_end": [
        [
            -0.99992227, 
            0.0070753000000000005, 
            -0.01026614, 
            -0.2586865600178183
        ], 
        [
            0.00726775, 
            0.99979625, 
            -0.01883171999999988, 
            0.0071726614140523014
        ], 
        [
            0.0101308, 
            -0.01890486999999988, 
            -0.99976996, 
            0.0536968773213752
        ], 
        [
            0.0, 
            0.0, 
            0.0, 
            1.0
        ]
    ], 
    "sample file path": "learned_samples/ur/simulator/pointcloud/push/plunger/meiying_tool_target/sample/sample_1.txt", 
    "v_start_goal_frame": [
        0.999999999771269, 
        2.631996012889687e-08, 
        7.384569044102673e-08
    ], 
    "Teffectiveend_unhoveringend": [
        [
            0.9999999993406554, 
            -2.297989498742794e-09, 
            8.269139801709289e-09, 
            0.0010130799999999995
        ], 
        [
            -2.297989498742794e-09, 
            0.9999999954938695, 
            2.066313198012324e-09, 
            -0.0018904869999999889
        ], 
        [
            8.269139801709289e-09, 
            2.066313198012324e-09, 
            1.0000000002270595, 
            -0.09997699600000001
        ], 
        [
            0.0, 
            0.0, 
            0.0, 
            1.0
        ]
    ], 
    "task_type": "pose_change", 
    "goal": "meiying_tool_target", 
    "trajectory": [
        [
            [
                0.9999999993406554, 
                -2.297989498742794e-09, 
                8.269139801709289e-09, 
                0.0
            ], 
            [
                -2.297989498742794e-09, 
                0.9999999954938695, 
                2.066313198012324e-09, 
                8.673617379884035e-19
            ], 
            [
                8.269139801709289e-09, 
                2.066313198012324e-09, 
                1.0000000002270595, 
                6.938893903907228e-18
            ], 
            [
                0.0, 
                0.0, 
                0.0, 
                1.0
            ]
        ], 
        [
            [
                0.9999999993406554, 
                -2.297989498742794e-09, 
                8.269139801709289e-09, 
                -0.029997667523941784
            ], 
            [
                -2.297989498742794e-09, 
                0.9999999954938695, 
                2.066313198012324e-09, 
                0.00021225960876004608
            ], 
            [
                8.269139801709289e-09, 
                2.066313198012324e-09, 
                1.0000000002270595, 
                -0.00030798592838922334
            ], 
            [
                0.0, 
                0.0, 
                0.0, 
                1.0
            ]
        ]
    ], 
    "tool_contact_area_index": [
        1380, 
        1382, 
        1384, 
        1385, 
        1386, 
        1638, 
        1639, 
        1640, 
        1641, 
        1642, 
        1643, 
        1644, 
        1646, 
        1648, 
        1649, 
        1650, 
        1651, 
        1652, 
        1653, 
        1654, 
        1664, 
        1665, 
        1666, 
        1942, 
        1943, 
        1944, 
        1946, 
        1952, 
        2307, 
        2308, 
        2309, 
        2310, 
        2673
    ], 
    "v_start_world_frame": [
        0.999999999771269, 
        2.631996012889687e-08, 
        7.384569044102673e-08
    ], 
    "Ttool_goal": [
        [
            -0.99992227, 
            0.00726775, 
            0.0101308, 
            -0.2092664602462675
        ], 
        [
            0.0070753000000000005, 
            0.99979625, 
            -0.01890486999999988, 
            -0.004679547481028579
        ], 
        [
            -0.01026614, 
            -0.01883171999999988, 
            -0.99976996, 
            0.0516771930018591
        ], 
        [
            0.0, 
            0.0, 
            0.0, 
            1.0
        ]
    ], 
    "tool_trajectory_world_frame": [
        [
            [
                -0.99992227, 
                0.0070753000000000005, 
                -0.01026614, 
                -0.2586865600178183
            ], 
            [
                0.00726775, 
                0.99979625, 
                -0.01883171999999988, 
                0.0071726614140523014
            ], 
            [
                0.0101308, 
                -0.01890486999999988, 
                -0.99976996, 
                0.1536968773213752
            ], 
            [
                0.0, 
                0.0, 
                0.0, 
                1.0
            ]
        ], 
        [
            [
                -0.99992227, 
                0.0070753000000000005, 
                -0.01026614, 
                -0.2586865600178183
            ], 
            [
                0.00726775, 
                0.99979625, 
                -0.01883171999999988, 
                0.0071726614140523014
            ], 
            [
                0.0101308, 
                -0.01890486999999988, 
                -0.99976996, 
                0.0536968773213752
            ], 
            [
                0.0, 
                0.0, 
                0.0, 
                1.0
            ]
        ], 
        [
            [
                -0.99992227, 
                0.0070753000000000005, 
                -0.01026614, 
                -0.17868656001781832
            ], 
            [
                0.00726775, 
                0.99979625, 
                -0.01883171999999988, 
                0.0071726614140523014
            ], 
            [
                0.0101308, 
                -0.01890486999999988, 
                -0.99976996, 
                0.0536968773213752
            ], 
            [
                0.0, 
                0.0, 
                0.0, 
                1.0
            ]
        ], 
        [
            [
                -0.99992227, 
                0.0070753000000000005, 
                -0.01026614, 
                -0.17868656001781832
            ], 
            [
                0.00726775, 
                0.99979625, 
                -0.01883171999999988, 
                0.0071726614140523014
            ], 
            [
                0.0101308, 
                -0.01890486999999988, 
                -0.99976996, 
                0.1536968773213752
            ], 
            [
                0.0, 
                0.0, 
                0.0, 
                1.0
            ]
        ]
    ], 
    "goal_contact_area_index": [
        2204, 
        2208, 
        2209
    ], 
    "changing_point": [
        1, 
        -2
    ], 
    "tool_trajectory_goal_frame": [
        [
            [
                -0.99992227, 
                0.0070753000000000005, 
                -0.01026614, 
                -0.2586865600178183
            ], 
            [
                0.00726775, 
                0.99979625, 
                -0.01883171999999988, 
                0.0071726614140523014
            ], 
            [
                0.0101308, 
                -0.01890486999999988, 
                -0.99976996, 
                0.1536968773213752
            ], 
            [
                0.0, 
                0.0, 
                0.0, 
                1.0
            ]
        ], 
        [
            [
                -0.99992227, 
                0.0070753000000000005, 
                -0.01026614, 
                -0.2586865600178183
            ], 
            [
                0.00726775, 
                0.99979625, 
                -0.01883171999999988, 
                0.0071726614140523014
            ], 
            [
                0.0101308, 
                -0.01890486999999988, 
                -0.99976996, 
                0.0536968773213752
            ], 
            [
                0.0, 
                0.0, 
                0.0, 
                1.0
            ]
        ], 
        [
            [
                -0.99992227, 
                0.0070753000000000005, 
                -0.01026614, 
                -0.17868656001781832
            ], 
            [
                0.00726775, 
                0.99979625, 
                -0.01883171999999988, 
                0.0071726614140523014
            ], 
            [
                0.0101308, 
                -0.01890486999999988, 
                -0.99976996, 
                0.0536968773213752
            ], 
            [
                0.0, 
                0.0, 
                0.0, 
                1.0
            ]
        ], 
        [
            [
                -0.99992227, 
                0.0070753000000000005, 
                -0.01026614, 
                -0.17868656001781832
            ], 
            [
                0.00726775, 
                0.99979625, 
                -0.01883171999999988, 
                0.0071726614140523014
            ], 
            [
                0.0101308, 
                -0.01890486999999988, 
                -0.99976996, 
                0.1536968773213752
            ], 
            [
                0.0, 
                0.0, 
                0.0, 
                1.0
            ]
        ]
    ], 
    "Teffectivestart_unhoveringstart": [
        [
            0.9999999993406554, 
            -2.297989498742794e-09, 
            8.269139801709289e-09, 
            -0.029997668099999986
        ], 
        [
            -2.297989498742794e-09, 
            0.9999999954938695, 
            2.066313198012324e-09, 
            0.00021225899999999936
        ], 
        [
            8.269139801709289e-09, 
            2.066313198012324e-09, 
            1.0000000002270595, 
            -0.00030798419999999993
        ], 
        [
            0.0, 
            0.0, 
            0.0, 
            1.0
        ]
    ], 
    "raw sample file path": "learned_samples/ur/simulator/pointcloud/push/plunger/meiying_tool_target/raw/raw_sample_1.txt", 
    "trajectory_thetas": [
        0.029999999425452107
    ], 
    "tool": "plunger", 
    "Tworld_goalend": [
        [
            1.0, 
            0.0, 
            0.0, 
            0.03
        ], 
        [
            0.0, 
            1.0, 
            0.0, 
            0.0
        ], 
        [
            0.0, 
            0.0, 
            1.0, 
            0.0
        ], 
        [
            0.0, 
            0.0, 
            0.0, 
            1.0
        ]
    ], 
    "Tworld_toolend": [
        [
            -0.99992227, 
            0.0070753000000000005, 
            -0.01026614, 
            -0.17868656001781832
        ], 
        [
            0.00726775, 
            0.99979625, 
            -0.01883171999999988, 
            0.0071726614140523014
        ], 
        [
            0.0101308, 
            -0.01890486999999988, 
            -0.99976996, 
            0.0536968773213752
        ], 
        [
            0.0, 
            0.0, 
            0.0, 
            1.0
        ]
    ], 
    "hovering_start": [
        [
            -0.99992227, 
            0.0070753000000000005, 
            -0.01026614, 
            -0.2586865600178183
        ], 
        [
            0.00726775, 
            0.99979625, 
            -0.01883171999999988, 
            0.0071726614140523014
        ], 
        [
            0.0101308, 
            -0.01890486999999988, 
            -0.99976996, 
            0.1536968773213752
        ], 
        [
            0.0, 
            0.0, 
            0.0, 
            1.0
        ]
    ], 
    "v_start_tool_frame": [
        -0.9999222693900255, 
        0.007075322672220568, 
        -0.01026620606579667
    ], 
    "task": "push", 
    "unhovering_start": [
        [
            -0.99992227, 
            0.0070753000000000005, 
            -0.01026614, 
            -0.17868656001781832
        ], 
        [
            0.00726775, 
            0.99979625, 
            -0.01883171999999988, 
            0.0071726614140523014
        ], 
        [
            0.0101308, 
            -0.01890486999999988, 
            -0.99976996, 
            0.0536968773213752
        ], 
        [
            0.0, 
            0.0, 
            0.0, 
            1.0
        ]
    ], 
    "Teffectivestart_hoveringend": [
        [
            0.9999999993406554, 
            -2.297989498742794e-09, 
            8.269139801709289e-09, 
            0.049996113499999995
        ], 
        [
            -2.297989498742794e-09, 
            0.9999999954938695, 
            2.066313198012324e-09, 
            -0.0003537649999999998
        ], 
        [
            8.269139801709289e-09, 
            2.066313198012324e-09, 
            1.0000000002270595, 
            0.0005133069999999976
        ], 
        [
            0.0, 
            0.0, 
            0.0, 
            1.0
        ]
    ], 
    "Tworld_toolstart": [
        [
            -0.99992227, 
            0.0070753000000000005, 
            -0.01026614, 
            -0.20868655946385592
        ], 
        [
            0.00726775, 
            0.99979625, 
            -0.01883171999999988, 
            0.007172660768681094
        ], 
        [
            0.0101308, 
            -0.01890486999999988, 
            -0.99976996, 
            0.053696875599056164
        ], 
        [
            0.0, 
            0.0, 
            0.0, 
            1.0
        ]
    ], 
    "unhovering_end": [
        [
            -0.99992227, 
            0.0070753000000000005, 
            -0.01026614, 
            -0.17868656001781832
        ], 
        [
            0.00726775, 
            0.99979625, 
            -0.01883171999999988, 
            0.0071726614140523014
        ], 
        [
            0.0101308, 
            -0.01890486999999988, 
            -0.99976996, 
            0.1536968773213752
        ], 
        [
            0.0, 
            0.0, 
            0.0, 
            1.0
        ]
    ], 
    "trajectory_screw_axes": [
        [
            -0.0, 
            -0.0, 
            -0.0, 
            0.9999222693900255, 
            -0.007075322672220568, 
            0.01026620606579667
        ]
    ]
}