{
    "Tworld_goalstart": [
        [
            1.0000000000000002, 
            4.209444989064144e-18, 
            0.0, 
            0.0
        ], 
        [
            4.209444989064144e-18, 
            1.0, 
            0.0, 
            0.0
        ], 
        [
            0.0, 
            0.0, 
            1.0, 
            0.0
        ], 
        [
            0.0, 
            0.0, 
            0.0, 
            1.0
        ]
    ], 
    "Teffectivestart_hoveringstart": [
        [
            0.9999999993406555, 
            -2.2979896352709525e-09, 
            8.269139805178736e-09, 
            0.05100919350000005
        ], 
        [
            -2.2979896352709525e-09, 
            0.9999999954938698, 
            2.066313194542877e-09, 
            -0.0022442520000000208
        ], 
        [
            8.269139805178736e-09, 
            2.066313194542877e-09, 
            1.0000000002270595, 
            -0.099463689
        ], 
        [
            0.0, 
            0.0, 
            0.0, 
            1.0
        ]
    ], 
    "hovering_end": [
        [
            -0.7239368474608889, 
            0.6895653011854506, 
            -0.020374893410375374, 
            -0.18366436197575975
        ], 
        [
            0.6897918578240868, 
            0.7239767239249972, 
            -0.006700076654325507, 
            0.18231178114880578
        ], 
        [
            0.0101308, 
            -0.01890486999999988, 
            -0.99976996, 
            0.0536968773213752
        ], 
        [
            0.0, 
            0.0, 
            0.0, 
            1.0
        ]
    ], 
    "sample file path": "learned_samples/ur/simulator/pointcloud/push/plunger/meiying_tool_target/sample/sample_4.txt", 
    "v_start_goal_frame": [
        0.7289686342272534, 
        -0.6845470983470717, 
        3.078771350882581e-08
    ], 
    "Teffectiveend_unhoveringend": [
        [
            0.9999999993406555, 
            -2.2979896352709525e-09, 
            8.269139805178736e-09, 
            0.0010130799999999857
        ], 
        [
            -2.2979896352709525e-09, 
            0.9999999954938698, 
            2.066313194542877e-09, 
            -0.0018904869999999906
        ], 
        [
            8.269139805178736e-09, 
            2.066313194542877e-09, 
            1.0000000002270595, 
            -0.09997699600000001
        ], 
        [
            0.0, 
            0.0, 
            0.0, 
            1.0
        ]
    ], 
    "task_type": "pose_change", 
    "goal": "meiying_tool_target", 
    "trajectory": [
        [
            [
                0.9999999993406555, 
                -2.2979896352709525e-09, 
                8.269139805178736e-09, 
                0.0
            ], 
            [
                -2.2979896352709525e-09, 
                0.9999999954938698, 
                2.066313194542877e-09, 
                -3.469446951953614e-18
            ], 
            [
                8.269139805178736e-09, 
                2.066313194542877e-09, 
                1.0000000002270595, 
                6.938893903907228e-18
            ], 
            [
                0.0, 
                0.0, 
                0.0, 
                1.0
            ]
        ], 
        [
            [
                0.9999999993406555, 
                -2.2979896352709525e-09, 
                8.269139805178736e-09, 
                -0.1199906718239418
            ], 
            [
                -2.2979896352709525e-09, 
                0.9999999954938698, 
                2.066313194542877e-09, 
                0.000849036608760045
            ], 
            [
                8.269139805178736e-09, 
                2.066313194542877e-09, 
                1.0000000002270595, 
                -0.0012319385283892231
            ], 
            [
                0.0, 
                0.0, 
                0.0, 
                1.0
            ]
        ]
    ], 
    "tool_contact_area_index": [
        660, 
        880, 
        1128, 
        1129, 
        1131, 
        1132, 
        1133, 
        1373, 
        1374, 
        1375, 
        1380, 
        1381, 
        1382, 
        1383, 
        1384, 
        1385, 
        1386, 
        1387, 
        1388, 
        1389, 
        1390, 
        1392, 
        1393, 
        1394, 
        1395, 
        1397, 
        1638, 
        1639, 
        1640, 
        1641, 
        1642, 
        1643, 
        1644, 
        1645, 
        1646, 
        1647, 
        1648, 
        1649, 
        1650, 
        1651, 
        1652, 
        1653, 
        1654, 
        1655, 
        1656, 
        1657, 
        1658, 
        1659, 
        1660, 
        1661, 
        1662, 
        1663, 
        1942, 
        1943, 
        1944, 
        1945, 
        1946, 
        1947, 
        1948, 
        1949, 
        1950, 
        1951, 
        1952, 
        1953, 
        1954, 
        1955, 
        1956, 
        1957, 
        1958, 
        1959, 
        1960, 
        1961, 
        1962, 
        1963, 
        1964, 
        1965, 
        1966, 
        1967, 
        1968, 
        1969, 
        1970, 
        1971, 
        1972, 
        1973, 
        1974, 
        1975, 
        1976, 
        1978, 
        2307, 
        2308, 
        2309, 
        2310, 
        2311, 
        2312, 
        2313, 
        2314, 
        2315, 
        2316, 
        2317, 
        2318, 
        2319, 
        2320, 
        2321, 
        2322, 
        2323, 
        2324, 
        2325, 
        2326, 
        2327, 
        2328, 
        2329, 
        2673, 
        2674, 
        2675, 
        2676, 
        2677, 
        2678, 
        2679, 
        2680, 
        2681, 
        2682, 
        2683, 
        2684, 
        2686, 
        2687, 
        2688, 
        2693, 
        2694, 
        2695, 
        3041, 
        3042, 
        3045, 
        3047
    ], 
    "v_start_world_frame": [
        0.7289686342272533, 
        -0.6845470983470717, 
        3.078771350882581e-08
    ], 
    "Ttool_goal": [
        [
            -0.7239368474608889, 
            0.6897918578240868, 
            0.0101308, 
            -0.2092664602462675
        ], 
        [
            0.6895653011854506, 
            0.7239767239249972, 
            -0.01890486999999988, 
            -0.004679547481028588
        ], 
        [
            -0.020374893410375374, 
            -0.006700076654325507, 
            -0.99976996, 
            0.0516771930018591
        ], 
        [
            0.0, 
            0.0, 
            0.0, 
            1.0
        ]
    ], 
    "tool_trajectory_world_frame": [
        [
            [
                -0.7239368474608888, 
                0.6895653011854505, 
                -0.02037489341037537, 
                -0.18366436197575972
            ], 
            [
                0.6897918578240868, 
                0.7239767239249972, 
                -0.006700076654325507, 
                0.18231178114880578
            ], 
            [
                0.0101308, 
                -0.01890486999999988, 
                -0.99976996, 
                0.1536968773213752
            ], 
            [
                0.0, 
                0.0, 
                0.0, 
                1.0
            ]
        ], 
        [
            [
                -0.7239368474608888, 
                0.6895653011854505, 
                -0.02037489341037537, 
                -0.18366436197575972
            ], 
            [
                0.6897918578240868, 
                0.7239767239249972, 
                -0.006700076654325507, 
                0.18231178114880578
            ], 
            [
                0.0101308, 
                -0.01890486999999988, 
                -0.99976996, 
                0.0536968773213752
            ], 
            [
                0.0, 
                0.0, 
                0.0, 
                1.0
            ]
        ], 
        [
            [
                -0.7239368474608888, 
                0.6895653011854505, 
                -0.02037489341037537, 
                -0.05973969531411978
            ], 
            [
                0.6897918578240868, 
                0.7239767239249972, 
                -0.006700076654325507, 
                0.06593877314092872
            ], 
            [
                0.0101308, 
                -0.01890486999999988, 
                -0.99976996, 
                0.0536968773213752
            ], 
            [
                0.0, 
                0.0, 
                0.0, 
                1.0
            ]
        ], 
        [
            [
                -0.7239368474608888, 
                0.6895653011854505, 
                -0.02037489341037537, 
                -0.05973969531411978
            ], 
            [
                0.6897918578240868, 
                0.7239767239249972, 
                -0.006700076654325507, 
                0.06593877314092872
            ], 
            [
                0.0101308, 
                -0.01890486999999988, 
                -0.99976996, 
                0.1536968773213752
            ], 
            [
                0.0, 
                0.0, 
                0.0, 
                1.0
            ]
        ]
    ], 
    "goal_contact_area_index": [
        1292, 
        1298, 
        1300, 
        1302, 
        1304, 
        1377, 
        1388, 
        1389, 
        1390, 
        1391, 
        1392, 
        1393, 
        1394, 
        1395, 
        1396, 
        1397, 
        1398, 
        1400, 
        1401, 
        1407, 
        1408, 
        1409, 
        1410, 
        1411, 
        1412, 
        1414, 
        1415, 
        1416, 
        1554, 
        1555, 
        1567, 
        1568, 
        1569, 
        1570, 
        1571, 
        1572, 
        1573, 
        1574, 
        1575, 
        1576, 
        1577, 
        1578, 
        1580, 
        1581, 
        1582, 
        1583, 
        1584, 
        1585, 
        1586, 
        1587, 
        1588, 
        1589, 
        1590, 
        1591, 
        1592, 
        1593, 
        1594, 
        1595, 
        1596, 
        1597, 
        1598, 
        1599, 
        1603, 
        1604, 
        1605, 
        1606, 
        1608, 
        1610, 
        1611, 
        1612, 
        1613, 
        1615, 
        1618, 
        1619, 
        1621, 
        1622, 
        1625, 
        1631, 
        1891, 
        1896, 
        1897, 
        1900, 
        1901, 
        1903, 
        1904, 
        1905, 
        1931, 
        1932, 
        1933, 
        1934, 
        1935, 
        1936, 
        1944, 
        1949, 
        1950, 
        1951, 
        2221
    ], 
    "changing_point": [
        1, 
        -2
    ], 
    "tool_trajectory_goal_frame": [
        [
            [
                -0.7239368474608889, 
                0.6895653011854506, 
                -0.020374893410375374, 
                -0.18366436197575975
            ], 
            [
                0.6897918578240868, 
                0.7239767239249972, 
                -0.006700076654325507, 
                0.18231178114880578
            ], 
            [
                0.0101308, 
                -0.01890486999999988, 
                -0.99976996, 
                0.1536968773213752
            ], 
            [
                0.0, 
                0.0, 
                0.0, 
                1.0
            ]
        ], 
        [
            [
                -0.7239368474608889, 
                0.6895653011854506, 
                -0.020374893410375374, 
                -0.18366436197575975
            ], 
            [
                0.6897918578240868, 
                0.7239767239249972, 
                -0.006700076654325507, 
                0.18231178114880578
            ], 
            [
                0.0101308, 
                -0.01890486999999988, 
                -0.99976996, 
                0.0536968773213752
            ], 
            [
                0.0, 
                0.0, 
                0.0, 
                1.0
            ]
        ], 
        [
            [
                -0.7239368474608889, 
                0.6895653011854506, 
                -0.020374893410375374, 
                -0.059739695314119795
            ], 
            [
                0.6897918578240868, 
                0.7239767239249972, 
                -0.006700076654325507, 
                0.06593877314092872
            ], 
            [
                0.0101308, 
                -0.01890486999999988, 
                -0.99976996, 
                0.0536968773213752
            ], 
            [
                0.0, 
                0.0, 
                0.0, 
                1.0
            ]
        ], 
        [
            [
                -0.7239368474608889, 
                0.6895653011854506, 
                -0.020374893410375374, 
                -0.059739695314119795
            ], 
            [
                0.6897918578240868, 
                0.7239767239249972, 
                -0.006700076654325507, 
                0.06593877314092872
            ], 
            [
                0.0101308, 
                -0.01890486999999988, 
                -0.99976996, 
                0.1536968773213752
            ], 
            [
                0.0, 
                0.0, 
                0.0, 
                1.0
            ]
        ]
    ], 
    "Teffectivestart_unhoveringstart": [
        [
            0.9999999993406555, 
            -2.2979896352709525e-09, 
            8.269139805178736e-09, 
            -0.11999067239999997
        ], 
        [
            -2.2979896352709525e-09, 
            0.9999999954938698, 
            2.066313194542877e-09, 
            0.0008490359999999784
        ], 
        [
            8.269139805178736e-09, 
            2.066313194542877e-09, 
            1.0000000002270595, 
            -0.0012319367999999997
        ], 
        [
            0.0, 
            0.0, 
            0.0, 
            1.0
        ]
    ], 
    "raw sample file path": "learned_samples/ur/simulator/pointcloud/push/plunger/meiying_tool_target/raw/raw_sample_4.txt", 
    "trajectory_thetas": [
        0.11999999936369535
    ], 
    "tool": "plunger", 
    "Tworld_goalend": [
        [
            1.0000000000000002, 
            4.209444989064144e-18, 
            0.0, 
            0.08747623529056939
        ], 
        [
            4.209444989064144e-18, 
            1.0, 
            0.0, 
            -0.08214565271144264
        ], 
        [
            0.0, 
            0.0, 
            1.0, 
            0.0
        ], 
        [
            0.0, 
            0.0, 
            0.0, 
            1.0
        ]
    ], 
    "Tworld_toolend": [
        [
            -0.7239368474608888, 
            0.6895653011854505, 
            -0.02037489341037537, 
            -0.05973969531411978
        ], 
        [
            0.6897918578240868, 
            0.7239767239249972, 
            -0.006700076654325507, 
            0.06593877314092872
        ], 
        [
            0.0101308, 
            -0.01890486999999988, 
            -0.99976996, 
            0.0536968773213752
        ], 
        [
            0.0, 
            0.0, 
            0.0, 
            1.0
        ]
    ], 
    "hovering_start": [
        [
            -0.7239368474608889, 
            0.6895653011854506, 
            -0.020374893410375374, 
            -0.18366436197575975
        ], 
        [
            0.6897918578240868, 
            0.7239767239249972, 
            -0.006700076654325507, 
            0.18231178114880578
        ], 
        [
            0.0101308, 
            -0.01890486999999988, 
            -0.99976996, 
            0.1536968773213752
        ], 
        [
            0.0, 
            0.0, 
            0.0, 
            1.0
        ]
    ], 
    "v_start_tool_frame": [
        -0.9999222699434996, 
        0.00707530735523316, 
        -0.010266162713888546
    ], 
    "task": "push", 
    "unhovering_start": [
        [
            -0.7239368474608889, 
            0.6895653011854506, 
            -0.020374893410375374, 
            -0.059739695314119795
        ], 
        [
            0.6897918578240868, 
            0.7239767239249972, 
            -0.006700076654325507, 
            0.06593877314092872
        ], 
        [
            0.0101308, 
            -0.01890486999999988, 
            -0.99976996, 
            0.0536968773213752
        ], 
        [
            0.0, 
            0.0, 
            0.0, 
            1.0
        ]
    ], 
    "Teffectivestart_hoveringend": [
        [
            0.9999999993406555, 
            -2.2979896352709525e-09, 
            8.269139805178736e-09, 
            0.04999611350000005
        ], 
        [
            -2.2979896352709525e-09, 
            0.9999999954938698, 
            2.066313194542877e-09, 
            -0.00035376500000003277
        ], 
        [
            8.269139805178736e-09, 
            2.066313194542877e-09, 
            1.0000000002270595, 
            0.0005133069999999976
        ], 
        [
            0.0, 
            0.0, 
            0.0, 
            1.0
        ]
    ], 
    "Tworld_toolstart": [
        [
            -0.723936847460889, 
            0.6895653011854507, 
            -0.020374893410375378, 
            -0.14721593064265498
        ], 
        [
            0.6897918578240868, 
            0.7239767239249972, 
            -0.006700076654325507, 
            0.14808442500270264
        ], 
        [
            0.0101308, 
            -0.01890486999999988, 
            -0.99976996, 
            0.053696875599056164
        ], 
        [
            0.0, 
            0.0, 
            0.0, 
            1.0
        ]
    ], 
    "unhovering_end": [
        [
            -0.7239368474608889, 
            0.6895653011854506, 
            -0.020374893410375374, 
            -0.059739695314119795
        ], 
        [
            0.6897918578240868, 
            0.7239767239249972, 
            -0.006700076654325507, 
            0.06593877314092872
        ], 
        [
            0.0101308, 
            -0.01890486999999988, 
            -0.99976996, 
            0.1536968773213752
        ], 
        [
            0.0, 
            0.0, 
            0.0, 
            1.0
        ]
    ], 
    "trajectory_screw_axes": [
        [
            -0.0, 
            -0.0, 
            -0.0, 
            0.9999222699434996, 
            -0.00707530735523316, 
            0.010266162713888546
        ]
    ]
}