{
    "Tworld_goalstart": [
        [
            1.0, 
            -1.741317725643327e-17, 
            0.0, 
            0.0
        ], 
        [
            -1.741317725643327e-17, 
            1.0, 
            0.0, 
            0.0
        ], 
        [
            0.0, 
            0.0, 
            1.0, 
            0.0
        ], 
        [
            0.0, 
            0.0, 
            0.0, 
            1.0
        ]
    ], 
    "Teffectivestart_hoveringstart": [
        [
            1.0, 
            1.741317725643327e-17, 
            0.0, 
            -0.05000000000000004
        ], 
        [
            1.741317725643327e-17, 
            1.0, 
            0.0, 
            -3.4510840301787905e-17
        ], 
        [
            0.0, 
            0.0, 
            1.0, 
            0.1
        ], 
        [
            0.0, 
            0.0, 
            0.0, 
            1.0
        ]
    ], 
    "hovering_end": [
        [
            -0.6374239897486894, 
            0.7705132427757895, 
            0.0, 
            -0.038245439384921365
        ], 
        [
            -0.7705132427757895, 
            -0.6374239897486894, 
            0.0, 
            -0.04623079456654737
        ], 
        [
            0.0, 
            0.0, 
            1.0, 
            0.0
        ], 
        [
            0.0, 
            0.0, 
            0.0, 
            1.0
        ]
    ], 
    "sample file path": "learned_samples/ur/simulator/pointcloud/pull/meiying_L_chain_pull_tool/meiying_tool_target/sample/sample_10.txt", 
    "v_start_goal_frame": [
        -0.6374239897486894, 
        -0.7705132427757895, 
        0.0
    ], 
    "Teffectiveend_unhoveringend": [
        [
            1.0, 
            1.741317725643327e-17, 
            0.0, 
            -5.551115123125783e-17
        ], 
        [
            1.741317725643327e-17, 
            1.0, 
            0.0, 
            -1.1679215145583213e-17
        ], 
        [
            0.0, 
            0.0, 
            1.0, 
            0.1
        ], 
        [
            0.0, 
            0.0, 
            0.0, 
            1.0
        ]
    ], 
    "task_type": "pose_change", 
    "goal": "meiying_tool_target", 
    "trajectory": [
        [
            [
                1.0, 
                1.741317725643327e-17, 
                0.0, 
                0.0
            ], 
            [
                1.741317725643327e-17, 
                1.0, 
                0.0, 
                -1.5728541530894068e-18
            ], 
            [
                0.0, 
                0.0, 
                1.0, 
                0.0
            ], 
            [
                0.0, 
                0.0, 
                0.0, 
                1.0
            ]
        ], 
        [
            [
                1.0, 
                1.741317725643327e-17, 
                0.0, 
                0.29999999999999993
            ], 
            [
                1.741317725643327e-17, 
                1.0, 
                0.0, 
                -2.555700295339767e-17
            ], 
            [
                0.0, 
                0.0, 
                1.0, 
                0.0
            ], 
            [
                0.0, 
                0.0, 
                0.0, 
                1.0
            ]
        ]
    ], 
    "tool_contact_area_index": [
        941, 
        942, 
        945, 
        946, 
        1129, 
        1131, 
        1134, 
        1135, 
        1136, 
        1137, 
        1138, 
        1139, 
        1379, 
        1380, 
        1381, 
        1382, 
        1383, 
        1384, 
        1385, 
        1386, 
        1390, 
        1391, 
        1748, 
        1749, 
        1751, 
        1753, 
        1755, 
        1756, 
        1757, 
        1758, 
        2116, 
        2118, 
        2119, 
        2121, 
        2122, 
        2123, 
        2124, 
        2125, 
        2126, 
        2127, 
        2128, 
        2129, 
        2130, 
        2131, 
        2132, 
        2134, 
        2135, 
        2136, 
        2536, 
        2538, 
        2540, 
        2543, 
        2544, 
        2546, 
        2547, 
        2548, 
        2549, 
        2550, 
        2551, 
        2552, 
        2553, 
        2554, 
        2555, 
        2556, 
        2557, 
        2559, 
        2560, 
        2562, 
        2563, 
        2699, 
        2719, 
        2721, 
        2723, 
        3061, 
        3062, 
        3063, 
        3064, 
        3065, 
        3068, 
        3069, 
        3070, 
        3071, 
        3072
    ], 
    "v_start_world_frame": [
        -0.6374239897486894, 
        -0.7705132427757895, 
        0.0
    ], 
    "Ttool_goal": [
        [
            -0.6374239897486894, 
            -0.7705132427757895, 
            0.0, 
            -0.11000000000000004
        ], 
        [
            0.7705132427757895, 
            -0.6374239897486894, 
            0.0, 
            -3.717226663428762e-17
        ], 
        [
            0.0, 
            0.0, 
            1.0, 
            0.0
        ], 
        [
            0.0, 
            0.0, 
            0.0, 
            1.0
        ]
    ], 
    "tool_trajectory_world_frame": [
        [
            [
                -0.6374239897486894, 
                0.7705132427757895, 
                0.0, 
                -0.038245439384921365
            ], 
            [
                -0.7705132427757895, 
                -0.6374239897486894, 
                0.0, 
                -0.04623079456654737
            ], 
            [
                0.0, 
                0.0, 
                1.0, 
                0.1
            ], 
            [
                0.0, 
                0.0, 
                0.0, 
                1.0
            ]
        ], 
        [
            [
                -0.6374239897486894, 
                0.7705132427757895, 
                0.0, 
                -0.038245439384921365
            ], 
            [
                -0.7705132427757895, 
                -0.6374239897486894, 
                0.0, 
                -0.04623079456654737
            ], 
            [
                0.0, 
                0.0, 
                1.0, 
                0.0
            ], 
            [
                0.0, 
                0.0, 
                0.0, 
                1.0
            ]
        ], 
        [
            [
                -0.6374239897486894, 
                0.7705132427757895, 
                0.0, 
                -0.26134383579696263
            ], 
            [
                -0.7705132427757895, 
                -0.6374239897486894, 
                0.0, 
                -0.3159104295380737
            ], 
            [
                0.0, 
                0.0, 
                1.0, 
                0.0
            ], 
            [
                0.0, 
                0.0, 
                0.0, 
                1.0
            ]
        ], 
        [
            [
                -0.6374239897486894, 
                0.7705132427757895, 
                0.0, 
                -0.26134383579696263
            ], 
            [
                -0.7705132427757895, 
                -0.6374239897486894, 
                0.0, 
                -0.3159104295380737
            ], 
            [
                0.0, 
                0.0, 
                1.0, 
                0.1
            ], 
            [
                0.0, 
                0.0, 
                0.0, 
                1.0
            ]
        ]
    ], 
    "goal_contact_area_index": [
        4368, 
        4369, 
        4510, 
        4512, 
        4514, 
        4517, 
        4520, 
        4696, 
        4703, 
        4704, 
        4714, 
        4715, 
        4716, 
        4717, 
        4718, 
        4719, 
        4720, 
        4721, 
        4722, 
        4723, 
        4724, 
        4725, 
        4726, 
        4728, 
        4729, 
        4730, 
        4732, 
        4733, 
        4899, 
        4900, 
        4901, 
        4902, 
        4903, 
        4904, 
        4905, 
        4906, 
        4908, 
        4911, 
        4912, 
        4914, 
        4915, 
        4916, 
        4917, 
        4919, 
        4921, 
        4924, 
        4925, 
        4926, 
        4927, 
        4930, 
        4933, 
        4934, 
        4935, 
        4936, 
        4939, 
        5542, 
        5543, 
        5545, 
        5546, 
        5547, 
        5548, 
        5549, 
        5551, 
        5552, 
        5553, 
        5769, 
        5770, 
        5771, 
        5773, 
        5774, 
        5775, 
        5776, 
        5777, 
        5778, 
        6021, 
        6022, 
        6023, 
        6024, 
        6025, 
        6026, 
        6027, 
        6028, 
        6029, 
        6030, 
        6031, 
        6032, 
        6033, 
        6034, 
        6035, 
        6036, 
        6037, 
        6038, 
        6039, 
        6040, 
        6041, 
        6042, 
        6043, 
        6045, 
        6046
    ], 
    "changing_point": [
        1, 
        -2
    ], 
    "tool_trajectory_goal_frame": [
        [
            [
                -0.6374239897486894, 
                0.7705132427757895, 
                0.0, 
                -0.038245439384921365
            ], 
            [
                -0.7705132427757895, 
                -0.6374239897486894, 
                0.0, 
                -0.04623079456654737
            ], 
            [
                0.0, 
                0.0, 
                1.0, 
                0.1
            ], 
            [
                0.0, 
                0.0, 
                0.0, 
                1.0
            ]
        ], 
        [
            [
                -0.6374239897486894, 
                0.7705132427757895, 
                0.0, 
                -0.038245439384921365
            ], 
            [
                -0.7705132427757895, 
                -0.6374239897486894, 
                0.0, 
                -0.04623079456654737
            ], 
            [
                0.0, 
                0.0, 
                1.0, 
                0.0
            ], 
            [
                0.0, 
                0.0, 
                0.0, 
                1.0
            ]
        ], 
        [
            [
                -0.6374239897486894, 
                0.7705132427757895, 
                0.0, 
                -0.26134383579696263
            ], 
            [
                -0.7705132427757895, 
                -0.6374239897486894, 
                0.0, 
                -0.3159104295380737
            ], 
            [
                0.0, 
                0.0, 
                1.0, 
                0.0
            ], 
            [
                0.0, 
                0.0, 
                0.0, 
                1.0
            ]
        ], 
        [
            [
                -0.6374239897486894, 
                0.7705132427757895, 
                0.0, 
                -0.26134383579696263
            ], 
            [
                -0.7705132427757895, 
                -0.6374239897486894, 
                0.0, 
                -0.3159104295380737
            ], 
            [
                0.0, 
                0.0, 
                1.0, 
                0.1
            ], 
            [
                0.0, 
                0.0, 
                0.0, 
                1.0
            ]
        ]
    ], 
    "Teffectivestart_unhoveringstart": [
        [
            1.0, 
            1.741317725643327e-17, 
            0.0, 
            0.29999999999999993
        ], 
        [
            1.741317725643327e-17, 
            1.0, 
            0.0, 
            -2.1095906164241918e-17
        ], 
        [
            0.0, 
            0.0, 
            1.0, 
            0.0
        ], 
        [
            0.0, 
            0.0, 
            0.0, 
            1.0
        ]
    ], 
    "raw sample file path": "learned_samples/ur/simulator/pointcloud/pull/meiying_L_chain_pull_tool/meiying_tool_target/raw/raw_sample_10.txt", 
    "trajectory_thetas": [
        0.29999999999999993
    ], 
    "tool": "meiying_L_chain_pull_tool", 
    "Tworld_goalend": [
        [
            1.0, 
            -1.741317725643327e-17, 
            0.0, 
            -0.19122719692460682
        ], 
        [
            -1.741317725643327e-17, 
            1.0, 
            0.0, 
            -0.23115397283273684
        ], 
        [
            0.0, 
            0.0, 
            1.0, 
            0.0
        ], 
        [
            0.0, 
            0.0, 
            0.0, 
            1.0
        ]
    ], 
    "Tworld_toolend": [
        [
            -0.6374239897486894, 
            0.7705132427757895, 
            0.0, 
            -0.26134383579696263
        ], 
        [
            -0.7705132427757895, 
            -0.6374239897486894, 
            0.0, 
            -0.3159104295380737
        ], 
        [
            0.0, 
            0.0, 
            1.0, 
            0.0
        ], 
        [
            0.0, 
            0.0, 
            0.0, 
            1.0
        ]
    ], 
    "hovering_start": [
        [
            -0.6374239897486894, 
            0.7705132427757895, 
            0.0, 
            -0.038245439384921365
        ], 
        [
            -0.7705132427757895, 
            -0.6374239897486894, 
            0.0, 
            -0.04623079456654737
        ], 
        [
            0.0, 
            0.0, 
            1.0, 
            0.1
        ], 
        [
            0.0, 
            0.0, 
            0.0, 
            1.0
        ]
    ], 
    "v_start_tool_frame": [
        1.0, 
        -6.253398541126096e-17, 
        0.0
    ], 
    "task": "pull", 
    "unhovering_start": [
        [
            -0.6374239897486894, 
            0.7705132427757895, 
            0.0, 
            -0.26134383579696263
        ], 
        [
            -0.7705132427757895, 
            -0.6374239897486894, 
            0.0, 
            -0.3159104295380737
        ], 
        [
            0.0, 
            0.0, 
            1.0, 
            0.0
        ], 
        [
            0.0, 
            0.0, 
            0.0, 
            1.0
        ]
    ], 
    "Teffectivestart_hoveringend": [
        [
            1.0, 
            1.741317725643327e-17, 
            0.0, 
            -0.05000000000000004
        ], 
        [
            1.741317725643327e-17, 
            1.0, 
            0.0, 
            -3.4510840301787905e-17
        ], 
        [
            0.0, 
            0.0, 
            1.0, 
            0.0
        ], 
        [
            0.0, 
            0.0, 
            0.0, 
            1.0
        ]
    ], 
    "Tworld_toolstart": [
        [
            -0.6374239897486894, 
            0.7705132427757895, 
            0.0, 
            -0.07011663887235584
        ], 
        [
            -0.7705132427757895, 
            -0.6374239897486894, 
            0.0, 
            -0.08475645670533691
        ], 
        [
            0.0, 
            0.0, 
            1.0, 
            0.0
        ], 
        [
            0.0, 
            0.0, 
            0.0, 
            1.0
        ]
    ], 
    "unhovering_end": [
        [
            -0.6374239897486894, 
            0.7705132427757895, 
            0.0, 
            -0.26134383579696263
        ], 
        [
            -0.7705132427757895, 
            -0.6374239897486894, 
            0.0, 
            -0.3159104295380737
        ], 
        [
            0.0, 
            0.0, 
            1.0, 
            0.1
        ], 
        [
            0.0, 
            0.0, 
            0.0, 
            1.0
        ]
    ], 
    "trajectory_screw_axes": [
        [
            -0.0, 
            -0.0, 
            -0.0, 
            -1.0, 
            6.253398541126096e-17, 
            -0.0
        ]
    ]
}