{
    "Tworld_goalstart": [
        [
            1.0, 
            -8.85750335758604e-19, 
            0.0, 
            0.0
        ], 
        [
            -8.85750335758604e-19, 
            0.9999999999999999, 
            0.0, 
            0.0
        ], 
        [
            0.0, 
            0.0, 
            1.0, 
            0.0
        ], 
        [
            0.0, 
            0.0, 
            0.0, 
            1.0
        ]
    ], 
    "Teffectivestart_hoveringstart": [
        [
            0.9999999999999999, 
            5.53794573766746e-17, 
            0.0, 
            -0.04999999999999999
        ], 
        [
            5.53794573766746e-17, 
            0.9999999999999997, 
            0.0, 
            3.776615772446913e-18
        ], 
        [
            0.0, 
            0.0, 
            1.0, 
            0.1
        ], 
        [
            0.0, 
            0.0, 
            0.0, 
            1.0
        ]
    ], 
    "hovering_end": [
        [
            0.9685831611286311, 
            0.2486898871648548, 
            0.0, 
            0.05811498966771786
        ], 
        [
            -0.24868988716485477, 
            0.968583161128631, 
            0.0, 
            -0.014921393229891285
        ], 
        [
            0.0, 
            0.0, 
            1.0, 
            0.0
        ], 
        [
            0.0, 
            0.0, 
            0.0, 
            1.0
        ]
    ], 
    "sample file path": "learned_samples/ur/simulator/pointcloud/pull/meiying_L_chain_pull_tool/meiying_tool_target/sample/sample_2.txt", 
    "v_start_goal_frame": [
        0.9685831611286311, 
        -0.2486898871648546, 
        0.0
    ], 
    "Teffectiveend_unhoveringend": [
        [
            0.9999999999999999, 
            5.53794573766746e-17, 
            0.0, 
            0.0
        ], 
        [
            5.53794573766746e-17, 
            0.9999999999999997, 
            0.0, 
            -2.607589005375581e-18
        ], 
        [
            0.0, 
            0.0, 
            1.0, 
            0.1
        ], 
        [
            0.0, 
            0.0, 
            0.0, 
            1.0
        ]
    ], 
    "task_type": "pose_change", 
    "goal": "meiying_tool_target", 
    "trajectory": [
        [
            [
                0.9999999999999999, 
                5.53794573766746e-17, 
                0.0, 
                0.0
            ], 
            [
                5.53794573766746e-17, 
                0.9999999999999997, 
                0.0, 
                5.565832103952181e-19
            ], 
            [
                0.0, 
                0.0, 
                1.0, 
                0.0
            ], 
            [
                0.0, 
                0.0, 
                0.0, 
                1.0
            ]
        ], 
        [
            [
                0.9999999999999999, 
                5.53794573766746e-17, 
                0.0, 
                0.059999999999999984
            ], 
            [
                5.53794573766746e-17, 
                0.9999999999999997, 
                0.0, 
                4.3313048985316476e-18
            ], 
            [
                0.0, 
                0.0, 
                1.0, 
                0.0
            ], 
            [
                0.0, 
                0.0, 
                0.0, 
                1.0
            ]
        ]
    ], 
    "tool_contact_area_index": [
        1387, 
        1390, 
        1392, 
        1393, 
        1395, 
        1396, 
        1397, 
        1764, 
        2127, 
        2129, 
        2134, 
        2135, 
        2136, 
        2138, 
        2140, 
        2141, 
        2142, 
        2546, 
        2547, 
        2548, 
        2549, 
        2550, 
        2551, 
        2552, 
        2553, 
        2554, 
        2556, 
        2557, 
        2558, 
        2559, 
        2858, 
        2862, 
        3065, 
        3069, 
        3070
    ], 
    "v_start_world_frame": [
        0.9685831611286311, 
        -0.24868988716485463, 
        0.0
    ], 
    "Ttool_goal": [
        [
            0.9685831611286311, 
            -0.24868988716485477, 
            0.0, 
            -0.10999999999999997
        ], 
        [
            0.2486898871648548, 
            0.968583161128631, 
            0.0, 
            2.1989219603506337e-19
        ], 
        [
            0.0, 
            0.0, 
            1.0, 
            0.0
        ], 
        [
            0.0, 
            0.0, 
            0.0, 
            1.0
        ]
    ], 
    "tool_trajectory_world_frame": [
        [
            [
                0.9685831611286311, 
                0.2486898871648548, 
                0.0, 
                0.05811498966771786
            ], 
            [
                -0.2486898871648548, 
                0.9685831611286311, 
                0.0, 
                -0.014921393229891286
            ], 
            [
                0.0, 
                0.0, 
                1.0, 
                0.1
            ], 
            [
                0.0, 
                0.0, 
                0.0, 
                1.0
            ]
        ], 
        [
            [
                0.9685831611286311, 
                0.2486898871648548, 
                0.0, 
                0.05811498966771786
            ], 
            [
                -0.2486898871648548, 
                0.9685831611286311, 
                0.0, 
                -0.014921393229891286
            ], 
            [
                0.0, 
                0.0, 
                1.0, 
                0.0
            ], 
            [
                0.0, 
                0.0, 
                0.0, 
                1.0
            ]
        ], 
        [
            [
                0.9685831611286311, 
                0.2486898871648548, 
                0.0, 
                0.16465913739186727
            ], 
            [
                -0.2486898871648548, 
                0.9685831611286311, 
                0.0, 
                -0.042277280818025315
            ], 
            [
                0.0, 
                0.0, 
                1.0, 
                0.0
            ], 
            [
                0.0, 
                0.0, 
                0.0, 
                1.0
            ]
        ], 
        [
            [
                0.9685831611286311, 
                0.2486898871648548, 
                0.0, 
                0.16465913739186727
            ], 
            [
                -0.2486898871648548, 
                0.9685831611286311, 
                0.0, 
                -0.042277280818025315
            ], 
            [
                0.0, 
                0.0, 
                1.0, 
                0.1
            ], 
            [
                0.0, 
                0.0, 
                0.0, 
                1.0
            ]
        ]
    ], 
    "goal_contact_area_index": [
        2797, 
        2802, 
        2807, 
        2808, 
        2812, 
        2818, 
        2820, 
        3034, 
        3037, 
        3049
    ], 
    "changing_point": [
        1, 
        -2
    ], 
    "tool_trajectory_goal_frame": [
        [
            [
                0.9685831611286311, 
                0.2486898871648548, 
                0.0, 
                0.05811498966771786
            ], 
            [
                -0.24868988716485477, 
                0.968583161128631, 
                0.0, 
                -0.014921393229891285
            ], 
            [
                0.0, 
                0.0, 
                1.0, 
                0.1
            ], 
            [
                0.0, 
                0.0, 
                0.0, 
                1.0
            ]
        ], 
        [
            [
                0.9685831611286311, 
                0.2486898871648548, 
                0.0, 
                0.05811498966771786
            ], 
            [
                -0.24868988716485477, 
                0.968583161128631, 
                0.0, 
                -0.014921393229891285
            ], 
            [
                0.0, 
                0.0, 
                1.0, 
                0.0
            ], 
            [
                0.0, 
                0.0, 
                0.0, 
                1.0
            ]
        ], 
        [
            [
                0.9685831611286311, 
                0.2486898871648548, 
                0.0, 
                0.16465913739186727
            ], 
            [
                -0.24868988716485477, 
                0.968583161128631, 
                0.0, 
                -0.04227728081802531
            ], 
            [
                0.0, 
                0.0, 
                1.0, 
                0.0
            ], 
            [
                0.0, 
                0.0, 
                0.0, 
                1.0
            ]
        ], 
        [
            [
                0.9685831611286311, 
                0.2486898871648548, 
                0.0, 
                0.16465913739186727
            ], 
            [
                -0.24868988716485477, 
                0.968583161128631, 
                0.0, 
                -0.04227728081802531
            ], 
            [
                0.0, 
                0.0, 
                1.0, 
                0.1
            ], 
            [
                0.0, 
                0.0, 
                0.0, 
                1.0
            ]
        ]
    ], 
    "Teffectivestart_unhoveringstart": [
        [
            0.9999999999999999, 
            5.53794573766746e-17, 
            0.0, 
            0.059999999999999984
        ], 
        [
            5.53794573766746e-17, 
            0.9999999999999997, 
            0.0, 
            1.149009099847394e-17
        ], 
        [
            0.0, 
            0.0, 
            1.0, 
            0.0
        ], 
        [
            0.0, 
            0.0, 
            0.0, 
            1.0
        ]
    ], 
    "raw sample file path": "learned_samples/ur/simulator/pointcloud/pull/meiying_L_chain_pull_tool/meiying_tool_target/raw/raw_sample_2.txt", 
    "trajectory_thetas": [
        0.05999999999999998
    ], 
    "tool": "meiying_L_chain_pull_tool", 
    "Tworld_goalend": [
        [
            1.0, 
            -8.85750335758604e-19, 
            0.0, 
            0.05811498966771786
        ], 
        [
            -8.85750335758604e-19, 
            0.9999999999999999, 
            0.0, 
            -0.014921393229891286
        ], 
        [
            0.0, 
            0.0, 
            1.0, 
            0.0
        ], 
        [
            0.0, 
            0.0, 
            0.0, 
            1.0
        ]
    ], 
    "Tworld_toolend": [
        [
            0.9685831611286311, 
            0.2486898871648548, 
            0.0, 
            0.16465913739186727
        ], 
        [
            -0.2486898871648548, 
            0.9685831611286311, 
            0.0, 
            -0.042277280818025315
        ], 
        [
            0.0, 
            0.0, 
            1.0, 
            0.0
        ], 
        [
            0.0, 
            0.0, 
            0.0, 
            1.0
        ]
    ], 
    "hovering_start": [
        [
            0.9685831611286311, 
            0.2486898871648548, 
            0.0, 
            0.05811498966771786
        ], 
        [
            -0.24868988716485477, 
            0.968583161128631, 
            0.0, 
            -0.014921393229891285
        ], 
        [
            0.0, 
            0.0, 
            1.0, 
            0.1
        ], 
        [
            0.0, 
            0.0, 
            0.0, 
            1.0
        ]
    ], 
    "v_start_tool_frame": [
        1.0, 
        1.1829148551228176e-16, 
        0.0
    ], 
    "task": "pull", 
    "unhovering_start": [
        [
            0.9685831611286311, 
            0.2486898871648548, 
            0.0, 
            0.16465913739186727
        ], 
        [
            -0.24868988716485477, 
            0.968583161128631, 
            0.0, 
            -0.04227728081802531
        ], 
        [
            0.0, 
            0.0, 
            1.0, 
            0.0
        ], 
        [
            0.0, 
            0.0, 
            0.0, 
            1.0
        ]
    ], 
    "Teffectivestart_hoveringend": [
        [
            0.9999999999999999, 
            5.53794573766746e-17, 
            0.0, 
            -0.04999999999999999
        ], 
        [
            5.53794573766746e-17, 
            0.9999999999999997, 
            0.0, 
            3.776615772446913e-18
        ], 
        [
            0.0, 
            0.0, 
            1.0, 
            0.0
        ], 
        [
            0.0, 
            0.0, 
            0.0, 
            1.0
        ]
    ], 
    "Tworld_toolstart": [
        [
            0.9685831611286311, 
            0.2486898871648548, 
            0.0, 
            0.1065441477241494
        ], 
        [
            -0.24868988716485474, 
            0.9685831611286309, 
            0.0, 
            -0.027355887588134013
        ], 
        [
            0.0, 
            0.0, 
            1.0, 
            0.0
        ], 
        [
            0.0, 
            0.0, 
            0.0, 
            1.0
        ]
    ], 
    "unhovering_end": [
        [
            0.9685831611286311, 
            0.2486898871648548, 
            0.0, 
            0.16465913739186727
        ], 
        [
            -0.24868988716485477, 
            0.968583161128631, 
            0.0, 
            -0.04227728081802531
        ], 
        [
            0.0, 
            0.0, 
            1.0, 
            0.1
        ], 
        [
            0.0, 
            0.0, 
            0.0, 
            1.0
        ]
    ], 
    "trajectory_screw_axes": [
        [
            -0.0, 
            -0.0, 
            -0.0, 
            -1.0, 
            -1.1829148551228176e-16, 
            -0.0
        ]
    ]
}