{
    "Tworld_goalstart": [
        [
            1.0, 
            -1.3044087777174515e-17, 
            0.0, 
            0.0
        ], 
        [
            -1.3044087777174515e-17, 
            1.0, 
            0.0, 
            0.0
        ], 
        [
            0.0, 
            0.0, 
            1.0, 
            0.0
        ], 
        [
            0.0, 
            0.0, 
            0.0, 
            1.0
        ]
    ], 
    "Teffectivestart_hoveringstart": [
        [
            1.0, 
            1.3044087777174515e-17, 
            0.0, 
            -0.04999999999999998
        ], 
        [
            1.3044087777174515e-17, 
            1.0, 
            0.0, 
            -5.542024164948319e-19
        ], 
        [
            0.0, 
            0.0, 
            1.0, 
            0.1
        ], 
        [
            0.0, 
            0.0, 
            0.0, 
            1.0
        ]
    ], 
    "hovering_end": [
        [
            0.8763066800438636, 
            0.4817536741017153, 
            0.0, 
            0.05257840080263181
        ], 
        [
            -0.4817536741017153, 
            0.8763066800438636, 
            0.0, 
            -0.028905220446102917
        ], 
        [
            0.0, 
            0.0, 
            1.0, 
            0.0
        ], 
        [
            0.0, 
            0.0, 
            0.0, 
            1.0
        ]
    ], 
    "sample file path": "learned_samples/ur/simulator/pointcloud/pull/meiying_L_chain_pull_tool/meiying_tool_target/sample/sample_3.txt", 
    "v_start_goal_frame": [
        0.8763066800438636, 
        -0.4817536741017153, 
        0.0
    ], 
    "Teffectiveend_unhoveringend": [
        [
            1.0, 
            1.3044087777174515e-17, 
            0.0, 
            0.0
        ], 
        [
            1.3044087777174515e-17, 
            1.0, 
            0.0, 
            -1.883329653723351e-18
        ], 
        [
            0.0, 
            0.0, 
            1.0, 
            0.1
        ], 
        [
            0.0, 
            0.0, 
            0.0, 
            1.0
        ]
    ], 
    "task_type": "pose_change", 
    "goal": "meiying_tool_target", 
    "trajectory": [
        [
            [
                1.0, 
                1.3044087777174515e-17, 
                0.0, 
                0.0
            ], 
            [
                1.3044087777174515e-17, 
                1.0, 
                0.0, 
                -8.445347201781581e-20
            ], 
            [
                0.0, 
                0.0, 
                1.0, 
                0.0
            ], 
            [
                0.0, 
                0.0, 
                0.0, 
                1.0
            ]
        ], 
        [
            [
                1.0, 
                1.3044087777174515e-17, 
                0.0, 
                0.09
            ], 
            [
                1.3044087777174515e-17, 
                1.0, 
                0.0, 
                -1.883329653723351e-18
            ], 
            [
                0.0, 
                0.0, 
                1.0, 
                0.0
            ], 
            [
                0.0, 
                0.0, 
                0.0, 
                1.0
            ]
        ]
    ], 
    "tool_contact_area_index": [
        1137, 
        1138, 
        1376, 
        1381, 
        1382, 
        1384, 
        1385, 
        1387, 
        1388, 
        1390, 
        1391, 
        1392, 
        1394, 
        1397, 
        1399, 
        1400, 
        1405, 
        1744, 
        1754, 
        1756, 
        1757, 
        1758, 
        1759, 
        1760, 
        1761, 
        1762, 
        1763, 
        1764, 
        1765, 
        1766, 
        2113, 
        2116, 
        2117, 
        2119, 
        2120, 
        2122, 
        2123, 
        2124, 
        2125, 
        2126, 
        2127, 
        2128, 
        2129, 
        2130, 
        2131, 
        2132, 
        2133, 
        2134, 
        2135, 
        2136, 
        2138, 
        2543, 
        2545, 
        2546, 
        2547, 
        2548, 
        2549, 
        2550, 
        2551, 
        2552, 
        2553, 
        2554, 
        2555, 
        2556, 
        2557, 
        2559, 
        2560, 
        2561, 
        2713, 
        2715, 
        2717, 
        3063, 
        3068, 
        3069, 
        3070, 
        3071, 
        3072
    ], 
    "v_start_world_frame": [
        0.8763066800438636, 
        -0.4817536741017153, 
        0.0
    ], 
    "Ttool_goal": [
        [
            0.8763066800438636, 
            -0.4817536741017153, 
            0.0, 
            -0.10999999999999999
        ], 
        [
            0.4817536741017153, 
            0.8763066800438636, 
            0.0, 
            -9.405813579078539e-19
        ], 
        [
            0.0, 
            0.0, 
            1.0, 
            0.0
        ], 
        [
            0.0, 
            0.0, 
            0.0, 
            1.0
        ]
    ], 
    "tool_trajectory_world_frame": [
        [
            [
                0.8763066800438636, 
                0.4817536741017153, 
                0.0, 
                0.05257840080263181
            ], 
            [
                -0.4817536741017153, 
                0.8763066800438636, 
                0.0, 
                -0.028905220446102917
            ], 
            [
                0.0, 
                0.0, 
                1.0, 
                0.1
            ], 
            [
                0.0, 
                0.0, 
                0.0, 
                1.0
            ]
        ], 
        [
            [
                0.8763066800438636, 
                0.4817536741017153, 
                0.0, 
                0.05257840080263181
            ], 
            [
                -0.4817536741017153, 
                0.8763066800438636, 
                0.0, 
                -0.028905220446102917
            ], 
            [
                0.0, 
                0.0, 
                1.0, 
                0.0
            ], 
            [
                0.0, 
                0.0, 
                0.0, 
                1.0
            ]
        ], 
        [
            [
                0.8763066800438636, 
                0.4817536741017153, 
                0.0, 
                0.1752613360087727
            ], 
            [
                -0.4817536741017153, 
                0.8763066800438636, 
                0.0, 
                -0.09635073482034305
            ], 
            [
                0.0, 
                0.0, 
                1.0, 
                0.0
            ], 
            [
                0.0, 
                0.0, 
                0.0, 
                1.0
            ]
        ], 
        [
            [
                0.8763066800438636, 
                0.4817536741017153, 
                0.0, 
                0.1752613360087727
            ], 
            [
                -0.4817536741017153, 
                0.8763066800438636, 
                0.0, 
                -0.09635073482034305
            ], 
            [
                0.0, 
                0.0, 
                1.0, 
                0.1
            ], 
            [
                0.0, 
                0.0, 
                0.0, 
                1.0
            ]
        ]
    ], 
    "goal_contact_area_index": [
        2517, 
        2518, 
        2519, 
        2532, 
        2797, 
        2799, 
        2801, 
        2802, 
        2803, 
        2805, 
        2807, 
        2808, 
        2810, 
        2811, 
        2812, 
        2813, 
        2814, 
        2815, 
        2816, 
        2817, 
        2819, 
        2820, 
        2821, 
        2822, 
        2823, 
        2826, 
        2827, 
        2829, 
        2831, 
        2832, 
        2833, 
        2834, 
        3031, 
        3032, 
        3034, 
        3036, 
        3037, 
        3038, 
        3041, 
        3042, 
        3046, 
        3054, 
        3055, 
        3056, 
        3057, 
        3058, 
        3060, 
        3061, 
        3064, 
        3418, 
        3419, 
        3420, 
        3421, 
        3425, 
        3434, 
        3692, 
        3693, 
        3694, 
        3695, 
        3697, 
        3698, 
        3702, 
        3703, 
        3708, 
        3710, 
        3712, 
        3715, 
        3718, 
        3976, 
        3977, 
        3978
    ], 
    "changing_point": [
        1, 
        -2
    ], 
    "tool_trajectory_goal_frame": [
        [
            [
                0.8763066800438636, 
                0.4817536741017153, 
                0.0, 
                0.05257840080263181
            ], 
            [
                -0.4817536741017153, 
                0.8763066800438636, 
                0.0, 
                -0.028905220446102917
            ], 
            [
                0.0, 
                0.0, 
                1.0, 
                0.1
            ], 
            [
                0.0, 
                0.0, 
                0.0, 
                1.0
            ]
        ], 
        [
            [
                0.8763066800438636, 
                0.4817536741017153, 
                0.0, 
                0.05257840080263181
            ], 
            [
                -0.4817536741017153, 
                0.8763066800438636, 
                0.0, 
                -0.028905220446102917
            ], 
            [
                0.0, 
                0.0, 
                1.0, 
                0.0
            ], 
            [
                0.0, 
                0.0, 
                0.0, 
                1.0
            ]
        ], 
        [
            [
                0.8763066800438636, 
                0.4817536741017153, 
                0.0, 
                0.1752613360087727
            ], 
            [
                -0.4817536741017153, 
                0.8763066800438636, 
                0.0, 
                -0.09635073482034305
            ], 
            [
                0.0, 
                0.0, 
                1.0, 
                0.0
            ], 
            [
                0.0, 
                0.0, 
                0.0, 
                1.0
            ]
        ], 
        [
            [
                0.8763066800438636, 
                0.4817536741017153, 
                0.0, 
                0.1752613360087727
            ], 
            [
                -0.4817536741017153, 
                0.8763066800438636, 
                0.0, 
                -0.09635073482034305
            ], 
            [
                0.0, 
                0.0, 
                1.0, 
                0.1
            ], 
            [
                0.0, 
                0.0, 
                0.0, 
                1.0
            ]
        ]
    ], 
    "Teffectivestart_unhoveringstart": [
        [
            1.0, 
            1.3044087777174515e-17, 
            0.0, 
            0.09
        ], 
        [
            1.3044087777174515e-17, 
            1.0, 
            0.0, 
            -2.823911011631205e-18
        ], 
        [
            0.0, 
            0.0, 
            1.0, 
            0.0
        ], 
        [
            0.0, 
            0.0, 
            0.0, 
            1.0
        ]
    ], 
    "raw sample file path": "learned_samples/ur/simulator/pointcloud/pull/meiying_L_chain_pull_tool/meiying_tool_target/raw/raw_sample_3.txt", 
    "trajectory_thetas": [
        0.09
    ], 
    "tool": "meiying_L_chain_pull_tool", 
    "Tworld_goalend": [
        [
            1.0, 
            -1.3044087777174515e-17, 
            0.0, 
            0.07886760120394772
        ], 
        [
            -1.3044087777174515e-17, 
            1.0, 
            0.0, 
            -0.04335783066915438
        ], 
        [
            0.0, 
            0.0, 
            1.0, 
            0.0
        ], 
        [
            0.0, 
            0.0, 
            0.0, 
            1.0
        ]
    ], 
    "Tworld_toolend": [
        [
            0.8763066800438636, 
            0.4817536741017153, 
            0.0, 
            0.1752613360087727
        ], 
        [
            -0.4817536741017153, 
            0.8763066800438636, 
            0.0, 
            -0.09635073482034305
        ], 
        [
            0.0, 
            0.0, 
            1.0, 
            0.0
        ], 
        [
            0.0, 
            0.0, 
            0.0, 
            1.0
        ]
    ], 
    "hovering_start": [
        [
            0.8763066800438636, 
            0.4817536741017153, 
            0.0, 
            0.05257840080263181
        ], 
        [
            -0.4817536741017153, 
            0.8763066800438636, 
            0.0, 
            -0.028905220446102917
        ], 
        [
            0.0, 
            0.0, 
            1.0, 
            0.1
        ], 
        [
            0.0, 
            0.0, 
            0.0, 
            1.0
        ]
    ], 
    "v_start_tool_frame": [
        1.0, 
        -6.943425352886986e-18, 
        0.0
    ], 
    "task": "pull", 
    "unhovering_start": [
        [
            0.8763066800438636, 
            0.4817536741017153, 
            0.0, 
            0.1752613360087727
        ], 
        [
            -0.4817536741017153, 
            0.8763066800438636, 
            0.0, 
            -0.09635073482034305
        ], 
        [
            0.0, 
            0.0, 
            1.0, 
            0.0
        ], 
        [
            0.0, 
            0.0, 
            0.0, 
            1.0
        ]
    ], 
    "Teffectivestart_hoveringend": [
        [
            1.0, 
            1.3044087777174515e-17, 
            0.0, 
            -0.04999999999999998
        ], 
        [
            1.3044087777174515e-17, 
            1.0, 
            0.0, 
            -5.542024164948319e-19
        ], 
        [
            0.0, 
            0.0, 
            1.0, 
            0.0
        ], 
        [
            0.0, 
            0.0, 
            0.0, 
            1.0
        ]
    ], 
    "Tworld_toolstart": [
        [
            0.8763066800438636, 
            0.4817536741017153, 
            0.0, 
            0.09639373480482498
        ], 
        [
            -0.4817536741017153, 
            0.8763066800438636, 
            0.0, 
            -0.05299290415118868
        ], 
        [
            0.0, 
            0.0, 
            1.0, 
            0.0
        ], 
        [
            0.0, 
            0.0, 
            0.0, 
            1.0
        ]
    ], 
    "unhovering_end": [
        [
            0.8763066800438636, 
            0.4817536741017153, 
            0.0, 
            0.1752613360087727
        ], 
        [
            -0.4817536741017153, 
            0.8763066800438636, 
            0.0, 
            -0.09635073482034305
        ], 
        [
            0.0, 
            0.0, 
            1.0, 
            0.1
        ], 
        [
            0.0, 
            0.0, 
            0.0, 
            1.0
        ]
    ], 
    "trajectory_screw_axes": [
        [
            -0.0, 
            -0.0, 
            -0.0, 
            -1.0, 
            6.943425352886986e-18, 
            -0.0
        ]
    ]
}