{
    "Tworld_goalstart": [
        [
            1.0000000000000002, 
            4.209444989064144e-18, 
            0.0, 
            0.0
        ], 
        [
            4.209444989064144e-18, 
            1.0, 
            0.0, 
            0.0
        ], 
        [
            0.0, 
            0.0, 
            1.0, 
            0.0
        ], 
        [
            0.0, 
            0.0, 
            0.0, 
            1.0
        ]
    ], 
    "Teffectivestart_hoveringstart": [
        [
            1.0000000000000002, 
            1.6232400870470934e-16, 
            0.0, 
            -0.04999999999999997
        ], 
        [
            1.6232400870470934e-16, 
            1.0000000000000002, 
            0.0, 
            4.2192074357585443e-17
        ], 
        [
            0.0, 
            0.0, 
            1.0, 
            0.1
        ], 
        [
            0.0, 
            0.0, 
            0.0, 
            1.0
        ]
    ], 
    "hovering_end": [
        [
            0.7289686274214117, 
            0.6845471059286888, 
            0.0, 
            0.0437381176452847
        ], 
        [
            -0.6845471059286887, 
            0.7289686274214116, 
            0.0, 
            -0.04107282635572132
        ], 
        [
            0.0, 
            0.0, 
            1.0, 
            0.0
        ], 
        [
            0.0, 
            0.0, 
            0.0, 
            1.0
        ]
    ], 
    "sample file path": "learned_samples/ur/simulator/pointcloud/pull/meiying_L_chain_pull_tool/meiying_tool_target/sample/sample_4.txt", 
    "v_start_goal_frame": [
        0.7289686274214122, 
        -0.6845471059286884, 
        0.0
    ], 
    "Teffectiveend_unhoveringend": [
        [
            1.0000000000000002, 
            1.6232400870470934e-16, 
            0.0, 
            2.7755575615628914e-17
        ], 
        [
            1.6232400870470934e-16, 
            1.0000000000000002, 
            0.0, 
            5.438959558186116e-18
        ], 
        [
            0.0, 
            0.0, 
            1.0, 
            0.1
        ], 
        [
            0.0, 
            0.0, 
            0.0, 
            1.0
        ]
    ], 
    "task_type": "pose_change", 
    "goal": "meiying_tool_target", 
    "trajectory": [
        [
            [
                1.0000000000000002, 
                1.6232400870470934e-16, 
                0.0, 
                0.0
            ], 
            [
                1.6232400870470934e-16, 
                1.0000000000000002, 
                0.0, 
                -4.240570585452182e-19
            ], 
            [
                0.0, 
                0.0, 
                1.0, 
                0.0
            ], 
            [
                0.0, 
                0.0, 
                0.0, 
                1.0
            ]
        ], 
        [
            [
                1.0000000000000002, 
                1.6232400870470934e-16, 
                0.0, 
                0.12000000000000005
            ], 
            [
                1.6232400870470934e-16, 
                1.0000000000000002, 
                0.0, 
                4.013342907772226e-17
            ], 
            [
                0.0, 
                0.0, 
                1.0, 
                0.0
            ], 
            [
                0.0, 
                0.0, 
                0.0, 
                1.0
            ]
        ]
    ], 
    "tool_contact_area_index": [
        943, 
        945, 
        946, 
        1127, 
        1128, 
        1131, 
        1134, 
        1135, 
        1136, 
        1137, 
        1138, 
        1376, 
        1377, 
        1378, 
        1380, 
        1381, 
        1382, 
        1383, 
        1384, 
        1385, 
        1386, 
        1387, 
        1388, 
        1389, 
        1390, 
        1391, 
        1392, 
        1393, 
        1394, 
        1398, 
        1401, 
        1744, 
        1745, 
        1746, 
        1747, 
        1749, 
        1753, 
        1754, 
        1755, 
        1756, 
        1757, 
        1758, 
        1759, 
        1760, 
        1761, 
        1762, 
        1763, 
        1764, 
        1765, 
        1766, 
        2107, 
        2108, 
        2110, 
        2111, 
        2113, 
        2114, 
        2115, 
        2116, 
        2117, 
        2118, 
        2119, 
        2120, 
        2121, 
        2122, 
        2123, 
        2124, 
        2125, 
        2126, 
        2127, 
        2128, 
        2129, 
        2130, 
        2131, 
        2132, 
        2133, 
        2134, 
        2135, 
        2136, 
        2137, 
        2141, 
        2143, 
        2536, 
        2537, 
        2539, 
        2540, 
        2543, 
        2545, 
        2546, 
        2547, 
        2548, 
        2549, 
        2550, 
        2551, 
        2552, 
        2553, 
        2554, 
        2555, 
        2556, 
        2557, 
        2559, 
        2560, 
        2561, 
        2689, 
        2717, 
        2718, 
        2719, 
        2721, 
        2722, 
        2724, 
        3061, 
        3062, 
        3063, 
        3064, 
        3066, 
        3067, 
        3068, 
        3069, 
        3070, 
        3071, 
        3072
    ], 
    "v_start_world_frame": [
        0.7289686274214121, 
        -0.6845471059286884, 
        0.0
    ], 
    "Ttool_goal": [
        [
            0.7289686274214117, 
            -0.6845471059286887, 
            0.0, 
            -0.10999999999999999
        ], 
        [
            0.6845471059286888, 
            0.7289686274214116, 
            0.0, 
            3.044101420635937e-17
        ], 
        [
            0.0, 
            0.0, 
            1.0, 
            0.0
        ], 
        [
            0.0, 
            0.0, 
            0.0, 
            1.0
        ]
    ], 
    "tool_trajectory_world_frame": [
        [
            [
                0.7289686274214116, 
                0.6845471059286887, 
                0.0, 
                0.043738117645284694
            ], 
            [
                -0.6845471059286887, 
                0.7289686274214116, 
                0.0, 
                -0.04107282635572132
            ], 
            [
                0.0, 
                0.0, 
                1.0, 
                0.1
            ], 
            [
                0.0, 
                0.0, 
                0.0, 
                1.0
            ]
        ], 
        [
            [
                0.7289686274214116, 
                0.6845471059286887, 
                0.0, 
                0.043738117645284694
            ], 
            [
                -0.6845471059286887, 
                0.7289686274214116, 
                0.0, 
                -0.04107282635572132
            ], 
            [
                0.0, 
                0.0, 
                1.0, 
                0.0
            ], 
            [
                0.0, 
                0.0, 
                0.0, 
                1.0
            ]
        ], 
        [
            [
                0.7289686274214116, 
                0.6845471059286887, 
                0.0, 
                0.16766278430692463
            ], 
            [
                -0.6845471059286887, 
                0.7289686274214116, 
                0.0, 
                -0.1574458343635984
            ], 
            [
                0.0, 
                0.0, 
                1.0, 
                0.0
            ], 
            [
                0.0, 
                0.0, 
                0.0, 
                1.0
            ]
        ], 
        [
            [
                0.7289686274214116, 
                0.6845471059286887, 
                0.0, 
                0.16766278430692463
            ], 
            [
                -0.6845471059286887, 
                0.7289686274214116, 
                0.0, 
                -0.1574458343635984
            ], 
            [
                0.0, 
                0.0, 
                1.0, 
                0.1
            ], 
            [
                0.0, 
                0.0, 
                0.0, 
                1.0
            ]
        ]
    ], 
    "goal_contact_area_index": [
        1999, 
        2236, 
        2237, 
        2238, 
        2240, 
        2241, 
        2242, 
        2245, 
        2246, 
        2256, 
        2258, 
        2261, 
        2266, 
        2516, 
        2517, 
        2519, 
        2520, 
        2521, 
        2525, 
        2526, 
        2527, 
        2530, 
        2531, 
        2532, 
        2533, 
        2534, 
        2537, 
        2540, 
        2797, 
        2800, 
        2801, 
        2802, 
        2805, 
        2806, 
        2808, 
        2809, 
        2810, 
        2812, 
        2815, 
        2819, 
        2822, 
        2823, 
        2824, 
        2825, 
        2826, 
        2827, 
        2828, 
        2829, 
        2830, 
        2831, 
        2832, 
        2833, 
        2834, 
        2835, 
        2836, 
        2837, 
        2838, 
        2839, 
        2840, 
        2841, 
        3029, 
        3033, 
        3034, 
        3037, 
        3038, 
        3039, 
        3045, 
        3046, 
        3047, 
        3048, 
        3049, 
        3052, 
        3055, 
        3056, 
        3057, 
        3058, 
        3059, 
        3060, 
        3061, 
        3062, 
        3064, 
        3065, 
        3066, 
        3068, 
        3069, 
        3070, 
        3072, 
        3073, 
        3075, 
        3076, 
        3081, 
        3082, 
        3085, 
        3087, 
        3418, 
        3419, 
        3420, 
        3421, 
        3422, 
        3423, 
        3424, 
        3425, 
        3426, 
        3427, 
        3428, 
        3429, 
        3430, 
        3431, 
        3432, 
        3433, 
        3434, 
        3435, 
        3436, 
        3439, 
        3440, 
        3441, 
        3442, 
        3443, 
        3444, 
        3692, 
        3693, 
        3694, 
        3695, 
        3696, 
        3697, 
        3698, 
        3699, 
        3700, 
        3701, 
        3702, 
        3703, 
        3704, 
        3705, 
        3706, 
        3707, 
        3709, 
        3710, 
        3711, 
        3712, 
        3713, 
        3714, 
        3715, 
        3716, 
        3717, 
        3718, 
        3719, 
        3720, 
        3721, 
        3722, 
        3723, 
        3724, 
        3725, 
        3729, 
        3733, 
        3739, 
        3743, 
        3744, 
        3747, 
        3976, 
        3977, 
        3978, 
        8378
    ], 
    "changing_point": [
        1, 
        -2
    ], 
    "tool_trajectory_goal_frame": [
        [
            [
                0.7289686274214117, 
                0.6845471059286888, 
                0.0, 
                0.0437381176452847
            ], 
            [
                -0.6845471059286887, 
                0.7289686274214116, 
                0.0, 
                -0.04107282635572132
            ], 
            [
                0.0, 
                0.0, 
                1.0, 
                0.1
            ], 
            [
                0.0, 
                0.0, 
                0.0, 
                1.0
            ]
        ], 
        [
            [
                0.7289686274214117, 
                0.6845471059286888, 
                0.0, 
                0.0437381176452847
            ], 
            [
                -0.6845471059286887, 
                0.7289686274214116, 
                0.0, 
                -0.04107282635572132
            ], 
            [
                0.0, 
                0.0, 
                1.0, 
                0.0
            ], 
            [
                0.0, 
                0.0, 
                0.0, 
                1.0
            ]
        ], 
        [
            [
                0.7289686274214117, 
                0.6845471059286888, 
                0.0, 
                0.16766278430692466
            ], 
            [
                -0.6845471059286887, 
                0.7289686274214116, 
                0.0, 
                -0.1574458343635984
            ], 
            [
                0.0, 
                0.0, 
                1.0, 
                0.0
            ], 
            [
                0.0, 
                0.0, 
                0.0, 
                1.0
            ]
        ], 
        [
            [
                0.7289686274214117, 
                0.6845471059286888, 
                0.0, 
                0.16766278430692466
            ], 
            [
                -0.6845471059286887, 
                0.7289686274214116, 
                0.0, 
                -0.1574458343635984
            ], 
            [
                0.0, 
                0.0, 
                1.0, 
                0.1
            ], 
            [
                0.0, 
                0.0, 
                0.0, 
                1.0
            ]
        ]
    ], 
    "Teffectivestart_unhoveringstart": [
        [
            1.0000000000000002, 
            1.6232400870470934e-16, 
            0.0, 
            0.12000000000000008
        ], 
        [
            1.6232400870470934e-16, 
            1.0000000000000002, 
            0.0, 
            4.9757761572359944e-17
        ], 
        [
            0.0, 
            0.0, 
            1.0, 
            0.0
        ], 
        [
            0.0, 
            0.0, 
            0.0, 
            1.0
        ]
    ], 
    "raw sample file path": "learned_samples/ur/simulator/pointcloud/pull/meiying_L_chain_pull_tool/meiying_tool_target/raw/raw_sample_4.txt", 
    "trajectory_thetas": [
        0.12000000000000008
    ], 
    "tool": "meiying_L_chain_pull_tool", 
    "Tworld_goalend": [
        [
            1.0000000000000002, 
            4.209444989064144e-18, 
            0.0, 
            0.08747623529056939
        ], 
        [
            4.209444989064144e-18, 
            1.0, 
            0.0, 
            -0.08214565271144264
        ], 
        [
            0.0, 
            0.0, 
            1.0, 
            0.0
        ], 
        [
            0.0, 
            0.0, 
            0.0, 
            1.0
        ]
    ], 
    "Tworld_toolend": [
        [
            0.7289686274214116, 
            0.6845471059286887, 
            0.0, 
            0.16766278430692463
        ], 
        [
            -0.6845471059286887, 
            0.7289686274214116, 
            0.0, 
            -0.1574458343635984
        ], 
        [
            0.0, 
            0.0, 
            1.0, 
            0.0
        ], 
        [
            0.0, 
            0.0, 
            0.0, 
            1.0
        ]
    ], 
    "hovering_start": [
        [
            0.7289686274214117, 
            0.6845471059286888, 
            0.0, 
            0.0437381176452847
        ], 
        [
            -0.6845471059286887, 
            0.7289686274214116, 
            0.0, 
            -0.04107282635572132
        ], 
        [
            0.0, 
            0.0, 
            1.0, 
            0.1
        ], 
        [
            0.0, 
            0.0, 
            0.0, 
            1.0
        ]
    ], 
    "v_start_tool_frame": [
        1.0, 
        5.0030305984027145e-16, 
        0.0
    ], 
    "task": "pull", 
    "unhovering_start": [
        [
            0.7289686274214117, 
            0.6845471059286888, 
            0.0, 
            0.16766278430692466
        ], 
        [
            -0.6845471059286887, 
            0.7289686274214116, 
            0.0, 
            -0.1574458343635984
        ], 
        [
            0.0, 
            0.0, 
            1.0, 
            0.0
        ], 
        [
            0.0, 
            0.0, 
            0.0, 
            1.0
        ]
    ], 
    "Teffectivestart_hoveringend": [
        [
            1.0000000000000002, 
            1.6232400870470934e-16, 
            0.0, 
            -0.04999999999999997
        ], 
        [
            1.6232400870470934e-16, 
            1.0000000000000002, 
            0.0, 
            4.2192074357585443e-17
        ], 
        [
            0.0, 
            0.0, 
            1.0, 
            0.0
        ], 
        [
            0.0, 
            0.0, 
            0.0, 
            1.0
        ]
    ], 
    "Tworld_toolstart": [
        [
            0.7289686274214118, 
            0.684547105928689, 
            0.0, 
            0.08018654901635526
        ], 
        [
            -0.6845471059286887, 
            0.7289686274214116, 
            0.0, 
            -0.07530018165215578
        ], 
        [
            0.0, 
            0.0, 
            1.0, 
            0.0
        ], 
        [
            0.0, 
            0.0, 
            0.0, 
            1.0
        ]
    ], 
    "unhovering_end": [
        [
            0.7289686274214117, 
            0.6845471059286888, 
            0.0, 
            0.16766278430692466
        ], 
        [
            -0.6845471059286887, 
            0.7289686274214116, 
            0.0, 
            -0.1574458343635984
        ], 
        [
            0.0, 
            0.0, 
            1.0, 
            0.1
        ], 
        [
            0.0, 
            0.0, 
            0.0, 
            1.0
        ]
    ], 
    "trajectory_screw_axes": [
        [
            -0.0, 
            -0.0, 
            -0.0, 
            -1.0, 
            -5.0030305984027145e-16, 
            -0.0
        ]
    ]
}