{
    "Tworld_goalstart": [
        [
            1.0, 
            -2.074003326461664e-18, 
            0.0, 
            0.0
        ], 
        [
            -2.074003326461664e-18, 
            1.0, 
            0.0, 
            0.0
        ], 
        [
            0.0, 
            0.0, 
            1.0, 
            0.0
        ], 
        [
            0.0, 
            0.0, 
            0.0, 
            1.0
        ]
    ], 
    "Teffectivestart_hoveringstart": [
        [
            1.0, 
            2.074003326461664e-18, 
            0.0, 
            -0.04999999999999987
        ], 
        [
            2.074003326461664e-18, 
            1.0, 
            0.0, 
            -8.097094467839027e-18
        ], 
        [
            0.0, 
            0.0, 
            1.0, 
            0.1
        ], 
        [
            0.0, 
            0.0, 
            0.0, 
            1.0
        ]
    ], 
    "hovering_end": [
        [
            -0.18738131458572463, 
            -0.9822872507286887, 
            0.0, 
            -0.011242878875143478
        ], 
        [
            0.9822872507286887, 
            -0.18738131458572463, 
            0.0, 
            0.05893723504372132
        ], 
        [
            0.0, 
            0.0, 
            1.0, 
            0.0
        ], 
        [
            0.0, 
            0.0, 
            0.0, 
            1.0
        ]
    ], 
    "sample file path": "learned_samples/ur/simulator/pointcloud/pull/meiying_L_chain_pull_tool/meiying_tool_target/sample/sample_19.txt", 
    "v_start_goal_frame": [
        -0.1873813145857246, 
        0.9822872507286887, 
        0.0
    ], 
    "Teffectiveend_unhoveringend": [
        [
            1.0, 
            2.074003326461664e-18, 
            0.0, 
            0.0
        ], 
        [
            2.074003326461664e-18, 
            1.0, 
            0.0, 
            -7.479895040902725e-18
        ], 
        [
            0.0, 
            0.0, 
            1.0, 
            0.1
        ], 
        [
            0.0, 
            0.0, 
            0.0, 
            1.0
        ]
    ], 
    "task_type": "pose_change", 
    "goal": "meiying_tool_target", 
    "trajectory": [
        [
            [
                1.0, 
                2.074003326461664e-18, 
                0.0, 
                0.0
            ], 
            [
                2.074003326461664e-18, 
                1.0, 
                0.0, 
                6.6394934886914e-19
            ], 
            [
                0.0, 
                0.0, 
                1.0, 
                0.0
            ], 
            [
                0.0, 
                0.0, 
                0.0, 
                1.0
            ]
        ], 
        [
            [
                1.0, 
                2.074003326461664e-18, 
                0.0, 
                0.5700000000000001
            ], 
            [
                2.074003326461664e-18, 
                1.0, 
                0.0, 
                -1.7888235896763568e-17
            ], 
            [
                0.0, 
                0.0, 
                1.0, 
                0.0
            ], 
            [
                0.0, 
                0.0, 
                0.0, 
                1.0
            ]
        ]
    ], 
    "tool_contact_area_index": [
        711, 
        945, 
        946, 
        1124, 
        1127, 
        1130, 
        1364, 
        1369, 
        1372, 
        1375, 
        1376, 
        1377, 
        1378, 
        1381, 
        1382, 
        1383, 
        1384, 
        1385, 
        1394, 
        1399, 
        1401, 
        1739, 
        1741, 
        1742, 
        1746, 
        1748, 
        1749, 
        1750, 
        1752, 
        1754, 
        1755, 
        1759, 
        1760, 
        1761, 
        1762, 
        1763, 
        1764, 
        1765, 
        1766, 
        2104, 
        2105, 
        2106, 
        2108, 
        2109, 
        2111, 
        2112, 
        2114, 
        2115, 
        2116, 
        2117, 
        2118, 
        2119, 
        2120, 
        2121, 
        2122, 
        2123, 
        2124, 
        2125, 
        2127, 
        2128, 
        2130, 
        2131, 
        2132, 
        2133, 
        2134, 
        2135, 
        2136, 
        2139, 
        2141, 
        2536, 
        2542, 
        2544, 
        2545, 
        2546, 
        2547, 
        2548, 
        2549, 
        2550, 
        2551, 
        2552, 
        2553, 
        2554, 
        2556, 
        2558, 
        2559, 
        2560, 
        2563, 
        2696, 
        2709, 
        2717, 
        2718, 
        2720, 
        2721, 
        2723, 
        2724, 
        3068, 
        3069, 
        3070, 
        3071, 
        3072
    ], 
    "v_start_world_frame": [
        -0.1873813145857246, 
        0.9822872507286887, 
        0.0
    ], 
    "Ttool_goal": [
        [
            -0.18738131458572463, 
            0.9822872507286887, 
            0.0, 
            -0.10999999999999988
        ], 
        [
            -0.9822872507286887, 
            -0.18738131458572463, 
            0.0, 
            -9.01944158273625e-18
        ], 
        [
            0.0, 
            0.0, 
            1.0, 
            0.0
        ], 
        [
            0.0, 
            0.0, 
            0.0, 
            1.0
        ]
    ], 
    "tool_trajectory_world_frame": [
        [
            [
                -0.18738131458572463, 
                -0.9822872507286887, 
                0.0, 
                -0.011242878875143478
            ], 
            [
                0.9822872507286887, 
                -0.18738131458572463, 
                0.0, 
                0.05893723504372132
            ], 
            [
                0.0, 
                0.0, 
                1.0, 
                0.1
            ], 
            [
                0.0, 
                0.0, 
                0.0, 
                1.0
            ]
        ], 
        [
            [
                -0.18738131458572463, 
                -0.9822872507286887, 
                0.0, 
                -0.011242878875143478
            ], 
            [
                0.9822872507286887, 
                -0.18738131458572463, 
                0.0, 
                0.05893723504372132
            ], 
            [
                0.0, 
                0.0, 
                1.0, 
                0.0
            ], 
            [
                0.0, 
                0.0, 
                0.0, 
                1.0
            ]
        ], 
        [
            [
                -0.18738131458572463, 
                -0.9822872507286887, 
                0.0, 
                -0.12741929391829274
            ], 
            [
                0.9822872507286887, 
                -0.18738131458572463, 
                0.0, 
                0.6679553304955083
            ], 
            [
                0.0, 
                0.0, 
                1.0, 
                0.0
            ], 
            [
                0.0, 
                0.0, 
                0.0, 
                1.0
            ]
        ], 
        [
            [
                -0.18738131458572463, 
                -0.9822872507286887, 
                0.0, 
                -0.12741929391829274
            ], 
            [
                0.9822872507286887, 
                -0.18738131458572463, 
                0.0, 
                0.6679553304955083
            ], 
            [
                0.0, 
                0.0, 
                1.0, 
                0.1
            ], 
            [
                0.0, 
                0.0, 
                0.0, 
                1.0
            ]
        ]
    ], 
    "goal_contact_area_index": [
        4424, 
        4446, 
        4581, 
        4592, 
        4600, 
        4602, 
        4604, 
        4605, 
        4606, 
        4607, 
        4608, 
        4609, 
        4610, 
        4611, 
        4613, 
        4614, 
        4615, 
        4616, 
        4617, 
        4618, 
        4619, 
        4620, 
        4621, 
        4622, 
        4623, 
        4624, 
        4625, 
        4824, 
        4826, 
        4827, 
        4828, 
        4830, 
        4831, 
        4832, 
        4833, 
        4835, 
        4836, 
        4843, 
        4845, 
        4854, 
        4857, 
        5013, 
        5014, 
        5015, 
        5016, 
        5017, 
        5018, 
        5019, 
        5020, 
        5021, 
        5022, 
        5023, 
        5024, 
        5025, 
        5026, 
        5027, 
        5028, 
        5029, 
        5030, 
        5031, 
        5032, 
        5034, 
        5035, 
        5038, 
        5040, 
        5041, 
        5042, 
        5043, 
        5044, 
        5045, 
        5047, 
        5177, 
        5178, 
        5179, 
        5180, 
        5181, 
        5184, 
        5186, 
        5189, 
        5190, 
        5191, 
        5193, 
        5263, 
        5264, 
        5266, 
        5269
    ], 
    "changing_point": [
        1, 
        -2
    ], 
    "tool_trajectory_goal_frame": [
        [
            [
                -0.18738131458572463, 
                -0.9822872507286887, 
                0.0, 
                -0.011242878875143478
            ], 
            [
                0.9822872507286887, 
                -0.18738131458572463, 
                0.0, 
                0.05893723504372132
            ], 
            [
                0.0, 
                0.0, 
                1.0, 
                0.1
            ], 
            [
                0.0, 
                0.0, 
                0.0, 
                1.0
            ]
        ], 
        [
            [
                -0.18738131458572463, 
                -0.9822872507286887, 
                0.0, 
                -0.011242878875143478
            ], 
            [
                0.9822872507286887, 
                -0.18738131458572463, 
                0.0, 
                0.05893723504372132
            ], 
            [
                0.0, 
                0.0, 
                1.0, 
                0.0
            ], 
            [
                0.0, 
                0.0, 
                0.0, 
                1.0
            ]
        ], 
        [
            [
                -0.18738131458572463, 
                -0.9822872507286887, 
                0.0, 
                -0.12741929391829274
            ], 
            [
                0.9822872507286887, 
                -0.18738131458572463, 
                0.0, 
                0.6679553304955083
            ], 
            [
                0.0, 
                0.0, 
                1.0, 
                0.0
            ], 
            [
                0.0, 
                0.0, 
                0.0, 
                1.0
            ]
        ], 
        [
            [
                -0.18738131458572463, 
                -0.9822872507286887, 
                0.0, 
                -0.12741929391829274
            ], 
            [
                0.9822872507286887, 
                -0.18738131458572463, 
                0.0, 
                0.6679553304955083
            ], 
            [
                0.0, 
                0.0, 
                1.0, 
                0.1
            ], 
            [
                0.0, 
                0.0, 
                0.0, 
                1.0
            ]
        ]
    ], 
    "Teffectivestart_unhoveringstart": [
        [
            1.0, 
            2.074003326461664e-18, 
            0.0, 
            0.5700000000000001
        ], 
        [
            2.074003326461664e-18, 
            1.0, 
            0.0, 
            -1.6499336623638975e-17
        ], 
        [
            0.0, 
            0.0, 
            1.0, 
            0.0
        ], 
        [
            0.0, 
            0.0, 
            0.0, 
            1.0
        ]
    ], 
    "raw sample file path": "learned_samples/ur/simulator/pointcloud/pull/meiying_L_chain_pull_tool/meiying_tool_target/raw/raw_sample_19.txt", 
    "trajectory_thetas": [
        0.5700000000000001
    ], 
    "tool": "meiying_L_chain_pull_tool", 
    "Tworld_goalend": [
        [
            1.0, 
            -2.074003326461664e-18, 
            0.0, 
            -0.10680734931386303
        ], 
        [
            -2.074003326461664e-18, 
            1.0, 
            0.0, 
            0.5599037329153526
        ], 
        [
            0.0, 
            0.0, 
            1.0, 
            0.0
        ], 
        [
            0.0, 
            0.0, 
            0.0, 
            1.0
        ]
    ], 
    "Tworld_toolend": [
        [
            -0.18738131458572463, 
            -0.9822872507286887, 
            0.0, 
            -0.12741929391829274
        ], 
        [
            0.9822872507286887, 
            -0.18738131458572463, 
            0.0, 
            0.6679553304955083
        ], 
        [
            0.0, 
            0.0, 
            1.0, 
            0.0
        ], 
        [
            0.0, 
            0.0, 
            0.0, 
            1.0
        ]
    ], 
    "hovering_start": [
        [
            -0.18738131458572463, 
            -0.9822872507286887, 
            0.0, 
            -0.011242878875143478
        ], 
        [
            0.9822872507286887, 
            -0.18738131458572463, 
            0.0, 
            0.05893723504372132
        ], 
        [
            0.0, 
            0.0, 
            1.0, 
            0.1
        ], 
        [
            0.0, 
            0.0, 
            0.0, 
            1.0
        ]
    ], 
    "v_start_tool_frame": [
        1.0, 
        -3.0473690086929045e-17, 
        0.0
    ], 
    "task": "pull", 
    "unhovering_start": [
        [
            -0.18738131458572463, 
            -0.9822872507286887, 
            0.0, 
            -0.12741929391829274
        ], 
        [
            0.9822872507286887, 
            -0.18738131458572463, 
            0.0, 
            0.6679553304955083
        ], 
        [
            0.0, 
            0.0, 
            1.0, 
            0.0
        ], 
        [
            0.0, 
            0.0, 
            0.0, 
            1.0
        ]
    ], 
    "Teffectivestart_hoveringend": [
        [
            1.0, 
            2.074003326461664e-18, 
            0.0, 
            -0.04999999999999987
        ], 
        [
            2.074003326461664e-18, 
            1.0, 
            0.0, 
            -8.097094467839027e-18
        ], 
        [
            0.0, 
            0.0, 
            1.0, 
            0.0
        ], 
        [
            0.0, 
            0.0, 
            0.0, 
            1.0
        ]
    ], 
    "Tworld_toolstart": [
        [
            -0.18738131458572463, 
            -0.9822872507286887, 
            0.0, 
            -0.020611944604429697
        ], 
        [
            0.9822872507286887, 
            -0.18738131458572463, 
            0.0, 
            0.10805159758015563
        ], 
        [
            0.0, 
            0.0, 
            1.0, 
            0.0
        ], 
        [
            0.0, 
            0.0, 
            0.0, 
            1.0
        ]
    ], 
    "unhovering_end": [
        [
            -0.18738131458572463, 
            -0.9822872507286887, 
            0.0, 
            -0.12741929391829274
        ], 
        [
            0.9822872507286887, 
            -0.18738131458572463, 
            0.0, 
            0.6679553304955083
        ], 
        [
            0.0, 
            0.0, 
            1.0, 
            0.1
        ], 
        [
            0.0, 
            0.0, 
            0.0, 
            1.0
        ]
    ], 
    "trajectory_screw_axes": [
        [
            -0.0, 
            -0.0, 
            -0.0, 
            -1.0, 
            3.0473690086929045e-17, 
            -0.0
        ]
    ]
}