{
    "Tworld_goalstart": [
        [
            0.9999999999999999, 
            -1.3361886740378004e-17, 
            0.0, 
            0.0
        ], 
        [
            -1.3361886740378004e-17, 
            0.9999999999999999, 
            0.0, 
            0.0
        ], 
        [
            0.0, 
            0.0, 
            1.0, 
            0.0
        ], 
        [
            0.0, 
            0.0, 
            0.0, 
            1.0
        ]
    ], 
    "Teffectivestart_hoveringstart": [
        [
            0.9999999999999997, 
            -2.3609960579810988e-17, 
            0.0, 
            -0.05
        ], 
        [
            -2.3609960579810988e-17, 
            0.9999999999999997, 
            0.0, 
            -9.645995772019788e-18
        ], 
        [
            0.0, 
            0.0, 
            1.0, 
            0.1
        ], 
        [
            0.0, 
            0.0, 
            0.0, 
            1.0
        ]
    ], 
    "hovering_end": [
        [
            -0.929776485888251, 
            0.3681245526846785, 
            0.0, 
            -0.05578658915329506
        ], 
        [
            -0.3681245526846785, 
            -0.929776485888251, 
            0.0, 
            -0.022087473161080708
        ], 
        [
            0.0, 
            0.0, 
            1.0, 
            0.0
        ], 
        [
            0.0, 
            0.0, 
            0.0, 
            1.0
        ]
    ], 
    "sample file path": "learned_samples/ur/simulator/pointcloud/pull/meiying_L_chain_pull_tool/meiying_tool_target/sample/sample_12.txt", 
    "v_start_goal_frame": [
        -0.9297764858882508, 
        -0.36812455268467836, 
        0.0
    ], 
    "Teffectiveend_unhoveringend": [
        [
            0.9999999999999997, 
            -2.3609960579810988e-17, 
            0.0, 
            5.551115123125783e-17
        ], 
        [
            -2.3609960579810988e-17, 
            0.9999999999999997, 
            0.0, 
            -1.0395007612378585e-17
        ], 
        [
            0.0, 
            0.0, 
            1.0, 
            0.1
        ], 
        [
            0.0, 
            0.0, 
            0.0, 
            1.0
        ]
    ], 
    "task_type": "pose_change", 
    "goal": "meiying_tool_target", 
    "trajectory": [
        [
            [
                0.9999999999999997, 
                -2.3609960579810988e-17, 
                0.0, 
                0.0
            ], 
            [
                -2.3609960579810988e-17, 
                0.9999999999999997, 
                0.0, 
                -2.733532247693877e-18
            ], 
            [
                0.0, 
                0.0, 
                1.0, 
                0.0
            ], 
            [
                0.0, 
                0.0, 
                0.0, 
                1.0
            ]
        ], 
        [
            [
                0.9999999999999997, 
                -2.3609960579810988e-17, 
                0.0, 
                0.3599999999999999
            ], 
            [
                -2.3609960579810988e-17, 
                0.9999999999999997, 
                0.0, 
                1.04216740993431e-17
            ], 
            [
                0.0, 
                0.0, 
                1.0, 
                0.0
            ], 
            [
                0.0, 
                0.0, 
                0.0, 
                1.0
            ]
        ]
    ], 
    "tool_contact_area_index": [
        945, 
        946, 
        1120, 
        1124, 
        1134, 
        1135, 
        1138, 
        1139, 
        1381, 
        1382, 
        1383, 
        1385, 
        1386, 
        1387, 
        1388, 
        1389, 
        1390, 
        1391, 
        1392, 
        1393, 
        1395, 
        1397, 
        1399, 
        1401, 
        1402, 
        1754, 
        1755, 
        1756, 
        1757, 
        1758, 
        1759, 
        1760, 
        1761, 
        1762, 
        1763, 
        1765, 
        1766, 
        2111, 
        2113, 
        2114, 
        2115, 
        2116, 
        2117, 
        2118, 
        2119, 
        2120, 
        2121, 
        2122, 
        2123, 
        2124, 
        2125, 
        2126, 
        2127, 
        2128, 
        2129, 
        2130, 
        2131, 
        2132, 
        2133, 
        2134, 
        2135, 
        2136, 
        2140, 
        2143, 
        2531, 
        2532, 
        2538, 
        2540, 
        2542, 
        2546, 
        2547, 
        2548, 
        2549, 
        2550, 
        2551, 
        2552, 
        2553, 
        2554, 
        2555, 
        2556, 
        2557, 
        2560, 
        2561, 
        2564, 
        2720, 
        2721, 
        2722, 
        3062, 
        3064, 
        3068, 
        3069, 
        3070, 
        3071, 
        3072
    ], 
    "v_start_world_frame": [
        -0.9297764858882509, 
        -0.3681245526846784, 
        0.0
    ], 
    "Ttool_goal": [
        [
            -0.929776485888251, 
            -0.3681245526846785, 
            0.0, 
            -0.10999999999999999
        ], 
        [
            0.3681245526846785, 
            -0.929776485888251, 
            0.0, 
            -8.287870958908843e-18
        ], 
        [
            0.0, 
            0.0, 
            1.0, 
            0.0
        ], 
        [
            0.0, 
            0.0, 
            0.0, 
            1.0
        ]
    ], 
    "tool_trajectory_world_frame": [
        [
            [
                -0.9297764858882511, 
                0.36812455268467853, 
                0.0, 
                -0.05578658915329507
            ], 
            [
                -0.36812455268467853, 
                -0.9297764858882511, 
                0.0, 
                -0.02208747316108071
            ], 
            [
                0.0, 
                0.0, 
                1.0, 
                0.1
            ], 
            [
                0.0, 
                0.0, 
                0.0, 
                1.0
            ]
        ], 
        [
            [
                -0.9297764858882511, 
                0.36812455268467853, 
                0.0, 
                -0.05578658915329507
            ], 
            [
                -0.36812455268467853, 
                -0.9297764858882511, 
                0.0, 
                -0.02208747316108071
            ], 
            [
                0.0, 
                0.0, 
                1.0, 
                0.0
            ], 
            [
                0.0, 
                0.0, 
                0.0, 
                1.0
            ]
        ], 
        [
            [
                -0.9297764858882511, 
                0.36812455268467853, 
                0.0, 
                -0.436994948367478
            ], 
            [
                -0.36812455268467853, 
                -0.9297764858882511, 
                0.0, 
                -0.1730185397617989
            ], 
            [
                0.0, 
                0.0, 
                1.0, 
                0.0
            ], 
            [
                0.0, 
                0.0, 
                0.0, 
                1.0
            ]
        ], 
        [
            [
                -0.9297764858882511, 
                0.36812455268467853, 
                0.0, 
                -0.436994948367478
            ], 
            [
                -0.36812455268467853, 
                -0.9297764858882511, 
                0.0, 
                -0.1730185397617989
            ], 
            [
                0.0, 
                0.0, 
                1.0, 
                0.1
            ], 
            [
                0.0, 
                0.0, 
                0.0, 
                1.0
            ]
        ]
    ], 
    "goal_contact_area_index": [
        4372, 
        4384, 
        4390, 
        4399, 
        4523, 
        4524, 
        4525, 
        4526, 
        4527, 
        4528, 
        4529, 
        4530, 
        4531, 
        4532, 
        4533, 
        4534, 
        4535, 
        4536, 
        4539, 
        4541, 
        4545, 
        4559, 
        4566, 
        4568, 
        4571, 
        4573, 
        4727, 
        4729, 
        4731, 
        4733, 
        4734, 
        4735, 
        4736, 
        4737, 
        4738, 
        4739, 
        4740, 
        4741, 
        4742, 
        4743, 
        4746, 
        4747, 
        4748, 
        4750, 
        4752, 
        4753, 
        4754, 
        4755, 
        4756, 
        4757, 
        4758, 
        4759, 
        4760, 
        4761, 
        4762, 
        4763, 
        4764, 
        4766, 
        4767, 
        4768, 
        4769, 
        4770, 
        4771, 
        4772, 
        4773, 
        4774, 
        4775, 
        4776, 
        4777, 
        4779, 
        4780, 
        4781, 
        4783, 
        4784, 
        4786, 
        4787, 
        4788, 
        4789, 
        4790, 
        4791, 
        4792, 
        4793, 
        4794, 
        4795, 
        4796, 
        4797, 
        4798, 
        4799, 
        4800, 
        4801, 
        4802, 
        4803, 
        4804, 
        4806, 
        4808, 
        4809, 
        4810, 
        4941, 
        4943, 
        4944, 
        4945, 
        4946, 
        4948, 
        4949, 
        4975, 
        4976, 
        5116, 
        5117, 
        5118, 
        5129, 
        5225, 
        5226, 
        5227, 
        5228, 
        5229, 
        5230, 
        5231, 
        5355, 
        5361, 
        5362
    ], 
    "changing_point": [
        1, 
        -2
    ], 
    "tool_trajectory_goal_frame": [
        [
            [
                -0.929776485888251, 
                0.3681245526846785, 
                0.0, 
                -0.05578658915329506
            ], 
            [
                -0.3681245526846785, 
                -0.929776485888251, 
                0.0, 
                -0.022087473161080708
            ], 
            [
                0.0, 
                0.0, 
                1.0, 
                0.1
            ], 
            [
                0.0, 
                0.0, 
                0.0, 
                1.0
            ]
        ], 
        [
            [
                -0.929776485888251, 
                0.3681245526846785, 
                0.0, 
                -0.05578658915329506
            ], 
            [
                -0.3681245526846785, 
                -0.929776485888251, 
                0.0, 
                -0.022087473161080708
            ], 
            [
                0.0, 
                0.0, 
                1.0, 
                0.0
            ], 
            [
                0.0, 
                0.0, 
                0.0, 
                1.0
            ]
        ], 
        [
            [
                -0.929776485888251, 
                0.3681245526846785, 
                0.0, 
                -0.43699494836747793
            ], 
            [
                -0.3681245526846785, 
                -0.929776485888251, 
                0.0, 
                -0.17301853976179887
            ], 
            [
                0.0, 
                0.0, 
                1.0, 
                0.0
            ], 
            [
                0.0, 
                0.0, 
                0.0, 
                1.0
            ]
        ], 
        [
            [
                -0.929776485888251, 
                0.3681245526846785, 
                0.0, 
                -0.43699494836747793
            ], 
            [
                -0.3681245526846785, 
                -0.929776485888251, 
                0.0, 
                -0.17301853976179887
            ], 
            [
                0.0, 
                0.0, 
                1.0, 
                0.1
            ], 
            [
                0.0, 
                0.0, 
                0.0, 
                1.0
            ]
        ]
    ], 
    "Teffectivestart_unhoveringstart": [
        [
            0.9999999999999997, 
            -2.3609960579810988e-17, 
            0.0, 
            0.3599999999999998
        ], 
        [
            -2.3609960579810988e-17, 
            0.9999999999999997, 
            0.0, 
            9.072697044341486e-18
        ], 
        [
            0.0, 
            0.0, 
            1.0, 
            0.0
        ], 
        [
            0.0, 
            0.0, 
            0.0, 
            1.0
        ]
    ], 
    "raw sample file path": "learned_samples/ur/simulator/pointcloud/pull/meiying_L_chain_pull_tool/meiying_tool_target/raw/raw_sample_12.txt", 
    "trajectory_thetas": [
        0.35999999999999976
    ], 
    "tool": "meiying_L_chain_pull_tool", 
    "Tworld_goalend": [
        [
            0.9999999999999999, 
            -1.3361886740378004e-17, 
            0.0, 
            -0.3347195349197704
        ], 
        [
            -1.3361886740378004e-17, 
            0.9999999999999999, 
            0.0, 
            -0.13252483896648426
        ], 
        [
            0.0, 
            0.0, 
            1.0, 
            0.0
        ], 
        [
            0.0, 
            0.0, 
            0.0, 
            1.0
        ]
    ], 
    "Tworld_toolend": [
        [
            -0.9297764858882511, 
            0.36812455268467853, 
            0.0, 
            -0.436994948367478
        ], 
        [
            -0.36812455268467853, 
            -0.9297764858882511, 
            0.0, 
            -0.1730185397617989
        ], 
        [
            0.0, 
            0.0, 
            1.0, 
            0.0
        ], 
        [
            0.0, 
            0.0, 
            0.0, 
            1.0
        ]
    ], 
    "hovering_start": [
        [
            -0.929776485888251, 
            0.3681245526846785, 
            0.0, 
            -0.05578658915329506
        ], 
        [
            -0.3681245526846785, 
            -0.929776485888251, 
            0.0, 
            -0.022087473161080708
        ], 
        [
            0.0, 
            0.0, 
            1.0, 
            0.1
        ], 
        [
            0.0, 
            0.0, 
            0.0, 
            1.0
        ]
    ], 
    "v_start_tool_frame": [
        1.0, 
        1.2932279273069511e-17, 
        0.0
    ], 
    "task": "pull", 
    "unhovering_start": [
        [
            -0.929776485888251, 
            0.3681245526846785, 
            0.0, 
            -0.43699494836747793
        ], 
        [
            -0.3681245526846785, 
            -0.929776485888251, 
            0.0, 
            -0.17301853976179887
        ], 
        [
            0.0, 
            0.0, 
            1.0, 
            0.0
        ], 
        [
            0.0, 
            0.0, 
            0.0, 
            1.0
        ]
    ], 
    "Teffectivestart_hoveringend": [
        [
            0.9999999999999997, 
            -2.3609960579810988e-17, 
            0.0, 
            -0.05
        ], 
        [
            -2.3609960579810988e-17, 
            0.9999999999999997, 
            0.0, 
            -9.645995772019788e-18
        ], 
        [
            0.0, 
            0.0, 
            1.0, 
            0.0
        ], 
        [
            0.0, 
            0.0, 
            0.0, 
            1.0
        ]
    ], 
    "Tworld_toolstart": [
        [
            -0.9297764858882509, 
            0.3681245526846784, 
            0.0, 
            -0.10227541344770759
        ], 
        [
            -0.3681245526846784, 
            -0.9297764858882509, 
            0.0, 
            -0.04049370079531463
        ], 
        [
            0.0, 
            0.0, 
            1.0, 
            0.0
        ], 
        [
            0.0, 
            0.0, 
            0.0, 
            1.0
        ]
    ], 
    "unhovering_end": [
        [
            -0.929776485888251, 
            0.3681245526846785, 
            0.0, 
            -0.43699494836747793
        ], 
        [
            -0.3681245526846785, 
            -0.929776485888251, 
            0.0, 
            -0.17301853976179887
        ], 
        [
            0.0, 
            0.0, 
            1.0, 
            0.1
        ], 
        [
            0.0, 
            0.0, 
            0.0, 
            1.0
        ]
    ], 
    "trajectory_screw_axes": [
        [
            -0.0, 
            -0.0, 
            -0.0, 
            -1.0, 
            -1.2932279273069511e-17, 
            -0.0
        ]
    ]
}