{
    "Tworld_goalstart": [
        [
            1.0, 
            -5.9838275342127266e-18, 
            0.0, 
            0.0
        ], 
        [
            -5.9838275342127266e-18, 
            1.0, 
            0.0, 
            0.0
        ], 
        [
            0.0, 
            0.0, 
            1.0, 
            0.0
        ], 
        [
            0.0, 
            0.0, 
            0.0, 
            1.0
        ]
    ], 
    "Teffectivestart_hoveringstart": [
        [
            1.0, 
            5.9838275342127266e-18, 
            0.0, 
            -0.05000000000000015
        ], 
        [
            5.9838275342127266e-18, 
            1.0, 
            0.0, 
            -3.1463205857514807e-18
        ], 
        [
            0.0, 
            0.0, 
            1.0, 
            0.1
        ], 
        [
            0.0, 
            0.0, 
            0.0, 
            1.0
        ]
    ], 
    "hovering_end": [
        [
            -0.992114701314478, 
            -0.12533323356430343, 
            0.0, 
            -0.05952688207886868
        ], 
        [
            0.12533323356430343, 
            -0.992114701314478, 
            0.0, 
            0.007519994013858205
        ], 
        [
            0.0, 
            0.0, 
            1.0, 
            0.0
        ], 
        [
            0.0, 
            0.0, 
            0.0, 
            1.0
        ]
    ], 
    "sample file path": "learned_samples/ur/simulator/pointcloud/pull/meiying_L_chain_pull_tool/meiying_tool_target/sample/sample_14.txt", 
    "v_start_goal_frame": [
        -0.992114701314478, 
        0.12533323356430345, 
        0.0
    ], 
    "Teffectiveend_unhoveringend": [
        [
            1.0, 
            5.9838275342127266e-18, 
            0.0, 
            0.0
        ], 
        [
            5.9838275342127266e-18, 
            1.0, 
            0.0, 
            -4.6732521561461476e-18
        ], 
        [
            0.0, 
            0.0, 
            1.0, 
            0.1
        ], 
        [
            0.0, 
            0.0, 
            0.0, 
            1.0
        ]
    ], 
    "task_type": "pose_change", 
    "goal": "meiying_tool_target", 
    "trajectory": [
        [
            [
                1.0, 
                5.9838275342127266e-18, 
                0.0, 
                0.0
            ], 
            [
                5.9838275342127266e-18, 
                1.0, 
                0.0, 
                -4.7314208433407e-19
            ], 
            [
                0.0, 
                0.0, 
                1.0, 
                0.0
            ], 
            [
                0.0, 
                0.0, 
                0.0, 
                1.0
            ]
        ], 
        [
            [
                1.0, 
                5.9838275342127266e-18, 
                0.0, 
                0.42
            ], 
            [
                5.9838275342127266e-18, 
                1.0, 
                0.0, 
                -9.877422584076569e-18
            ], 
            [
                0.0, 
                0.0, 
                1.0, 
                0.0
            ], 
            [
                0.0, 
                0.0, 
                0.0, 
                1.0
            ]
        ]
    ], 
    "tool_contact_area_index": [
        941, 
        944, 
        945, 
        946, 
        1129, 
        1130, 
        1131, 
        1134, 
        1135, 
        1136, 
        1137, 
        1138, 
        1139, 
        1145, 
        1368, 
        1371, 
        1373, 
        1374, 
        1376, 
        1377, 
        1378, 
        1379, 
        1380, 
        1381, 
        1382, 
        1383, 
        1386, 
        1387, 
        1389, 
        1390, 
        1391, 
        1392, 
        1393, 
        1404, 
        1737, 
        1738, 
        1740, 
        1741, 
        1742, 
        1744, 
        1745, 
        1746, 
        1747, 
        1748, 
        1749, 
        1750, 
        1751, 
        1752, 
        1753, 
        1760, 
        1762, 
        2104, 
        2105, 
        2106, 
        2107, 
        2108, 
        2109, 
        2110, 
        2111, 
        2112, 
        2113, 
        2115, 
        2116, 
        2118, 
        2119, 
        2120, 
        2121, 
        2122, 
        2123, 
        2124, 
        2125, 
        2126, 
        2127, 
        2129, 
        2130, 
        2131, 
        2132, 
        2136, 
        2539, 
        2540, 
        2542, 
        2544, 
        2545, 
        2546, 
        2548, 
        2549, 
        2550, 
        2551, 
        2552, 
        2553, 
        2554, 
        2555, 
        2559, 
        2699, 
        3061, 
        3062, 
        3068, 
        3069, 
        3070, 
        3071, 
        3072
    ], 
    "v_start_world_frame": [
        -0.992114701314478, 
        0.12533323356430345, 
        0.0
    ], 
    "Ttool_goal": [
        [
            -0.992114701314478, 
            0.12533323356430343, 
            0.0, 
            -0.11000000000000015
        ], 
        [
            -0.12533323356430343, 
            -0.992114701314478, 
            0.0, 
            -4.159073633577485e-18
        ], 
        [
            0.0, 
            0.0, 
            1.0, 
            0.0
        ], 
        [
            0.0, 
            0.0, 
            0.0, 
            1.0
        ]
    ], 
    "tool_trajectory_world_frame": [
        [
            [
                -0.992114701314478, 
                -0.12533323356430343, 
                0.0, 
                -0.05952688207886868
            ], 
            [
                0.12533323356430343, 
                -0.992114701314478, 
                0.0, 
                0.007519994013858205
            ], 
            [
                0.0, 
                0.0, 
                1.0, 
                0.1
            ], 
            [
                0.0, 
                0.0, 
                0.0, 
                1.0
            ]
        ], 
        [
            [
                -0.992114701314478, 
                -0.12533323356430343, 
                0.0, 
                -0.05952688207886868
            ], 
            [
                0.12533323356430343, 
                -0.992114701314478, 
                0.0, 
                0.007519994013858205
            ], 
            [
                0.0, 
                0.0, 
                1.0, 
                0.0
            ], 
            [
                0.0, 
                0.0, 
                0.0, 
                1.0
            ]
        ], 
        [
            [
                -0.992114701314478, 
                -0.12533323356430343, 
                0.0, 
                -0.5258207916966734
            ], 
            [
                0.12533323356430343, 
                -0.992114701314478, 
                0.0, 
                0.06642661378908082
            ], 
            [
                0.0, 
                0.0, 
                1.0, 
                0.0
            ], 
            [
                0.0, 
                0.0, 
                0.0, 
                1.0
            ]
        ], 
        [
            [
                -0.992114701314478, 
                -0.12533323356430343, 
                0.0, 
                -0.5258207916966734
            ], 
            [
                0.12533323356430343, 
                -0.992114701314478, 
                0.0, 
                0.06642661378908082
            ], 
            [
                0.0, 
                0.0, 
                1.0, 
                0.1
            ], 
            [
                0.0, 
                0.0, 
                0.0, 
                1.0
            ]
        ]
    ], 
    "goal_contact_area_index": [
        3838, 
        3843, 
        4021, 
        4026, 
        4027, 
        4028, 
        4030, 
        4031, 
        4208, 
        4209, 
        4210, 
        4211, 
        4213, 
        4214, 
        4215, 
        4216, 
        4217, 
        4218, 
        4219, 
        4220, 
        4221, 
        4222, 
        4226, 
        4228, 
        4233, 
        4390, 
        4391, 
        4393, 
        4396, 
        4398, 
        4401, 
        4402, 
        4403, 
        4404, 
        4405, 
        4406, 
        4408, 
        4548, 
        4549, 
        4550, 
        4551, 
        4552, 
        4553, 
        4557, 
        4558, 
        4559, 
        4560, 
        4564, 
        4567, 
        4569, 
        4571, 
        4572, 
        4573, 
        4574, 
        4575, 
        4576, 
        4805, 
        4806, 
        4807, 
        4810, 
        4952, 
        4953, 
        4954, 
        4955, 
        4956, 
        4957, 
        4958, 
        4959, 
        4962, 
        4964, 
        4965, 
        4967, 
        4968, 
        4969, 
        4970, 
        4971, 
        4972, 
        4973, 
        4975, 
        4976, 
        4977, 
        4978, 
        5119, 
        5121, 
        5122, 
        5123, 
        5124, 
        5125, 
        5128, 
        5129, 
        5130, 
        5132, 
        5133, 
        5134, 
        5232, 
        5233, 
        5234, 
        5235, 
        5236, 
        5237, 
        5362, 
        5364, 
        5366, 
        5367, 
        5368, 
        5369, 
        5370, 
        5371, 
        5554, 
        5560, 
        5564, 
        5570, 
        5571, 
        5572, 
        5573, 
        5574, 
        5576, 
        5577, 
        5578, 
        5579, 
        5580, 
        5581, 
        5582, 
        5584, 
        5585, 
        5586, 
        5587, 
        5588, 
        5589, 
        5592, 
        5593, 
        5784, 
        5785, 
        5788, 
        5793, 
        5794, 
        5795, 
        5796, 
        5797, 
        5798, 
        5800, 
        6053, 
        6058
    ], 
    "changing_point": [
        1, 
        -2
    ], 
    "tool_trajectory_goal_frame": [
        [
            [
                -0.992114701314478, 
                -0.12533323356430343, 
                0.0, 
                -0.05952688207886868
            ], 
            [
                0.12533323356430343, 
                -0.992114701314478, 
                0.0, 
                0.007519994013858205
            ], 
            [
                0.0, 
                0.0, 
                1.0, 
                0.1
            ], 
            [
                0.0, 
                0.0, 
                0.0, 
                1.0
            ]
        ], 
        [
            [
                -0.992114701314478, 
                -0.12533323356430343, 
                0.0, 
                -0.05952688207886868
            ], 
            [
                0.12533323356430343, 
                -0.992114701314478, 
                0.0, 
                0.007519994013858205
            ], 
            [
                0.0, 
                0.0, 
                1.0, 
                0.0
            ], 
            [
                0.0, 
                0.0, 
                0.0, 
                1.0
            ]
        ], 
        [
            [
                -0.992114701314478, 
                -0.12533323356430343, 
                0.0, 
                -0.5258207916966734
            ], 
            [
                0.12533323356430343, 
                -0.992114701314478, 
                0.0, 
                0.06642661378908082
            ], 
            [
                0.0, 
                0.0, 
                1.0, 
                0.0
            ], 
            [
                0.0, 
                0.0, 
                0.0, 
                1.0
            ]
        ], 
        [
            [
                -0.992114701314478, 
                -0.12533323356430343, 
                0.0, 
                -0.5258207916966734
            ], 
            [
                0.12533323356430343, 
                -0.992114701314478, 
                0.0, 
                0.06642661378908082
            ], 
            [
                0.0, 
                0.0, 
                1.0, 
                0.1
            ], 
            [
                0.0, 
                0.0, 
                0.0, 
                1.0
            ]
        ]
    ], 
    "Teffectivestart_unhoveringstart": [
        [
            1.0, 
            5.9838275342127266e-18, 
            0.0, 
            0.42
        ], 
        [
            5.9838275342127266e-18, 
            1.0, 
            0.0, 
            -8.832325789723633e-18
        ], 
        [
            0.0, 
            0.0, 
            1.0, 
            0.0
        ], 
        [
            0.0, 
            0.0, 
            0.0, 
            1.0
        ]
    ], 
    "raw sample file path": "learned_samples/ur/simulator/pointcloud/pull/meiying_L_chain_pull_tool/meiying_tool_target/raw/raw_sample_14.txt", 
    "trajectory_thetas": [
        0.42
    ], 
    "tool": "meiying_L_chain_pull_tool", 
    "Tworld_goalend": [
        [
            1.0, 
            -5.9838275342127266e-18, 
            0.0, 
            -0.41668817455208074
        ], 
        [
            -5.9838275342127266e-18, 
            1.0, 
            0.0, 
            0.05263995809700744
        ], 
        [
            0.0, 
            0.0, 
            1.0, 
            0.0
        ], 
        [
            0.0, 
            0.0, 
            0.0, 
            1.0
        ]
    ], 
    "Tworld_toolend": [
        [
            -0.992114701314478, 
            -0.12533323356430343, 
            0.0, 
            -0.5258207916966734
        ], 
        [
            0.12533323356430343, 
            -0.992114701314478, 
            0.0, 
            0.06642661378908082
        ], 
        [
            0.0, 
            0.0, 
            1.0, 
            0.0
        ], 
        [
            0.0, 
            0.0, 
            0.0, 
            1.0
        ]
    ], 
    "hovering_start": [
        [
            -0.992114701314478, 
            -0.12533323356430343, 
            0.0, 
            -0.05952688207886868
        ], 
        [
            0.12533323356430343, 
            -0.992114701314478, 
            0.0, 
            0.007519994013858205
        ], 
        [
            0.0, 
            0.0, 
            1.0, 
            0.1
        ], 
        [
            0.0, 
            0.0, 
            0.0, 
            1.0
        ]
    ], 
    "v_start_tool_frame": [
        1.0, 
        -1.6407316512793225e-17, 
        0.0
    ], 
    "task": "pull", 
    "unhovering_start": [
        [
            -0.992114701314478, 
            -0.12533323356430343, 
            0.0, 
            -0.5258207916966734
        ], 
        [
            0.12533323356430343, 
            -0.992114701314478, 
            0.0, 
            0.06642661378908082
        ], 
        [
            0.0, 
            0.0, 
            1.0, 
            0.0
        ], 
        [
            0.0, 
            0.0, 
            0.0, 
            1.0
        ]
    ], 
    "Teffectivestart_hoveringend": [
        [
            1.0, 
            5.9838275342127266e-18, 
            0.0, 
            -0.05000000000000015
        ], 
        [
            5.9838275342127266e-18, 
            1.0, 
            0.0, 
            -3.1463205857514807e-18
        ], 
        [
            0.0, 
            0.0, 
            1.0, 
            0.0
        ], 
        [
            0.0, 
            0.0, 
            0.0, 
            1.0
        ]
    ], 
    "Tworld_toolstart": [
        [
            -0.992114701314478, 
            -0.12533323356430343, 
            0.0, 
            -0.10913261714459273
        ], 
        [
            0.12533323356430343, 
            -0.992114701314478, 
            0.0, 
            0.013786655692073392
        ], 
        [
            0.0, 
            0.0, 
            1.0, 
            0.0
        ], 
        [
            0.0, 
            0.0, 
            0.0, 
            1.0
        ]
    ], 
    "unhovering_end": [
        [
            -0.992114701314478, 
            -0.12533323356430343, 
            0.0, 
            -0.5258207916966734
        ], 
        [
            0.12533323356430343, 
            -0.992114701314478, 
            0.0, 
            0.06642661378908082
        ], 
        [
            0.0, 
            0.0, 
            1.0, 
            0.1
        ], 
        [
            0.0, 
            0.0, 
            0.0, 
            1.0
        ]
    ], 
    "trajectory_screw_axes": [
        [
            -0.0, 
            -0.0, 
            -0.0, 
            -1.0, 
            1.6407316512793225e-17, 
            -0.0
        ]
    ]
}