{
    "Tworld_goalstart": [
        [
            0.9999999999999999, 
            -6.531288339341493e-18, 
            0.0, 
            0.0
        ], 
        [
            -6.531288339341493e-18, 
            1.0, 
            0.0, 
            0.0
        ], 
        [
            0.0, 
            0.0, 
            1.0, 
            0.0
        ], 
        [
            0.0, 
            0.0, 
            0.0, 
            1.0
        ]
    ], 
    "Teffectivestart_hoveringstart": [
        [
            0.9999999999999998, 
            6.204243957059932e-17, 
            0.0, 
            -0.050000000000000114
        ], 
        [
            6.204243957059932e-17, 
            1.0, 
            0.0, 
            -5.992825124116352e-18
        ], 
        [
            0.0, 
            0.0, 
            1.0, 
            0.1
        ], 
        [
            0.0, 
            0.0, 
            0.0, 
            1.0
        ]
    ], 
    "hovering_end": [
        [
            0.9685831611286315, 
            -0.24868988716485274, 
            0.0, 
            0.05811498966771789
        ], 
        [
            0.24868988716485277, 
            0.9685831611286316, 
            0.0, 
            0.014921393229891165
        ], 
        [
            0.0, 
            0.0, 
            1.0, 
            0.0
        ], 
        [
            0.0, 
            0.0, 
            0.0, 
            1.0
        ]
    ], 
    "sample file path": "learned_samples/ur/simulator/pointcloud/pull/meiying_L_chain_pull_tool/meiying_tool_target/sample/sample_25.txt", 
    "v_start_goal_frame": [
        0.9685831611286313, 
        0.24868988716485288, 
        0.0
    ], 
    "Teffectiveend_unhoveringend": [
        [
            0.9999999999999998, 
            6.204243957059932e-17, 
            0.0, 
            0.0
        ], 
        [
            6.204243957059932e-17, 
            1.0, 
            0.0, 
            -6.025957591494821e-18
        ], 
        [
            0.0, 
            0.0, 
            1.0, 
            0.1
        ], 
        [
            0.0, 
            0.0, 
            0.0, 
            1.0
        ]
    ], 
    "task_type": "pose_change", 
    "goal": "meiying_tool_target", 
    "trajectory": [
        [
            [
                0.9999999999999998, 
                6.204243957059932e-17, 
                0.0, 
                0.0
            ], 
            [
                6.204243957059932e-17, 
                1.0, 
                0.0, 
                -1.0610782694515364e-18
            ], 
            [
                0.0, 
                0.0, 
                1.0, 
                0.0
            ], 
            [
                0.0, 
                0.0, 
                0.0, 
                1.0
            ]
        ], 
        [
            [
                0.9999999999999998, 
                6.204243957059932e-17, 
                0.0, 
                0.7499999999999998
            ], 
            [
                6.204243957059932e-17, 
                1.0, 
                0.0, 
                3.2137958879994935e-17
            ], 
            [
                0.0, 
                0.0, 
                1.0, 
                0.0
            ], 
            [
                0.0, 
                0.0, 
                0.0, 
                1.0
            ]
        ]
    ], 
    "tool_contact_area_index": [
        1123, 
        1124, 
        1125, 
        1126, 
        1131, 
        1132, 
        1366, 
        1373, 
        1375, 
        1376, 
        1377, 
        1378, 
        1744, 
        1745, 
        1746, 
        1747, 
        1748, 
        1749, 
        1751, 
        1752, 
        1754, 
        1755, 
        1756, 
        1757, 
        1759, 
        1760, 
        1762, 
        2104, 
        2105, 
        2106, 
        2107, 
        2108, 
        2109, 
        2110, 
        2111, 
        2112, 
        2113, 
        2114, 
        2115, 
        2117, 
        2118, 
        2119, 
        2120, 
        2123, 
        2125, 
        2128, 
        2129, 
        2130, 
        2131, 
        2132, 
        2542
    ], 
    "v_start_world_frame": [
        0.9685831611286314, 
        0.24868988716485288, 
        0.0
    ], 
    "Ttool_goal": [
        [
            0.9685831611286315, 
            0.24868988716485277, 
            0.0, 
            -0.1100000000000001
        ], 
        [
            -0.24868988716485274, 
            0.9685831611286316, 
            0.0, 
            -9.197319665032911e-18
        ], 
        [
            0.0, 
            0.0, 
            1.0, 
            0.0
        ], 
        [
            0.0, 
            0.0, 
            0.0, 
            1.0
        ]
    ], 
    "tool_trajectory_world_frame": [
        [
            [
                0.9685831611286316, 
                -0.24868988716485277, 
                0.0, 
                0.058114989667717894
            ], 
            [
                0.24868988716485277, 
                0.9685831611286316, 
                0.0, 
                0.014921393229891165
            ], 
            [
                0.0, 
                0.0, 
                1.0, 
                0.1
            ], 
            [
                0.0, 
                0.0, 
                0.0, 
                1.0
            ]
        ], 
        [
            [
                0.9685831611286316, 
                -0.24868988716485277, 
                0.0, 
                0.058114989667717894
            ], 
            [
                0.24868988716485277, 
                0.9685831611286316, 
                0.0, 
                0.014921393229891165
            ], 
            [
                0.0, 
                0.0, 
                1.0, 
                0.0
            ], 
            [
                0.0, 
                0.0, 
                0.0, 
                1.0
            ]
        ], 
        [
            [
                0.9685831611286316, 
                -0.24868988716485277, 
                0.0, 
                0.8329815185706233
            ], 
            [
                0.24868988716485277, 
                0.9685831611286316, 
                0.0, 
                0.2138733029617734
            ], 
            [
                0.0, 
                0.0, 
                1.0, 
                0.0
            ], 
            [
                0.0, 
                0.0, 
                0.0, 
                1.0
            ]
        ], 
        [
            [
                0.9685831611286316, 
                -0.24868988716485277, 
                0.0, 
                0.8329815185706233
            ], 
            [
                0.24868988716485277, 
                0.9685831611286316, 
                0.0, 
                0.2138733029617734
            ], 
            [
                0.0, 
                0.0, 
                1.0, 
                0.1
            ], 
            [
                0.0, 
                0.0, 
                0.0, 
                1.0
            ]
        ]
    ], 
    "goal_contact_area_index": [
        9514, 
        9535, 
        9562, 
        9564, 
        9570, 
        9582, 
        9596, 
        9597, 
        9599, 
        9600, 
        9602, 
        9604, 
        9605, 
        9606, 
        9607, 
        9608, 
        9609, 
        9610, 
        9611, 
        9612, 
        9613, 
        9614, 
        9615, 
        9618, 
        9626, 
        9627, 
        9628, 
        9629, 
        9630, 
        9631, 
        9632, 
        9633, 
        9634, 
        9635, 
        9636, 
        9649, 
        9651, 
        9652, 
        9658, 
        9664, 
        9665, 
        9666, 
        9801
    ], 
    "changing_point": [
        1, 
        -2
    ], 
    "tool_trajectory_goal_frame": [
        [
            [
                0.9685831611286315, 
                -0.24868988716485274, 
                0.0, 
                0.05811498966771789
            ], 
            [
                0.24868988716485277, 
                0.9685831611286316, 
                0.0, 
                0.014921393229891165
            ], 
            [
                0.0, 
                0.0, 
                1.0, 
                0.1
            ], 
            [
                0.0, 
                0.0, 
                0.0, 
                1.0
            ]
        ], 
        [
            [
                0.9685831611286315, 
                -0.24868988716485274, 
                0.0, 
                0.05811498966771789
            ], 
            [
                0.24868988716485277, 
                0.9685831611286316, 
                0.0, 
                0.014921393229891165
            ], 
            [
                0.0, 
                0.0, 
                1.0, 
                0.0
            ], 
            [
                0.0, 
                0.0, 
                0.0, 
                1.0
            ]
        ], 
        [
            [
                0.9685831611286315, 
                -0.24868988716485274, 
                0.0, 
                0.8329815185706232
            ], 
            [
                0.24868988716485277, 
                0.9685831611286316, 
                0.0, 
                0.2138733029617734
            ], 
            [
                0.0, 
                0.0, 
                1.0, 
                0.0
            ], 
            [
                0.0, 
                0.0, 
                0.0, 
                1.0
            ]
        ], 
        [
            [
                0.9685831611286315, 
                -0.24868988716485274, 
                0.0, 
                0.8329815185706232
            ], 
            [
                0.24868988716485277, 
                0.9685831611286316, 
                0.0, 
                0.2138733029617734
            ], 
            [
                0.0, 
                0.0, 
                1.0, 
                0.1
            ], 
            [
                0.0, 
                0.0, 
                0.0, 
                1.0
            ]
        ]
    ], 
    "Teffectivestart_unhoveringstart": [
        [
            0.9999999999999998, 
            6.204243957059932e-17, 
            0.0, 
            0.7499999999999998
        ], 
        [
            6.204243957059932e-17, 
            1.0, 
            0.0, 
            4.0287873974730095e-17
        ], 
        [
            0.0, 
            0.0, 
            1.0, 
            0.0
        ], 
        [
            0.0, 
            0.0, 
            0.0, 
            1.0
        ]
    ], 
    "raw sample file path": "learned_samples/ur/simulator/pointcloud/pull/meiying_L_chain_pull_tool/meiying_tool_target/raw/raw_sample_25.txt", 
    "trajectory_thetas": [
        0.7499999999999997
    ], 
    "tool": "meiying_L_chain_pull_tool", 
    "Tworld_goalend": [
        [
            0.9999999999999999, 
            -6.531288339341493e-18, 
            0.0, 
            0.7264373708464738
        ], 
        [
            -6.531288339341493e-18, 
            1.0, 
            0.0, 
            0.18651741537363958
        ], 
        [
            0.0, 
            0.0, 
            1.0, 
            0.0
        ], 
        [
            0.0, 
            0.0, 
            0.0, 
            1.0
        ]
    ], 
    "Tworld_toolend": [
        [
            0.9685831611286316, 
            -0.24868988716485277, 
            0.0, 
            0.8329815185706233
        ], 
        [
            0.24868988716485277, 
            0.9685831611286316, 
            0.0, 
            0.2138733029617734
        ], 
        [
            0.0, 
            0.0, 
            1.0, 
            0.0
        ], 
        [
            0.0, 
            0.0, 
            0.0, 
            1.0
        ]
    ], 
    "hovering_start": [
        [
            0.9685831611286315, 
            -0.24868988716485274, 
            0.0, 
            0.05811498966771789
        ], 
        [
            0.24868988716485277, 
            0.9685831611286316, 
            0.0, 
            0.014921393229891165
        ], 
        [
            0.0, 
            0.0, 
            1.0, 
            0.1
        ], 
        [
            0.0, 
            0.0, 
            0.0, 
            1.0
        ]
    ], 
    "v_start_tool_frame": [
        1.0, 
        1.0630782243652797e-16, 
        0.0
    ], 
    "task": "pull", 
    "unhovering_start": [
        [
            0.9685831611286315, 
            -0.24868988716485274, 
            0.0, 
            0.8329815185706232
        ], 
        [
            0.24868988716485277, 
            0.9685831611286316, 
            0.0, 
            0.2138733029617734
        ], 
        [
            0.0, 
            0.0, 
            1.0, 
            0.0
        ], 
        [
            0.0, 
            0.0, 
            0.0, 
            1.0
        ]
    ], 
    "Teffectivestart_hoveringend": [
        [
            0.9999999999999998, 
            6.204243957059932e-17, 
            0.0, 
            -0.050000000000000114
        ], 
        [
            6.204243957059932e-17, 
            1.0, 
            0.0, 
            -5.992825124116352e-18
        ], 
        [
            0.0, 
            0.0, 
            1.0, 
            0.0
        ], 
        [
            0.0, 
            0.0, 
            0.0, 
            1.0
        ]
    ], 
    "Tworld_toolstart": [
        [
            0.9685831611286314, 
            -0.2486898871648527, 
            0.0, 
            0.10654414772414955
        ], 
        [
            0.24868988716485277, 
            0.9685831611286316, 
            0.0, 
            0.02735588758813384
        ], 
        [
            0.0, 
            0.0, 
            1.0, 
            0.0
        ], 
        [
            0.0, 
            0.0, 
            0.0, 
            1.0
        ]
    ], 
    "unhovering_end": [
        [
            0.9685831611286315, 
            -0.24868988716485274, 
            0.0, 
            0.8329815185706232
        ], 
        [
            0.24868988716485277, 
            0.9685831611286316, 
            0.0, 
            0.2138733029617734
        ], 
        [
            0.0, 
            0.0, 
            1.0, 
            0.1
        ], 
        [
            0.0, 
            0.0, 
            0.0, 
            1.0
        ]
    ], 
    "trajectory_screw_axes": [
        [
            -0.0, 
            -0.0, 
            -0.0, 
            -1.0, 
            -1.0630782243652797e-16, 
            -0.0
        ]
    ]
}