{
    "Tworld_goalstart": [
        [
            1.0, 
            2.6868082853089192e-17, 
            0.0, 
            0.0
        ], 
        [
            2.6868082853089192e-17, 
            1.0, 
            0.0, 
            0.0
        ], 
        [
            0.0, 
            0.0, 
            1.0, 
            0.0
        ], 
        [
            0.0, 
            0.0, 
            0.0, 
            1.0
        ]
    ], 
    "Teffectivestart_hoveringstart": [
        [
            1.0, 
            -2.6868082853089192e-17, 
            0.0, 
            -0.05000000000000009
        ], 
        [
            -2.6868082853089192e-17, 
            1.0, 
            0.0, 
            -2.422566746012828e-17
        ], 
        [
            0.0, 
            0.0, 
            1.0, 
            0.1
        ], 
        [
            0.0, 
            0.0, 
            0.0, 
            1.0
        ]
    ], 
    "hovering_end": [
        [
            -0.9297764858882518, 
            -0.3681245526846771, 
            0.0, 
            -0.0557865891532951
        ], 
        [
            0.3681245526846771, 
            -0.9297764858882518, 
            0.0, 
            0.022087473161080624
        ], 
        [
            0.0, 
            0.0, 
            1.0, 
            0.0
        ], 
        [
            0.0, 
            0.0, 
            0.0, 
            1.0
        ]
    ], 
    "sample file path": "learned_samples/ur/simulator/pointcloud/pull/meiying_L_chain_pull_tool/meiying_tool_target/sample/sample_15.txt", 
    "v_start_goal_frame": [
        -0.9297764858882518, 
        0.36812455268467714, 
        0.0
    ], 
    "Teffectiveend_unhoveringend": [
        [
            1.0, 
            -2.6868082853089192e-17, 
            0.0, 
            0.0
        ], 
        [
            -2.6868082853089192e-17, 
            1.0, 
            0.0, 
            -9.76940561693633e-18
        ], 
        [
            0.0, 
            0.0, 
            1.0, 
            0.1
        ], 
        [
            0.0, 
            0.0, 
            0.0, 
            1.0
        ]
    ], 
    "task_type": "pose_change", 
    "goal": "meiying_tool_target", 
    "trajectory": [
        [
            [
                1.0, 
                -2.6868082853089192e-17, 
                0.0, 
                0.0
            ], 
            [
                -2.6868082853089192e-17, 
                1.0, 
                0.0, 
                3.151498108849966e-18
            ], 
            [
                0.0, 
                0.0, 
                1.0, 
                0.0
            ], 
            [
                0.0, 
                0.0, 
                0.0, 
                1.0
            ]
        ], 
        [
            [
                1.0, 
                -2.6868082853089192e-17, 
                0.0, 
                0.44999999999999984
            ], 
            [
                -2.6868082853089192e-17, 
                1.0, 
                0.0, 
                -2.830511713029102e-18
            ], 
            [
                0.0, 
                0.0, 
                1.0, 
                0.0
            ], 
            [
                0.0, 
                0.0, 
                0.0, 
                1.0
            ]
        ]
    ], 
    "tool_contact_area_index": [
        942, 
        944, 
        945, 
        946, 
        1120, 
        1123, 
        1125, 
        1127, 
        1132, 
        1133, 
        1134, 
        1135, 
        1136, 
        1137, 
        1138, 
        1139, 
        1145, 
        1365, 
        1374, 
        1375, 
        1376, 
        1377, 
        1378, 
        1379, 
        1380, 
        1381, 
        1382, 
        1383, 
        1384, 
        1385, 
        1386, 
        1387, 
        1388, 
        1389, 
        1390, 
        1391, 
        1392, 
        1395, 
        1396, 
        1400, 
        1736, 
        1742, 
        1743, 
        1746, 
        1748, 
        1749, 
        1750, 
        1751, 
        1752, 
        1753, 
        1757, 
        1765, 
        1766, 
        2104, 
        2106, 
        2108, 
        2109, 
        2110, 
        2111, 
        2112, 
        2122, 
        2124, 
        2125, 
        2127, 
        2128, 
        2129, 
        2130, 
        2134, 
        2135, 
        2136, 
        2137, 
        2138, 
        2537, 
        2540, 
        2542, 
        2543, 
        2545, 
        2546, 
        2547, 
        2548, 
        2549, 
        2550, 
        2551, 
        2552, 
        2554, 
        2555, 
        2556, 
        2557, 
        2558, 
        2559, 
        2560, 
        2563, 
        2701, 
        2720, 
        2723, 
        2724, 
        2858, 
        3063, 
        3064, 
        3065, 
        3066, 
        3068, 
        3069, 
        3070, 
        3071, 
        3072
    ], 
    "v_start_world_frame": [
        -0.9297764858882518, 
        0.36812455268467714, 
        0.0
    ], 
    "Ttool_goal": [
        [
            -0.9297764858882518, 
            0.3681245526846771, 
            0.0, 
            -0.1100000000000001
        ], 
        [
            -0.3681245526846771, 
            -0.9297764858882518, 
            0.0, 
            -2.3387776935734083e-17
        ], 
        [
            0.0, 
            0.0, 
            1.0, 
            0.0
        ], 
        [
            0.0, 
            0.0, 
            0.0, 
            1.0
        ]
    ], 
    "tool_trajectory_world_frame": [
        [
            [
                -0.9297764858882518, 
                -0.3681245526846771, 
                0.0, 
                -0.0557865891532951
            ], 
            [
                0.3681245526846771, 
                -0.9297764858882518, 
                0.0, 
                0.022087473161080624
            ], 
            [
                0.0, 
                0.0, 
                1.0, 
                0.1
            ], 
            [
                0.0, 
                0.0, 
                0.0, 
                1.0
            ]
        ], 
        [
            [
                -0.9297764858882518, 
                -0.3681245526846771, 
                0.0, 
                -0.0557865891532951
            ], 
            [
                0.3681245526846771, 
                -0.9297764858882518, 
                0.0, 
                0.022087473161080624
            ], 
            [
                0.0, 
                0.0, 
                1.0, 
                0.0
            ], 
            [
                0.0, 
                0.0, 
                0.0, 
                1.0
            ]
        ], 
        [
            [
                -0.9297764858882518, 
                -0.3681245526846771, 
                0.0, 
                -0.5206748320974209
            ], 
            [
                0.3681245526846771, 
                -0.9297764858882518, 
                0.0, 
                0.20614974950341916
            ], 
            [
                0.0, 
                0.0, 
                1.0, 
                0.0
            ], 
            [
                0.0, 
                0.0, 
                0.0, 
                1.0
            ]
        ], 
        [
            [
                -0.9297764858882518, 
                -0.3681245526846771, 
                0.0, 
                -0.5206748320974209
            ], 
            [
                0.3681245526846771, 
                -0.9297764858882518, 
                0.0, 
                0.20614974950341916
            ], 
            [
                0.0, 
                0.0, 
                1.0, 
                0.1
            ], 
            [
                0.0, 
                0.0, 
                0.0, 
                1.0
            ]
        ]
    ], 
    "goal_contact_area_index": [
        3852, 
        3853, 
        3854, 
        3855, 
        3857, 
        4026, 
        4027, 
        4028, 
        4029, 
        4030, 
        4031, 
        4032, 
        4033, 
        4035, 
        4036, 
        4038, 
        4039, 
        4040, 
        4041, 
        4218, 
        4219, 
        4220, 
        4221, 
        4222, 
        4223, 
        4224, 
        4225, 
        4226, 
        4227, 
        4228, 
        4229, 
        4230, 
        4231, 
        4232, 
        4233, 
        4234, 
        4235, 
        4236, 
        4237, 
        4239, 
        4240, 
        4242, 
        4243, 
        4245, 
        4247, 
        4248, 
        4249, 
        4250, 
        4251, 
        4253, 
        4254, 
        4290, 
        4292, 
        4294, 
        4299, 
        4303, 
        4304, 
        4401, 
        4402, 
        4403, 
        4404, 
        4406, 
        4407, 
        4408, 
        4821, 
        4964, 
        5245, 
        5249, 
        5368, 
        5371, 
        5372, 
        5374, 
        5375, 
        5377, 
        5380, 
        5381, 
        5382, 
        5384, 
        5385, 
        5387, 
        5388, 
        5589, 
        5590, 
        5591, 
        5592, 
        5593, 
        5594, 
        5595, 
        5785, 
        5790, 
        5794, 
        5795, 
        5796, 
        5799, 
        5800, 
        6052, 
        6053, 
        6054, 
        6055, 
        6056, 
        6057, 
        6058, 
        6059, 
        6060, 
        6061, 
        6063, 
        6064, 
        6065, 
        6066
    ], 
    "changing_point": [
        1, 
        -2
    ], 
    "tool_trajectory_goal_frame": [
        [
            [
                -0.9297764858882518, 
                -0.3681245526846771, 
                0.0, 
                -0.0557865891532951
            ], 
            [
                0.3681245526846771, 
                -0.9297764858882518, 
                0.0, 
                0.022087473161080624
            ], 
            [
                0.0, 
                0.0, 
                1.0, 
                0.1
            ], 
            [
                0.0, 
                0.0, 
                0.0, 
                1.0
            ]
        ], 
        [
            [
                -0.9297764858882518, 
                -0.3681245526846771, 
                0.0, 
                -0.0557865891532951
            ], 
            [
                0.3681245526846771, 
                -0.9297764858882518, 
                0.0, 
                0.022087473161080624
            ], 
            [
                0.0, 
                0.0, 
                1.0, 
                0.0
            ], 
            [
                0.0, 
                0.0, 
                0.0, 
                1.0
            ]
        ], 
        [
            [
                -0.9297764858882518, 
                -0.3681245526846771, 
                0.0, 
                -0.5206748320974209
            ], 
            [
                0.3681245526846771, 
                -0.9297764858882518, 
                0.0, 
                0.20614974950341913
            ], 
            [
                0.0, 
                0.0, 
                1.0, 
                0.0
            ], 
            [
                0.0, 
                0.0, 
                0.0, 
                1.0
            ]
        ], 
        [
            [
                -0.9297764858882518, 
                -0.3681245526846771, 
                0.0, 
                -0.5206748320974209
            ], 
            [
                0.3681245526846771, 
                -0.9297764858882518, 
                0.0, 
                0.20614974950341913
            ], 
            [
                0.0, 
                0.0, 
                1.0, 
                0.1
            ], 
            [
                0.0, 
                0.0, 
                0.0, 
                1.0
            ]
        ]
    ], 
    "Teffectivestart_unhoveringstart": [
        [
            1.0, 
            -2.6868082853089192e-17, 
            0.0, 
            0.44999999999999984
        ], 
        [
            -2.6868082853089192e-17, 
            1.0, 
            0.0, 
            -5.4016069370415e-18
        ], 
        [
            0.0, 
            0.0, 
            1.0, 
            0.0
        ], 
        [
            0.0, 
            0.0, 
            0.0, 
            1.0
        ]
    ], 
    "raw sample file path": "learned_samples/ur/simulator/pointcloud/pull/meiying_L_chain_pull_tool/meiying_tool_target/raw/raw_sample_15.txt", 
    "trajectory_thetas": [
        0.44999999999999984
    ], 
    "tool": "meiying_L_chain_pull_tool", 
    "Tworld_goalend": [
        [
            1.0, 
            2.6868082853089192e-17, 
            0.0, 
            -0.41839941864971325
        ], 
        [
            2.6868082853089192e-17, 
            1.0, 
            0.0, 
            0.1656560487081047
        ], 
        [
            0.0, 
            0.0, 
            1.0, 
            0.0
        ], 
        [
            0.0, 
            0.0, 
            0.0, 
            1.0
        ]
    ], 
    "Tworld_toolend": [
        [
            -0.9297764858882518, 
            -0.3681245526846771, 
            0.0, 
            -0.5206748320974209
        ], 
        [
            0.3681245526846771, 
            -0.9297764858882518, 
            0.0, 
            0.20614974950341916
        ], 
        [
            0.0, 
            0.0, 
            1.0, 
            0.0
        ], 
        [
            0.0, 
            0.0, 
            0.0, 
            1.0
        ]
    ], 
    "hovering_start": [
        [
            -0.9297764858882518, 
            -0.3681245526846771, 
            0.0, 
            -0.0557865891532951
        ], 
        [
            0.3681245526846771, 
            -0.9297764858882518, 
            0.0, 
            0.022087473161080624
        ], 
        [
            0.0, 
            0.0, 
            1.0, 
            0.1
        ], 
        [
            0.0, 
            0.0, 
            0.0, 
            1.0
        ]
    ], 
    "v_start_tool_frame": [
        1.0, 
        -4.0161438012820456e-17, 
        0.0
    ], 
    "task": "pull", 
    "unhovering_start": [
        [
            -0.9297764858882518, 
            -0.3681245526846771, 
            0.0, 
            -0.5206748320974209
        ], 
        [
            0.3681245526846771, 
            -0.9297764858882518, 
            0.0, 
            0.20614974950341913
        ], 
        [
            0.0, 
            0.0, 
            1.0, 
            0.0
        ], 
        [
            0.0, 
            0.0, 
            0.0, 
            1.0
        ]
    ], 
    "Teffectivestart_hoveringend": [
        [
            1.0, 
            -2.6868082853089192e-17, 
            0.0, 
            -0.05000000000000009
        ], 
        [
            -2.6868082853089192e-17, 
            1.0, 
            0.0, 
            -2.422566746012828e-17
        ], 
        [
            0.0, 
            0.0, 
            1.0, 
            0.0
        ], 
        [
            0.0, 
            0.0, 
            0.0, 
            1.0
        ]
    ], 
    "Tworld_toolstart": [
        [
            -0.9297764858882518, 
            -0.3681245526846771, 
            0.0, 
            -0.1022754134477078
        ], 
        [
            0.3681245526846771, 
            -0.9297764858882518, 
            0.0, 
            0.040493700795314495
        ], 
        [
            0.0, 
            0.0, 
            1.0, 
            0.0
        ], 
        [
            0.0, 
            0.0, 
            0.0, 
            1.0
        ]
    ], 
    "unhovering_end": [
        [
            -0.9297764858882518, 
            -0.3681245526846771, 
            0.0, 
            -0.5206748320974209
        ], 
        [
            0.3681245526846771, 
            -0.9297764858882518, 
            0.0, 
            0.20614974950341913
        ], 
        [
            0.0, 
            0.0, 
            1.0, 
            0.1
        ], 
        [
            0.0, 
            0.0, 
            0.0, 
            1.0
        ]
    ], 
    "trajectory_screw_axes": [
        [
            -0.0, 
            -0.0, 
            -0.0, 
            -1.0, 
            4.0161438012820456e-17, 
            -0.0
        ]
    ]
}