{
    "Tworld_goalstart": [
        [
            0.9999999999999999, 
            9.214410955162547e-18, 
            0.0, 
            0.0
        ], 
        [
            9.214410955162547e-18, 
            0.9999999999999999, 
            0.0, 
            0.0
        ], 
        [
            0.0, 
            0.0, 
            1.0, 
            0.0
        ], 
        [
            0.0, 
            0.0, 
            0.0, 
            1.0
        ]
    ], 
    "Teffectivestart_hoveringstart": [
        [
            0.9999999999999997, 
            -3.041778397086746e-17, 
            0.0, 
            -0.05000000000000001
        ], 
        [
            -3.041778397086746e-17, 
            0.9999999999999997, 
            0.0, 
            -7.021584046833512e-18
        ], 
        [
            0.0, 
            0.0, 
            1.0, 
            0.1
        ], 
        [
            0.0, 
            0.0, 
            0.0, 
            1.0
        ]
    ], 
    "hovering_end": [
        [
            0.3090169943749474, 
            0.9510565162951534, 
            0.0, 
            0.018541019662496844
        ], 
        [
            -0.9510565162951534, 
            0.30901699437494745, 
            0.0, 
            -0.057063390977709204
        ], 
        [
            0.0, 
            0.0, 
            1.0, 
            0.0
        ], 
        [
            0.0, 
            0.0, 
            0.0, 
            1.0
        ]
    ], 
    "sample file path": "learned_samples/ur/simulator/pointcloud/pull/meiying_L_chain_pull_tool/meiying_tool_target/sample/sample_6.txt", 
    "v_start_goal_frame": [
        0.3090169943749473, 
        -0.9510565162951532, 
        0.0
    ], 
    "Teffectiveend_unhoveringend": [
        [
            0.9999999999999997, 
            -3.041778397086746e-17, 
            0.0, 
            0.0
        ], 
        [
            -3.041778397086746e-17, 
            0.9999999999999997, 
            0.0, 
            -4.63505052232405e-18
        ], 
        [
            0.0, 
            0.0, 
            1.0, 
            0.1
        ], 
        [
            0.0, 
            0.0, 
            0.0, 
            1.0
        ]
    ], 
    "task_type": "pose_change", 
    "goal": "meiying_tool_target", 
    "trajectory": [
        [
            [
                0.9999999999999997, 
                -3.041778397086746e-17, 
                0.0, 
                0.0
            ], 
            [
                -3.041778397086746e-17, 
                0.9999999999999997, 
                0.0, 
                -2.177613583163737e-19
            ], 
            [
                0.0, 
                0.0, 
                1.0, 
                0.0
            ], 
            [
                0.0, 
                0.0, 
                0.0, 
                1.0
            ]
        ], 
        [
            [
                0.9999999999999997, 
                -3.041778397086746e-17, 
                0.0, 
                0.1799999999999999
            ], 
            [
                -3.041778397086746e-17, 
                0.9999999999999997, 
                0.0, 
                2.3038433815831785e-18
            ], 
            [
                0.0, 
                0.0, 
                1.0, 
                0.0
            ], 
            [
                0.0, 
                0.0, 
                0.0, 
                1.0
            ]
        ]
    ], 
    "tool_contact_area_index": [
        941, 
        944, 
        945, 
        946, 
        1122, 
        1123, 
        1124, 
        1125, 
        1126, 
        1128, 
        1129, 
        1133, 
        1134, 
        1135, 
        1136, 
        1137, 
        1138, 
        1139, 
        1366, 
        1372, 
        1373, 
        1374, 
        1376, 
        1377, 
        1378, 
        1379, 
        1380, 
        1381, 
        1382, 
        1383, 
        1384, 
        1385, 
        1386, 
        1387, 
        1388, 
        1389, 
        1390, 
        1391, 
        1392, 
        1395, 
        1396, 
        1738, 
        1739, 
        1740, 
        1741, 
        1744, 
        1745, 
        1746, 
        1747, 
        1748, 
        1749, 
        1750, 
        1751, 
        1752, 
        1753, 
        1754, 
        1755, 
        1756, 
        1757, 
        1758, 
        1759, 
        1760, 
        1761, 
        1762, 
        1763, 
        1764, 
        1765, 
        1766, 
        2101, 
        2104, 
        2105, 
        2106, 
        2107, 
        2108, 
        2109, 
        2110, 
        2111, 
        2112, 
        2113, 
        2114, 
        2115, 
        2116, 
        2117, 
        2118, 
        2119, 
        2120, 
        2121, 
        2122, 
        2123, 
        2124, 
        2125, 
        2126, 
        2127, 
        2128, 
        2129, 
        2130, 
        2131, 
        2132, 
        2133, 
        2134, 
        2135, 
        2136, 
        2138, 
        2539, 
        2540, 
        2544, 
        2546, 
        2547, 
        2548, 
        2549, 
        2550, 
        2551, 
        2552, 
        2553, 
        2554, 
        2557, 
        2564, 
        2717, 
        2724, 
        3063, 
        3064, 
        3068, 
        3069, 
        3072
    ], 
    "v_start_world_frame": [
        0.30901699437494734, 
        -0.9510565162951533, 
        0.0
    ], 
    "Ttool_goal": [
        [
            0.3090169943749474, 
            -0.9510565162951534, 
            0.0, 
            -0.10999999999999999
        ], 
        [
            0.9510565162951534, 
            0.30901699437494745, 
            0.0, 
            -3.4049181870255623e-18
        ], 
        [
            0.0, 
            0.0, 
            1.0, 
            0.0
        ], 
        [
            0.0, 
            0.0, 
            0.0, 
            1.0
        ]
    ], 
    "tool_trajectory_world_frame": [
        [
            [
                0.30901699437494745, 
                0.9510565162951535, 
                0.0, 
                0.018541019662496848
            ], 
            [
                -0.9510565162951535, 
                0.30901699437494745, 
                0.0, 
                -0.05706339097770921
            ], 
            [
                0.0, 
                0.0, 
                1.0, 
                0.1
            ], 
            [
                0.0, 
                0.0, 
                0.0, 
                1.0
            ]
        ], 
        [
            [
                0.30901699437494745, 
                0.9510565162951535, 
                0.0, 
                0.018541019662496848
            ], 
            [
                -0.9510565162951535, 
                0.30901699437494745, 
                0.0, 
                -0.05706339097770921
            ], 
            [
                0.0, 
                0.0, 
                1.0, 
                0.0
            ], 
            [
                0.0, 
                0.0, 
                0.0, 
                1.0
            ]
        ], 
        [
            [
                0.30901699437494745, 
                0.9510565162951535, 
                0.0, 
                0.08961492836873476
            ], 
            [
                -0.9510565162951535, 
                0.30901699437494745, 
                0.0, 
                -0.2758063897255945
            ], 
            [
                0.0, 
                0.0, 
                1.0, 
                0.0
            ], 
            [
                0.0, 
                0.0, 
                0.0, 
                1.0
            ]
        ], 
        [
            [
                0.30901699437494745, 
                0.9510565162951535, 
                0.0, 
                0.08961492836873476
            ], 
            [
                -0.9510565162951535, 
                0.30901699437494745, 
                0.0, 
                -0.2758063897255945
            ], 
            [
                0.0, 
                0.0, 
                1.0, 
                0.1
            ], 
            [
                0.0, 
                0.0, 
                0.0, 
                1.0
            ]
        ]
    ], 
    "goal_contact_area_index": [
        2259, 
        2535, 
        2536, 
        2537, 
        2538, 
        2540, 
        2541, 
        2542, 
        2543, 
        2544, 
        2545, 
        2546, 
        2547, 
        2548, 
        2549, 
        2550, 
        2551, 
        2552, 
        2553, 
        2554, 
        2558, 
        2560, 
        2561, 
        2562, 
        2839, 
        2842, 
        2843, 
        2844, 
        2845, 
        2846, 
        2847, 
        2848, 
        2849, 
        2851, 
        2852, 
        2853, 
        3065, 
        3069, 
        3070, 
        3072, 
        3074, 
        3076, 
        3077, 
        3078, 
        3080, 
        3081, 
        3082, 
        3083, 
        3084, 
        3085, 
        3086, 
        3087, 
        3088, 
        3089, 
        3090, 
        3091, 
        3092, 
        3093, 
        3094, 
        3095, 
        3096, 
        3097, 
        3099, 
        3100, 
        3101, 
        3102, 
        3103, 
        3443, 
        3444, 
        3445, 
        3446, 
        3447, 
        3448, 
        3449, 
        3450, 
        3451, 
        3452, 
        3453, 
        3454, 
        3455, 
        3456, 
        3458, 
        3459, 
        3461, 
        3462, 
        3464, 
        3465, 
        3466, 
        3467, 
        3468, 
        3469, 
        3470, 
        3471, 
        3472, 
        3473, 
        3474, 
        3721, 
        3724, 
        3729, 
        3732, 
        3734, 
        3735, 
        3736, 
        3737, 
        3738, 
        3739, 
        3740, 
        3742, 
        3743, 
        3744, 
        3746, 
        3748, 
        3749, 
        3750, 
        3751, 
        3752, 
        3753, 
        3754, 
        3755, 
        3756, 
        3757, 
        3758, 
        3759, 
        3760, 
        3761, 
        3762, 
        3763, 
        3764, 
        3765, 
        3766, 
        3767, 
        3768, 
        3769, 
        3770, 
        3771, 
        3772, 
        3773, 
        3774, 
        3775, 
        3776, 
        3777, 
        3778, 
        3779, 
        3780, 
        3781, 
        3782, 
        3783, 
        3784, 
        3785, 
        3786, 
        3787, 
        3788, 
        3789, 
        3790, 
        3791, 
        3792, 
        3793, 
        3794, 
        3795, 
        3796, 
        3797, 
        3798, 
        3799, 
        3801, 
        3802, 
        3803, 
        3804, 
        3805, 
        3979, 
        3980, 
        3981, 
        3982, 
        3983, 
        3984, 
        3985, 
        3986, 
        3987, 
        3988, 
        3989, 
        3990, 
        3991, 
        3995, 
        3998, 
        3999, 
        4003, 
        4004, 
        4006, 
        4007, 
        4150, 
        4151, 
        4152, 
        4153, 
        4154, 
        4155, 
        4156, 
        4157, 
        4158, 
        4159, 
        4160, 
        4161, 
        4162, 
        4163, 
        4164, 
        4165, 
        4166, 
        4167, 
        4175, 
        4330, 
        4331, 
        4334, 
        4335, 
        4336, 
        4339, 
        4492, 
        4493, 
        4499, 
        4502, 
        4507
    ], 
    "changing_point": [
        1, 
        -2
    ], 
    "tool_trajectory_goal_frame": [
        [
            [
                0.3090169943749474, 
                0.9510565162951534, 
                0.0, 
                0.018541019662496844
            ], 
            [
                -0.9510565162951534, 
                0.30901699437494745, 
                0.0, 
                -0.057063390977709204
            ], 
            [
                0.0, 
                0.0, 
                1.0, 
                0.1
            ], 
            [
                0.0, 
                0.0, 
                0.0, 
                1.0
            ]
        ], 
        [
            [
                0.3090169943749474, 
                0.9510565162951534, 
                0.0, 
                0.018541019662496844
            ], 
            [
                -0.9510565162951534, 
                0.30901699437494745, 
                0.0, 
                -0.057063390977709204
            ], 
            [
                0.0, 
                0.0, 
                1.0, 
                0.0
            ], 
            [
                0.0, 
                0.0, 
                0.0, 
                1.0
            ]
        ], 
        [
            [
                0.3090169943749474, 
                0.9510565162951534, 
                0.0, 
                0.08961492836873475
            ], 
            [
                -0.9510565162951534, 
                0.30901699437494745, 
                0.0, 
                -0.27580638972559446
            ], 
            [
                0.0, 
                0.0, 
                1.0, 
                0.0
            ], 
            [
                0.0, 
                0.0, 
                0.0, 
                1.0
            ]
        ], 
        [
            [
                0.3090169943749474, 
                0.9510565162951534, 
                0.0, 
                0.08961492836873475
            ], 
            [
                -0.9510565162951534, 
                0.30901699437494745, 
                0.0, 
                -0.27580638972559446
            ], 
            [
                0.0, 
                0.0, 
                1.0, 
                0.1
            ], 
            [
                0.0, 
                0.0, 
                0.0, 
                1.0
            ]
        ]
    ], 
    "Teffectivestart_unhoveringstart": [
        [
            0.9999999999999997, 
            -3.041778397086746e-17, 
            0.0, 
            0.17999999999999988
        ], 
        [
            -3.041778397086746e-17, 
            0.9999999999999997, 
            0.0, 
            -8.039968709349612e-18
        ], 
        [
            0.0, 
            0.0, 
            1.0, 
            0.0
        ], 
        [
            0.0, 
            0.0, 
            0.0, 
            1.0
        ]
    ], 
    "raw sample file path": "learned_samples/ur/simulator/pointcloud/pull/meiying_L_chain_pull_tool/meiying_tool_target/raw/raw_sample_6.txt", 
    "trajectory_thetas": [
        0.17999999999999985
    ], 
    "tool": "meiying_L_chain_pull_tool", 
    "Tworld_goalend": [
        [
            0.9999999999999999, 
            9.214410955162547e-18, 
            0.0, 
            0.05562305898749054
        ], 
        [
            9.214410955162547e-18, 
            0.9999999999999999, 
            0.0, 
            -0.17119017293312763
        ], 
        [
            0.0, 
            0.0, 
            1.0, 
            0.0
        ], 
        [
            0.0, 
            0.0, 
            0.0, 
            1.0
        ]
    ], 
    "Tworld_toolend": [
        [
            0.30901699437494745, 
            0.9510565162951535, 
            0.0, 
            0.08961492836873476
        ], 
        [
            -0.9510565162951535, 
            0.30901699437494745, 
            0.0, 
            -0.2758063897255945
        ], 
        [
            0.0, 
            0.0, 
            1.0, 
            0.0
        ], 
        [
            0.0, 
            0.0, 
            0.0, 
            1.0
        ]
    ], 
    "hovering_start": [
        [
            0.3090169943749474, 
            0.9510565162951534, 
            0.0, 
            0.018541019662496844
        ], 
        [
            -0.9510565162951534, 
            0.30901699437494745, 
            0.0, 
            -0.057063390977709204
        ], 
        [
            0.0, 
            0.0, 
            1.0, 
            0.1
        ], 
        [
            0.0, 
            0.0, 
            0.0, 
            1.0
        ]
    ], 
    "v_start_tool_frame": [
        1.0, 
        -1.6408868749203283e-17, 
        0.0
    ], 
    "task": "pull", 
    "unhovering_start": [
        [
            0.3090169943749474, 
            0.9510565162951534, 
            0.0, 
            0.08961492836873475
        ], 
        [
            -0.9510565162951534, 
            0.30901699437494745, 
            0.0, 
            -0.27580638972559446
        ], 
        [
            0.0, 
            0.0, 
            1.0, 
            0.0
        ], 
        [
            0.0, 
            0.0, 
            0.0, 
            1.0
        ]
    ], 
    "Teffectivestart_hoveringend": [
        [
            0.9999999999999997, 
            -3.041778397086746e-17, 
            0.0, 
            -0.05000000000000001
        ], 
        [
            -3.041778397086746e-17, 
            0.9999999999999997, 
            0.0, 
            -7.021584046833512e-18
        ], 
        [
            0.0, 
            0.0, 
            1.0, 
            0.0
        ], 
        [
            0.0, 
            0.0, 
            0.0, 
            1.0
        ]
    ], 
    "Tworld_toolstart": [
        [
            0.30901699437494734, 
            0.9510565162951533, 
            0.0, 
            0.033991869381244204
        ], 
        [
            -0.9510565162951533, 
            0.30901699437494745, 
            0.0, 
            -0.10461621679246685
        ], 
        [
            0.0, 
            0.0, 
            1.0, 
            0.0
        ], 
        [
            0.0, 
            0.0, 
            0.0, 
            1.0
        ]
    ], 
    "unhovering_end": [
        [
            0.3090169943749474, 
            0.9510565162951534, 
            0.0, 
            0.08961492836873475
        ], 
        [
            -0.9510565162951534, 
            0.30901699437494745, 
            0.0, 
            -0.27580638972559446
        ], 
        [
            0.0, 
            0.0, 
            1.0, 
            0.1
        ], 
        [
            0.0, 
            0.0, 
            0.0, 
            1.0
        ]
    ], 
    "trajectory_screw_axes": [
        [
            -0.0, 
            -0.0, 
            -0.0, 
            -1.0, 
            1.6408868749203283e-17, 
            -0.0
        ]
    ]
}