{
    "Tworld_goalstart": [
        [
            0.9999999999999999, 
            -1.63469831201726e-17, 
            0.0, 
            0.0
        ], 
        [
            -1.63469831201726e-17, 
            0.9999999999999999, 
            0.0, 
            0.0
        ], 
        [
            0.0, 
            0.0, 
            1.0, 
            0.0
        ], 
        [
            0.0, 
            0.0, 
            0.0, 
            1.0
        ]
    ], 
    "Teffectivestart_hoveringstart": [
        [
            0.9999999999999998, 
            -8.492919851057995e-17, 
            0.0, 
            -0.04999999999999989
        ], 
        [
            -8.492919851057995e-17, 
            0.9999999999999996, 
            0.0, 
            -1.0727947547372266e-17
        ], 
        [
            0.0, 
            0.0, 
            1.0, 
            0.1
        ], 
        [
            0.0, 
            0.0, 
            0.0, 
            1.0
        ]
    ], 
    "hovering_end": [
        [
            -0.8090169943749479, 
            -0.5877852522924721, 
            0.0, 
            -0.048541019662496875
        ], 
        [
            0.5877852522924722, 
            -0.8090169943749479, 
            0.0, 
            0.035267115137548335
        ], 
        [
            0.0, 
            0.0, 
            1.0, 
            0.0
        ], 
        [
            0.0, 
            0.0, 
            0.0, 
            1.0
        ]
    ], 
    "sample file path": "learned_samples/ur/simulator/pointcloud/pull/meiying_L_chain_pull_tool/meiying_tool_target/sample/sample_16.txt", 
    "v_start_goal_frame": [
        -0.8090169943749477, 
        0.5877852522924722, 
        0.0
    ], 
    "Teffectiveend_unhoveringend": [
        [
            0.9999999999999998, 
            -8.492919851057995e-17, 
            0.0, 
            0.0
        ], 
        [
            -8.492919851057995e-17, 
            0.9999999999999996, 
            0.0, 
            -2.1227822811540375e-17
        ], 
        [
            0.0, 
            0.0, 
            1.0, 
            0.1
        ], 
        [
            0.0, 
            0.0, 
            0.0, 
            1.0
        ]
    ], 
    "task_type": "pose_change", 
    "goal": "meiying_tool_target", 
    "trajectory": [
        [
            [
                0.9999999999999998, 
                -8.492919851057995e-17, 
                0.0, 
                0.0
            ], 
            [
                -8.492919851057995e-17, 
                0.9999999999999996, 
                0.0, 
                2.869379452001328e-18
            ], 
            [
                0.0, 
                0.0, 
                1.0, 
                0.0
            ], 
            [
                0.0, 
                0.0, 
                0.0, 
                1.0
            ]
        ], 
        [
            [
                0.9999999999999998, 
                -8.492919851057995e-17, 
                0.0, 
                0.48
            ], 
            [
                -8.492919851057995e-17, 
                0.9999999999999996, 
                0.0, 
                4.122222232362468e-17
            ], 
            [
                0.0, 
                0.0, 
                1.0, 
                0.0
            ], 
            [
                0.0, 
                0.0, 
                0.0, 
                1.0
            ]
        ]
    ], 
    "tool_contact_area_index": [
        943, 
        945, 
        946, 
        1126, 
        1127, 
        1130, 
        1131, 
        1133, 
        1134, 
        1135, 
        1136, 
        1137, 
        1138, 
        1139, 
        1376, 
        1378, 
        1379, 
        1380, 
        1381, 
        1382, 
        1383, 
        1384, 
        1385, 
        1386, 
        1387, 
        1388, 
        1389, 
        1390, 
        1391, 
        1392, 
        1393, 
        1394, 
        1395, 
        1400, 
        1746, 
        1748, 
        1749, 
        1750, 
        1751, 
        1752, 
        1753, 
        1754, 
        1755, 
        1756, 
        1757, 
        1758, 
        1759, 
        1760, 
        1761, 
        1762, 
        1763, 
        1764, 
        1765, 
        2113, 
        2114, 
        2116, 
        2121, 
        2122, 
        2123, 
        2124, 
        2125, 
        2126, 
        2127, 
        2128, 
        2129, 
        2130, 
        2131, 
        2132, 
        2133, 
        2134, 
        2135, 
        2136, 
        2337, 
        2540, 
        2543, 
        2544, 
        2545, 
        2546, 
        2547, 
        2548, 
        2549, 
        2550, 
        2551, 
        2552, 
        2553, 
        2560, 
        2717, 
        2718, 
        2719, 
        2720, 
        2722, 
        3061, 
        3062, 
        3067, 
        3068, 
        3069, 
        3070, 
        3071, 
        3072
    ], 
    "v_start_world_frame": [
        -0.8090169943749478, 
        0.5877852522924722, 
        0.0
    ], 
    "Ttool_goal": [
        [
            -0.8090169943749479, 
            0.5877852522924722, 
            0.0, 
            -0.10999999999999988
        ], 
        [
            -0.5877852522924721, 
            -0.8090169943749479, 
            0.0, 
            -6.848435526441149e-18
        ], 
        [
            0.0, 
            0.0, 
            1.0, 
            0.0
        ], 
        [
            0.0, 
            0.0, 
            0.0, 
            1.0
        ]
    ], 
    "tool_trajectory_world_frame": [
        [
            [
                -0.809016994374948, 
                -0.5877852522924722, 
                0.0, 
                -0.04854101966249688
            ], 
            [
                0.5877852522924722, 
                -0.809016994374948, 
                0.0, 
                0.035267115137548335
            ], 
            [
                0.0, 
                0.0, 
                1.0, 
                0.1
            ], 
            [
                0.0, 
                0.0, 
                0.0, 
                1.0
            ]
        ], 
        [
            [
                -0.809016994374948, 
                -0.5877852522924722, 
                0.0, 
                -0.04854101966249688
            ], 
            [
                0.5877852522924722, 
                -0.809016994374948, 
                0.0, 
                0.035267115137548335
            ], 
            [
                0.0, 
                0.0, 
                1.0, 
                0.0
            ], 
            [
                0.0, 
                0.0, 
                0.0, 
                1.0
            ]
        ], 
        [
            [
                -0.809016994374948, 
                -0.5877852522924722, 
                0.0, 
                -0.4773200266812193
            ], 
            [
                0.5877852522924722, 
                -0.809016994374948, 
                0.0, 
                0.3467932988525586
            ], 
            [
                0.0, 
                0.0, 
                1.0, 
                0.0
            ], 
            [
                0.0, 
                0.0, 
                0.0, 
                1.0
            ]
        ], 
        [
            [
                -0.809016994374948, 
                -0.5877852522924722, 
                0.0, 
                -0.4773200266812193
            ], 
            [
                0.5877852522924722, 
                -0.809016994374948, 
                0.0, 
                0.3467932988525586
            ], 
            [
                0.0, 
                0.0, 
                1.0, 
                0.1
            ], 
            [
                0.0, 
                0.0, 
                0.0, 
                1.0
            ]
        ]
    ], 
    "goal_contact_area_index": [
        4037, 
        4045, 
        4052, 
        4071, 
        4075, 
        4080, 
        4084, 
        4086, 
        4087, 
        4221, 
        4228, 
        4235, 
        4237, 
        4239, 
        4240, 
        4242, 
        4243, 
        4244, 
        4245, 
        4246, 
        4247, 
        4248, 
        4249, 
        4250, 
        4251, 
        4252, 
        4253, 
        4254, 
        4271, 
        4273, 
        4274, 
        4275, 
        4276, 
        4278, 
        4279, 
        4281, 
        4283, 
        4285, 
        4286, 
        4287, 
        4289, 
        4290, 
        4291, 
        4293, 
        4294, 
        4295, 
        4296, 
        4297, 
        4299, 
        4300, 
        4301, 
        4302, 
        4303, 
        4304, 
        4305, 
        4405, 
        4409, 
        4410, 
        4411, 
        4412, 
        4413, 
        4414, 
        4415, 
        4416, 
        4417, 
        4419, 
        4420, 
        4421, 
        4422, 
        4577, 
        4578, 
        4579, 
        4811, 
        4812, 
        4813, 
        4814, 
        4815, 
        4816, 
        4817, 
        4818, 
        4819, 
        4820, 
        4821, 
        4979, 
        4980, 
        4981, 
        4982, 
        4984, 
        4985, 
        4986, 
        4987, 
        4988, 
        4989, 
        4990, 
        4991, 
        4992, 
        4993, 
        4994, 
        4995, 
        4996, 
        4997, 
        4998, 
        4999, 
        5000, 
        5001, 
        5003, 
        5004, 
        5005, 
        5006, 
        5007, 
        5008, 
        5009, 
        5135, 
        5136, 
        5137, 
        5138, 
        5140, 
        5142, 
        5144, 
        5146, 
        5150, 
        5152, 
        5155, 
        5238, 
        5240, 
        5241, 
        5242, 
        5243, 
        5244, 
        5245, 
        5246, 
        5247, 
        5248, 
        5249, 
        5250, 
        5251, 
        5253, 
        5260, 
        5375, 
        5378, 
        5379, 
        5380, 
        5381, 
        5382, 
        5385, 
        5396, 
        5419
    ], 
    "changing_point": [
        1, 
        -2
    ], 
    "tool_trajectory_goal_frame": [
        [
            [
                -0.8090169943749479, 
                -0.5877852522924721, 
                0.0, 
                -0.048541019662496875
            ], 
            [
                0.5877852522924722, 
                -0.8090169943749479, 
                0.0, 
                0.035267115137548335
            ], 
            [
                0.0, 
                0.0, 
                1.0, 
                0.1
            ], 
            [
                0.0, 
                0.0, 
                0.0, 
                1.0
            ]
        ], 
        [
            [
                -0.8090169943749479, 
                -0.5877852522924721, 
                0.0, 
                -0.048541019662496875
            ], 
            [
                0.5877852522924722, 
                -0.8090169943749479, 
                0.0, 
                0.035267115137548335
            ], 
            [
                0.0, 
                0.0, 
                1.0, 
                0.0
            ], 
            [
                0.0, 
                0.0, 
                0.0, 
                1.0
            ]
        ], 
        [
            [
                -0.8090169943749479, 
                -0.5877852522924721, 
                0.0, 
                -0.47732002668121926
            ], 
            [
                0.5877852522924722, 
                -0.8090169943749479, 
                0.0, 
                0.34679329885255855
            ], 
            [
                0.0, 
                0.0, 
                1.0, 
                0.0
            ], 
            [
                0.0, 
                0.0, 
                0.0, 
                1.0
            ]
        ], 
        [
            [
                -0.8090169943749479, 
                -0.5877852522924721, 
                0.0, 
                -0.47732002668121926
            ], 
            [
                0.5877852522924722, 
                -0.8090169943749479, 
                0.0, 
                0.34679329885255855
            ], 
            [
                0.0, 
                0.0, 
                1.0, 
                0.1
            ], 
            [
                0.0, 
                0.0, 
                0.0, 
                1.0
            ]
        ]
    ], 
    "Teffectivestart_unhoveringstart": [
        [
            0.9999999999999998, 
            -8.492919851057995e-17, 
            0.0, 
            0.48
        ], 
        [
            -8.492919851057995e-17, 
            0.9999999999999996, 
            0.0, 
            2.7434892893276303e-17
        ], 
        [
            0.0, 
            0.0, 
            1.0, 
            0.0
        ], 
        [
            0.0, 
            0.0, 
            0.0, 
            1.0
        ]
    ], 
    "raw sample file path": "learned_samples/ur/simulator/pointcloud/pull/meiying_L_chain_pull_tool/meiying_tool_target/raw/raw_sample_16.txt", 
    "trajectory_thetas": [
        0.47999999999999987
    ], 
    "tool": "meiying_L_chain_pull_tool", 
    "Tworld_goalend": [
        [
            0.9999999999999999, 
            -1.63469831201726e-17, 
            0.0, 
            -0.38832815729997505
        ], 
        [
            -1.63469831201726e-17, 
            0.9999999999999999, 
            0.0, 
            0.2821369211003867
        ], 
        [
            0.0, 
            0.0, 
            1.0, 
            0.0
        ], 
        [
            0.0, 
            0.0, 
            0.0, 
            1.0
        ]
    ], 
    "Tworld_toolend": [
        [
            -0.809016994374948, 
            -0.5877852522924722, 
            0.0, 
            -0.4773200266812193
        ], 
        [
            0.5877852522924722, 
            -0.809016994374948, 
            0.0, 
            0.3467932988525586
        ], 
        [
            0.0, 
            0.0, 
            1.0, 
            0.0
        ], 
        [
            0.0, 
            0.0, 
            0.0, 
            1.0
        ]
    ], 
    "hovering_start": [
        [
            -0.8090169943749479, 
            -0.5877852522924721, 
            0.0, 
            -0.048541019662496875
        ], 
        [
            0.5877852522924722, 
            -0.8090169943749479, 
            0.0, 
            0.035267115137548335
        ], 
        [
            0.0, 
            0.0, 
            1.0, 
            0.1
        ], 
        [
            0.0, 
            0.0, 
            0.0, 
            1.0
        ]
    ], 
    "v_start_tool_frame": [
        1.0, 
        -5.027442528031341e-18, 
        0.0
    ], 
    "task": "pull", 
    "unhovering_start": [
        [
            -0.8090169943749479, 
            -0.5877852522924721, 
            0.0, 
            -0.47732002668121926
        ], 
        [
            0.5877852522924722, 
            -0.8090169943749479, 
            0.0, 
            0.34679329885255855
        ], 
        [
            0.0, 
            0.0, 
            1.0, 
            0.0
        ], 
        [
            0.0, 
            0.0, 
            0.0, 
            1.0
        ]
    ], 
    "Teffectivestart_hoveringend": [
        [
            0.9999999999999998, 
            -8.492919851057995e-17, 
            0.0, 
            -0.04999999999999989
        ], 
        [
            -8.492919851057995e-17, 
            0.9999999999999996, 
            0.0, 
            -1.0727947547372266e-17
        ], 
        [
            0.0, 
            0.0, 
            1.0, 
            0.0
        ], 
        [
            0.0, 
            0.0, 
            0.0, 
            1.0
        ]
    ], 
    "Tworld_toolstart": [
        [
            -0.8090169943749478, 
            -0.587785252292472, 
            0.0, 
            -0.08899186938124415
        ], 
        [
            0.5877852522924722, 
            -0.8090169943749478, 
            0.0, 
            0.06465637775217187
        ], 
        [
            0.0, 
            0.0, 
            1.0, 
            0.0
        ], 
        [
            0.0, 
            0.0, 
            0.0, 
            1.0
        ]
    ], 
    "unhovering_end": [
        [
            -0.8090169943749479, 
            -0.5877852522924721, 
            0.0, 
            -0.47732002668121926
        ], 
        [
            0.5877852522924722, 
            -0.8090169943749479, 
            0.0, 
            0.34679329885255855
        ], 
        [
            0.0, 
            0.0, 
            1.0, 
            0.1
        ], 
        [
            0.0, 
            0.0, 
            0.0, 
            1.0
        ]
    ], 
    "trajectory_screw_axes": [
        [
            -0.0, 
            -0.0, 
            -0.0, 
            -1.0, 
            5.027442528031341e-18, 
            -0.0
        ]
    ]
}