{
    "Tworld_goalstart": [
        [
            1.0, 
            2.5079129677996607e-17, 
            0.0, 
            0.0
        ], 
        [
            2.5079129677996607e-17, 
            0.9999999999999999, 
            0.0, 
            0.0
        ], 
        [
            0.0, 
            0.0, 
            1.0, 
            0.0
        ], 
        [
            0.0, 
            0.0, 
            0.0, 
            1.0
        ]
    ], 
    "Teffectivestart_hoveringstart": [
        [
            0.9999999999999998, 
            4.5689149308745953e-17, 
            0.0, 
            -0.049999999999999996
        ], 
        [
            4.5689149308745953e-17, 
            0.9999999999999999, 
            0.0, 
            3.564705752984476e-17
        ], 
        [
            0.0, 
            0.0, 
            1.0, 
            0.1
        ], 
        [
            0.0, 
            0.0, 
            0.0, 
            1.0
        ]
    ], 
    "hovering_end": [
        [
            -0.6374239897486902, 
            -0.7705132427757888, 
            0.0, 
            -0.03824543938492141
        ], 
        [
            0.7705132427757887, 
            -0.6374239897486902, 
            0.0, 
            0.04623079456654732
        ], 
        [
            0.0, 
            0.0, 
            1.0, 
            0.0
        ], 
        [
            0.0, 
            0.0, 
            0.0, 
            1.0
        ]
    ], 
    "sample file path": "learned_samples/ur/simulator/pointcloud/pull/meiying_L_chain_pull_tool/meiying_tool_target/sample/sample_17.txt", 
    "v_start_goal_frame": [
        -0.6374239897486903, 
        0.7705132427757884, 
        0.0
    ], 
    "Teffectiveend_unhoveringend": [
        [
            0.9999999999999998, 
            4.5689149308745953e-17, 
            0.0, 
            0.0
        ], 
        [
            4.5689149308745953e-17, 
            0.9999999999999999, 
            0.0, 
            2.6496417240764323e-17
        ], 
        [
            0.0, 
            0.0, 
            1.0, 
            0.1
        ], 
        [
            0.0, 
            0.0, 
            0.0, 
            1.0
        ]
    ], 
    "task_type": "pose_change", 
    "goal": "meiying_tool_target", 
    "trajectory": [
        [
            [
                0.9999999999999998, 
                4.5689149308745953e-17, 
                0.0, 
                0.0
            ], 
            [
                4.5689149308745953e-17, 
                0.9999999999999999, 
                0.0, 
                -1.6842305636129025e-18
            ], 
            [
                0.0, 
                0.0, 
                1.0, 
                0.0
            ], 
            [
                0.0, 
                0.0, 
                0.0, 
                1.0
            ]
        ], 
        [
            [
                0.9999999999999998, 
                4.5689149308745953e-17, 
                0.0, 
                0.5099999999999999
            ], 
            [
                4.5689149308745953e-17, 
                0.9999999999999999, 
                0.0, 
                4.037420504857878e-17
            ], 
            [
                0.0, 
                0.0, 
                1.0, 
                0.0
            ], 
            [
                0.0, 
                0.0, 
                0.0, 
                1.0
            ]
        ]
    ], 
    "tool_contact_area_index": [
        719, 
        942, 
        943, 
        945, 
        946, 
        1126, 
        1127, 
        1130, 
        1131, 
        1132, 
        1134, 
        1135, 
        1136, 
        1137, 
        1138, 
        1376, 
        1378, 
        1379, 
        1380, 
        1381, 
        1382, 
        1383, 
        1384, 
        1385, 
        1386, 
        1387, 
        1388, 
        1389, 
        1390, 
        1391, 
        1392, 
        1395, 
        1398, 
        1744, 
        1745, 
        1746, 
        1747, 
        1748, 
        1749, 
        1750, 
        1751, 
        1752, 
        1753, 
        1754, 
        1755, 
        1756, 
        1757, 
        1758, 
        1759, 
        1760, 
        1761, 
        1762, 
        1764, 
        1765, 
        1766, 
        2106, 
        2107, 
        2108, 
        2109, 
        2110, 
        2111, 
        2112, 
        2113, 
        2114, 
        2115, 
        2116, 
        2117, 
        2118, 
        2119, 
        2120, 
        2121, 
        2122, 
        2123, 
        2124, 
        2125, 
        2126, 
        2127, 
        2128, 
        2129, 
        2130, 
        2131, 
        2132, 
        2133, 
        2134, 
        2135, 
        2142, 
        2143, 
        2538, 
        2539, 
        2540, 
        2542, 
        2545, 
        2552, 
        2563, 
        2718, 
        2720, 
        2721, 
        2724, 
        2857, 
        3064, 
        3065, 
        3066, 
        3068, 
        3070, 
        3071, 
        3072
    ], 
    "v_start_world_frame": [
        -0.6374239897486903, 
        0.7705132427757885, 
        0.0
    ], 
    "Ttool_goal": [
        [
            -0.6374239897486902, 
            0.7705132427757887, 
            0.0, 
            -0.10999999999999999
        ], 
        [
            -0.7705132427757888, 
            -0.6374239897486902, 
            0.0, 
            2.939811879997768e-17
        ], 
        [
            0.0, 
            0.0, 
            1.0, 
            0.0
        ], 
        [
            0.0, 
            0.0, 
            0.0, 
            1.0
        ]
    ], 
    "tool_trajectory_world_frame": [
        [
            [
                -0.6374239897486902, 
                -0.7705132427757888, 
                0.0, 
                -0.03824543938492141
            ], 
            [
                0.7705132427757888, 
                -0.6374239897486902, 
                0.0, 
                0.04623079456654733
            ], 
            [
                0.0, 
                0.0, 
                1.0, 
                0.1
            ], 
            [
                0.0, 
                0.0, 
                0.0, 
                1.0
            ]
        ], 
        [
            [
                -0.6374239897486902, 
                -0.7705132427757888, 
                0.0, 
                -0.03824543938492141
            ], 
            [
                0.7705132427757888, 
                -0.6374239897486902, 
                0.0, 
                0.04623079456654733
            ], 
            [
                0.0, 
                0.0, 
                1.0, 
                0.0
            ], 
            [
                0.0, 
                0.0, 
                0.0, 
                1.0
            ]
        ], 
        [
            [
                -0.6374239897486902, 
                -0.7705132427757888, 
                0.0, 
                -0.39520287364418794
            ], 
            [
                0.7705132427757888, 
                -0.6374239897486902, 
                0.0, 
                0.47771821052098906
            ], 
            [
                0.0, 
                0.0, 
                1.0, 
                0.0
            ], 
            [
                0.0, 
                0.0, 
                0.0, 
                1.0
            ]
        ], 
        [
            [
                -0.6374239897486902, 
                -0.7705132427757888, 
                0.0, 
                -0.39520287364418794
            ], 
            [
                0.7705132427757888, 
                -0.6374239897486902, 
                0.0, 
                0.47771821052098906
            ], 
            [
                0.0, 
                0.0, 
                1.0, 
                0.1
            ], 
            [
                0.0, 
                0.0, 
                0.0, 
                1.0
            ]
        ]
    ], 
    "goal_contact_area_index": [
        4071, 
        4072, 
        4074, 
        4075, 
        4076, 
        4077, 
        4079, 
        4080, 
        4081, 
        4082, 
        4083, 
        4084, 
        4085, 
        4086, 
        4249, 
        4250, 
        4252, 
        4253, 
        4274, 
        4279, 
        4280, 
        4282, 
        4284, 
        4286, 
        4288, 
        4289, 
        4290, 
        4291, 
        4292, 
        4293, 
        4295, 
        4296, 
        4299, 
        4300, 
        4301, 
        4302, 
        4305, 
        4409, 
        4410, 
        4411, 
        4412, 
        4413, 
        4414, 
        4415, 
        4416, 
        4417, 
        4418, 
        4419, 
        4420, 
        4421, 
        4422, 
        4577, 
        4578, 
        4811, 
        4813, 
        4814, 
        4815, 
        4816, 
        4817, 
        4818, 
        4819, 
        4820, 
        4823, 
        4980, 
        4982, 
        4985, 
        4986, 
        4987, 
        4988, 
        4989, 
        4992, 
        4996, 
        4997, 
        4998, 
        4999, 
        5000, 
        5002, 
        5003, 
        5004, 
        5005, 
        5006, 
        5007, 
        5008, 
        5009, 
        5010, 
        5011, 
        5012, 
        5135, 
        5138, 
        5139, 
        5140, 
        5142, 
        5143, 
        5144, 
        5145, 
        5146, 
        5148, 
        5149, 
        5150, 
        5151, 
        5152, 
        5153, 
        5155, 
        5156, 
        5157, 
        5158, 
        5159, 
        5160, 
        5161, 
        5162, 
        5163, 
        5164, 
        5165, 
        5166, 
        5167, 
        5168, 
        5169, 
        5170, 
        5171, 
        5172, 
        5173, 
        5174, 
        5175, 
        5176, 
        5238, 
        5253, 
        5255, 
        5256, 
        5257, 
        5258, 
        5259, 
        5260, 
        5261, 
        5262, 
        5264, 
        5265, 
        5267, 
        5268, 
        5269, 
        5270, 
        5271, 
        5272, 
        5273, 
        5274, 
        5275, 
        5276, 
        5404, 
        5421, 
        5422, 
        5423, 
        5426, 
        5429, 
        5431, 
        5434, 
        5636
    ], 
    "changing_point": [
        1, 
        -2
    ], 
    "tool_trajectory_goal_frame": [
        [
            [
                -0.6374239897486902, 
                -0.7705132427757888, 
                0.0, 
                -0.03824543938492141
            ], 
            [
                0.7705132427757887, 
                -0.6374239897486902, 
                0.0, 
                0.04623079456654732
            ], 
            [
                0.0, 
                0.0, 
                1.0, 
                0.1
            ], 
            [
                0.0, 
                0.0, 
                0.0, 
                1.0
            ]
        ], 
        [
            [
                -0.6374239897486902, 
                -0.7705132427757888, 
                0.0, 
                -0.03824543938492141
            ], 
            [
                0.7705132427757887, 
                -0.6374239897486902, 
                0.0, 
                0.04623079456654732
            ], 
            [
                0.0, 
                0.0, 
                1.0, 
                0.0
            ], 
            [
                0.0, 
                0.0, 
                0.0, 
                1.0
            ]
        ], 
        [
            [
                -0.6374239897486902, 
                -0.7705132427757888, 
                0.0, 
                -0.39520287364418794
            ], 
            [
                0.7705132427757887, 
                -0.6374239897486902, 
                0.0, 
                0.477718210520989
            ], 
            [
                0.0, 
                0.0, 
                1.0, 
                0.0
            ], 
            [
                0.0, 
                0.0, 
                0.0, 
                1.0
            ]
        ], 
        [
            [
                -0.6374239897486902, 
                -0.7705132427757888, 
                0.0, 
                -0.39520287364418794
            ], 
            [
                0.7705132427757887, 
                -0.6374239897486902, 
                0.0, 
                0.477718210520989
            ], 
            [
                0.0, 
                0.0, 
                1.0, 
                0.1
            ], 
            [
                0.0, 
                0.0, 
                0.0, 
                1.0
            ]
        ]
    ], 
    "Teffectivestart_unhoveringstart": [
        [
            0.9999999999999998, 
            4.5689149308745953e-17, 
            0.0, 
            0.5099999999999999
        ], 
        [
            4.5689149308745953e-17, 
            0.9999999999999999, 
            0.0, 
            5.5894536040742e-17
        ], 
        [
            0.0, 
            0.0, 
            1.0, 
            0.0
        ], 
        [
            0.0, 
            0.0, 
            0.0, 
            1.0
        ]
    ], 
    "raw sample file path": "learned_samples/ur/simulator/pointcloud/pull/meiying_L_chain_pull_tool/meiying_tool_target/raw/raw_sample_17.txt", 
    "trajectory_thetas": [
        0.5099999999999998
    ], 
    "tool": "meiying_L_chain_pull_tool", 
    "Tworld_goalend": [
        [
            1.0, 
            2.5079129677996607e-17, 
            0.0, 
            -0.325086234771832
        ], 
        [
            2.5079129677996607e-17, 
            0.9999999999999999, 
            0.0, 
            0.3929617538156523
        ], 
        [
            0.0, 
            0.0, 
            1.0, 
            0.0
        ], 
        [
            0.0, 
            0.0, 
            0.0, 
            1.0
        ]
    ], 
    "Tworld_toolend": [
        [
            -0.6374239897486902, 
            -0.7705132427757888, 
            0.0, 
            -0.39520287364418794
        ], 
        [
            0.7705132427757888, 
            -0.6374239897486902, 
            0.0, 
            0.47771821052098906
        ], 
        [
            0.0, 
            0.0, 
            1.0, 
            0.0
        ], 
        [
            0.0, 
            0.0, 
            0.0, 
            1.0
        ]
    ], 
    "hovering_start": [
        [
            -0.6374239897486902, 
            -0.7705132427757888, 
            0.0, 
            -0.03824543938492141
        ], 
        [
            0.7705132427757887, 
            -0.6374239897486902, 
            0.0, 
            0.04623079456654732
        ], 
        [
            0.0, 
            0.0, 
            1.0, 
            0.1
        ], 
        [
            0.0, 
            0.0, 
            0.0, 
            1.0
        ]
    ], 
    "v_start_tool_frame": [
        1.0, 
        1.2815667011696498e-16, 
        0.0
    ], 
    "task": "pull", 
    "unhovering_start": [
        [
            -0.6374239897486902, 
            -0.7705132427757888, 
            0.0, 
            -0.39520287364418794
        ], 
        [
            0.7705132427757887, 
            -0.6374239897486902, 
            0.0, 
            0.477718210520989
        ], 
        [
            0.0, 
            0.0, 
            1.0, 
            0.0
        ], 
        [
            0.0, 
            0.0, 
            0.0, 
            1.0
        ]
    ], 
    "Teffectivestart_hoveringend": [
        [
            0.9999999999999998, 
            4.5689149308745953e-17, 
            0.0, 
            -0.049999999999999996
        ], 
        [
            4.5689149308745953e-17, 
            0.9999999999999999, 
            0.0, 
            3.564705752984476e-17
        ], 
        [
            0.0, 
            0.0, 
            1.0, 
            0.0
        ], 
        [
            0.0, 
            0.0, 
            0.0, 
            1.0
        ]
    ], 
    "Tworld_toolstart": [
        [
            -0.6374239897486902, 
            -0.7705132427757888, 
            0.0, 
            -0.07011663887235589
        ], 
        [
            0.7705132427757886, 
            -0.6374239897486902, 
            0.0, 
            0.08475645670533674
        ], 
        [
            0.0, 
            0.0, 
            1.0, 
            0.0
        ], 
        [
            0.0, 
            0.0, 
            0.0, 
            1.0
        ]
    ], 
    "unhovering_end": [
        [
            -0.6374239897486902, 
            -0.7705132427757888, 
            0.0, 
            -0.39520287364418794
        ], 
        [
            0.7705132427757887, 
            -0.6374239897486902, 
            0.0, 
            0.477718210520989
        ], 
        [
            0.0, 
            0.0, 
            1.0, 
            0.1
        ], 
        [
            0.0, 
            0.0, 
            0.0, 
            1.0
        ]
    ], 
    "trajectory_screw_axes": [
        [
            -0.0, 
            -0.0, 
            -0.0, 
            -1.0, 
            -1.2815667011696498e-16, 
            -0.0
        ]
    ]
}