{
    "Tworld_goalstart": [
        [
            1.0, 
            4.72344151588652e-18, 
            0.0, 
            0.0
        ], 
        [
            4.72344151588652e-18, 
            1.0, 
            0.0, 
            0.0
        ], 
        [
            0.0, 
            0.0, 
            1.0, 
            0.0
        ], 
        [
            0.0, 
            0.0, 
            0.0, 
            1.0
        ]
    ], 
    "Teffectivestart_hoveringstart": [
        [
            1.0, 
            -4.72344151588652e-18, 
            0.0, 
            -0.05000000000000002
        ], 
        [
            -4.72344151588652e-18, 
            1.0, 
            0.0, 
            -1.6357411267910484e-19
        ], 
        [
            0.0, 
            0.0, 
            1.0, 
            0.1
        ], 
        [
            0.0, 
            0.0, 
            0.0, 
            1.0
        ]
    ], 
    "hovering_end": [
        [
            0.06279051952931353, 
            0.9980267284282716, 
            0.0, 
            0.003767431171758811
        ], 
        [
            -0.9980267284282716, 
            0.06279051952931353, 
            0.0, 
            -0.05988160370569629
        ], 
        [
            0.0, 
            0.0, 
            1.0, 
            0.0
        ], 
        [
            0.0, 
            0.0, 
            0.0, 
            1.0
        ]
    ], 
    "sample file path": "learned_samples/ur/simulator/pointcloud/pull/meiying_L_chain_pull_tool/meiying_tool_target/sample/sample_7.txt", 
    "v_start_goal_frame": [
        0.06279051952931351, 
        -0.9980267284282716, 
        0.0
    ], 
    "Teffectiveend_unhoveringend": [
        [
            1.0, 
            -4.72344151588652e-18, 
            0.0, 
            -5.551115123125783e-17
        ], 
        [
            -4.72344151588652e-18, 
            1.0, 
            0.0, 
            -1.086781572615027e-18
        ], 
        [
            0.0, 
            0.0, 
            1.0, 
            0.1
        ], 
        [
            0.0, 
            0.0, 
            0.0, 
            1.0
        ]
    ], 
    "task_type": "pose_change", 
    "goal": "meiying_tool_target", 
    "trajectory": [
        [
            [
                1.0, 
                -4.72344151588652e-18, 
                0.0, 
                0.0
            ], 
            [
                -4.72344151588652e-18, 
                1.0, 
                0.0, 
                3.77800789437489e-19
            ], 
            [
                0.0, 
                0.0, 
                1.0, 
                0.0
            ], 
            [
                0.0, 
                0.0, 
                0.0, 
                1.0
            ]
        ], 
        [
            [
                1.0, 
                -4.72344151588652e-18, 
                0.0, 
                0.20999999999999994
            ], 
            [
                -4.72344151588652e-18, 
                1.0, 
                0.0, 
                -1.086781572615027e-18
            ], 
            [
                0.0, 
                0.0, 
                1.0, 
                0.0
            ], 
            [
                0.0, 
                0.0, 
                0.0, 
                1.0
            ]
        ]
    ], 
    "tool_contact_area_index": [
        716, 
        941, 
        943, 
        945, 
        946, 
        1123, 
        1124, 
        1125, 
        1126, 
        1128, 
        1129, 
        1130, 
        1131, 
        1132, 
        1134, 
        1135, 
        1136, 
        1137, 
        1375, 
        1376, 
        1377, 
        1378, 
        1379, 
        1380, 
        1381, 
        1382, 
        1383, 
        1384, 
        1385, 
        1736, 
        1737, 
        1739, 
        1740, 
        1742, 
        1743, 
        1744, 
        1745, 
        1746, 
        1747, 
        1748, 
        1749, 
        1750, 
        1751, 
        1752, 
        1753, 
        1754, 
        1755, 
        1756, 
        1757, 
        1758, 
        1759, 
        1760, 
        1761, 
        1762, 
        1766, 
        2104, 
        2105, 
        2106, 
        2107, 
        2108, 
        2109, 
        2110, 
        2111, 
        2112, 
        2113, 
        2114, 
        2115, 
        2116, 
        2117, 
        2118, 
        2119, 
        2120, 
        2121, 
        2123, 
        2124, 
        2125, 
        2126, 
        2127, 
        2128, 
        2129, 
        2130, 
        2131, 
        2132, 
        2133, 
        2134, 
        2536, 
        2541, 
        2542, 
        2544, 
        2546, 
        2548, 
        2555, 
        2556, 
        2557, 
        2717, 
        2723, 
        3067, 
        3070, 
        3071, 
        3072
    ], 
    "v_start_world_frame": [
        0.06279051952931351, 
        -0.9980267284282716, 
        0.0
    ], 
    "Ttool_goal": [
        [
            0.06279051952931353, 
            -0.9980267284282716, 
            0.0, 
            -0.11000000000000001
        ], 
        [
            0.9980267284282716, 
            0.06279051952931353, 
            0.0, 
            2.580458087787734e-19
        ], 
        [
            0.0, 
            0.0, 
            1.0, 
            0.0
        ], 
        [
            0.0, 
            0.0, 
            0.0, 
            1.0
        ]
    ], 
    "tool_trajectory_world_frame": [
        [
            [
                0.06279051952931353, 
                0.9980267284282716, 
                0.0, 
                0.0037674311717588115
            ], 
            [
                -0.9980267284282716, 
                0.06279051952931353, 
                0.0, 
                -0.05988160370569629
            ], 
            [
                0.0, 
                0.0, 
                1.0, 
                0.1
            ], 
            [
                0.0, 
                0.0, 
                0.0, 
                1.0
            ]
        ], 
        [
            [
                0.06279051952931353, 
                0.9980267284282716, 
                0.0, 
                0.0037674311717588115
            ], 
            [
                -0.9980267284282716, 
                0.06279051952931353, 
                0.0, 
                -0.05988160370569629
            ], 
            [
                0.0, 
                0.0, 
                1.0, 
                0.0
            ], 
            [
                0.0, 
                0.0, 
                0.0, 
                1.0
            ]
        ], 
        [
            [
                0.06279051952931353, 
                0.9980267284282716, 
                0.0, 
                0.020092966249380326
            ], 
            [
                -0.9980267284282716, 
                0.06279051952931353, 
                0.0, 
                -0.31936855309704687
            ], 
            [
                0.0, 
                0.0, 
                1.0, 
                0.0
            ], 
            [
                0.0, 
                0.0, 
                0.0, 
                1.0
            ]
        ], 
        [
            [
                0.06279051952931353, 
                0.9980267284282716, 
                0.0, 
                0.020092966249380326
            ], 
            [
                -0.9980267284282716, 
                0.06279051952931353, 
                0.0, 
                -0.31936855309704687
            ], 
            [
                0.0, 
                0.0, 
                1.0, 
                0.1
            ], 
            [
                0.0, 
                0.0, 
                0.0, 
                1.0
            ]
        ]
    ], 
    "goal_contact_area_index": [
        2849, 
        3102, 
        3103, 
        3104, 
        3468, 
        3469, 
        3470, 
        3471, 
        3472, 
        3473, 
        3474, 
        3749, 
        3750, 
        3753, 
        3754, 
        3755, 
        3756, 
        3757, 
        3758, 
        3760, 
        3761, 
        3764, 
        3765, 
        3766, 
        3768, 
        3769, 
        3770, 
        3771, 
        3773, 
        3774, 
        3780, 
        3781, 
        3784, 
        3785, 
        3786, 
        3787, 
        3788, 
        3789, 
        3790, 
        3791, 
        3792, 
        3793, 
        3794, 
        3795, 
        3796, 
        3797, 
        3798, 
        3799, 
        3800, 
        3801, 
        3802, 
        3803, 
        3804, 
        3805, 
        3980, 
        3982, 
        3984, 
        3986, 
        3987, 
        3988, 
        3990, 
        3993, 
        3996, 
        3997, 
        4002, 
        4003, 
        4004, 
        4005, 
        4150, 
        4151, 
        4152, 
        4154, 
        4156, 
        4157, 
        4158, 
        4159, 
        4160, 
        4161, 
        4162, 
        4163, 
        4164, 
        4165, 
        4167, 
        4168, 
        4171, 
        4172, 
        4173, 
        4174, 
        4175, 
        4176, 
        4177, 
        4178, 
        4179, 
        4180, 
        4181, 
        4182, 
        4330, 
        4331, 
        4332, 
        4333, 
        4334, 
        4336, 
        4339, 
        4340, 
        4341, 
        4495, 
        4501, 
        4507
    ], 
    "changing_point": [
        1, 
        -2
    ], 
    "tool_trajectory_goal_frame": [
        [
            [
                0.06279051952931353, 
                0.9980267284282716, 
                0.0, 
                0.003767431171758811
            ], 
            [
                -0.9980267284282716, 
                0.06279051952931353, 
                0.0, 
                -0.05988160370569629
            ], 
            [
                0.0, 
                0.0, 
                1.0, 
                0.1
            ], 
            [
                0.0, 
                0.0, 
                0.0, 
                1.0
            ]
        ], 
        [
            [
                0.06279051952931353, 
                0.9980267284282716, 
                0.0, 
                0.003767431171758811
            ], 
            [
                -0.9980267284282716, 
                0.06279051952931353, 
                0.0, 
                -0.05988160370569629
            ], 
            [
                0.0, 
                0.0, 
                1.0, 
                0.0
            ], 
            [
                0.0, 
                0.0, 
                0.0, 
                1.0
            ]
        ], 
        [
            [
                0.06279051952931353, 
                0.9980267284282716, 
                0.0, 
                0.020092966249380326
            ], 
            [
                -0.9980267284282716, 
                0.06279051952931353, 
                0.0, 
                -0.31936855309704687
            ], 
            [
                0.0, 
                0.0, 
                1.0, 
                0.0
            ], 
            [
                0.0, 
                0.0, 
                0.0, 
                1.0
            ]
        ], 
        [
            [
                0.06279051952931353, 
                0.9980267284282716, 
                0.0, 
                0.020092966249380326
            ], 
            [
                -0.9980267284282716, 
                0.06279051952931353, 
                0.0, 
                -0.31936855309704687
            ], 
            [
                0.0, 
                0.0, 
                1.0, 
                0.1
            ], 
            [
                0.0, 
                0.0, 
                0.0, 
                1.0
            ]
        ]
    ], 
    "Teffectivestart_unhoveringstart": [
        [
            1.0, 
            -4.72344151588652e-18, 
            0.0, 
            0.20999999999999994
        ], 
        [
            -4.72344151588652e-18, 
            1.0, 
            0.0, 
            -8.287357638362535e-19
        ], 
        [
            0.0, 
            0.0, 
            1.0, 
            0.0
        ], 
        [
            0.0, 
            0.0, 
            0.0, 
            1.0
        ]
    ], 
    "raw sample file path": "learned_samples/ur/simulator/pointcloud/pull/meiying_L_chain_pull_tool/meiying_tool_target/raw/raw_sample_7.txt", 
    "trajectory_thetas": [
        0.20999999999999994
    ], 
    "tool": "meiying_L_chain_pull_tool", 
    "Tworld_goalend": [
        [
            1.0, 
            4.72344151588652e-18, 
            0.0, 
            0.013186009101155841
        ], 
        [
            4.72344151588652e-18, 
            1.0, 
            0.0, 
            -0.20958561296993702
        ], 
        [
            0.0, 
            0.0, 
            1.0, 
            0.0
        ], 
        [
            0.0, 
            0.0, 
            0.0, 
            1.0
        ]
    ], 
    "Tworld_toolend": [
        [
            0.06279051952931353, 
            0.9980267284282716, 
            0.0, 
            0.020092966249380326
        ], 
        [
            -0.9980267284282716, 
            0.06279051952931353, 
            0.0, 
            -0.31936855309704687
        ], 
        [
            0.0, 
            0.0, 
            1.0, 
            0.0
        ], 
        [
            0.0, 
            0.0, 
            0.0, 
            1.0
        ]
    ], 
    "hovering_start": [
        [
            0.06279051952931353, 
            0.9980267284282716, 
            0.0, 
            0.003767431171758811
        ], 
        [
            -0.9980267284282716, 
            0.06279051952931353, 
            0.0, 
            -0.05988160370569629
        ], 
        [
            0.0, 
            0.0, 
            1.0, 
            0.1
        ], 
        [
            0.0, 
            0.0, 
            0.0, 
            1.0
        ]
    ], 
    "v_start_tool_frame": [
        1.0, 
        -1.1697643239946121e-17, 
        0.0
    ], 
    "task": "pull", 
    "unhovering_start": [
        [
            0.06279051952931353, 
            0.9980267284282716, 
            0.0, 
            0.020092966249380326
        ], 
        [
            -0.9980267284282716, 
            0.06279051952931353, 
            0.0, 
            -0.31936855309704687
        ], 
        [
            0.0, 
            0.0, 
            1.0, 
            0.0
        ], 
        [
            0.0, 
            0.0, 
            0.0, 
            1.0
        ]
    ], 
    "Teffectivestart_hoveringend": [
        [
            1.0, 
            -4.72344151588652e-18, 
            0.0, 
            -0.05000000000000002
        ], 
        [
            -4.72344151588652e-18, 
            1.0, 
            0.0, 
            -1.6357411267910484e-19
        ], 
        [
            0.0, 
            0.0, 
            1.0, 
            0.0
        ], 
        [
            0.0, 
            0.0, 
            0.0, 
            1.0
        ]
    ], 
    "Tworld_toolstart": [
        [
            0.06279051952931353, 
            0.9980267284282716, 
            0.0, 
            0.006906957148224488
        ], 
        [
            -0.9980267284282716, 
            0.06279051952931353, 
            0.0, 
            -0.10978294012710989
        ], 
        [
            0.0, 
            0.0, 
            1.0, 
            0.0
        ], 
        [
            0.0, 
            0.0, 
            0.0, 
            1.0
        ]
    ], 
    "unhovering_end": [
        [
            0.06279051952931353, 
            0.9980267284282716, 
            0.0, 
            0.020092966249380326
        ], 
        [
            -0.9980267284282716, 
            0.06279051952931353, 
            0.0, 
            -0.31936855309704687
        ], 
        [
            0.0, 
            0.0, 
            1.0, 
            0.1
        ], 
        [
            0.0, 
            0.0, 
            0.0, 
            1.0
        ]
    ], 
    "trajectory_screw_axes": [
        [
            -0.0, 
            -0.0, 
            -0.0, 
            -1.0, 
            1.1697643239946121e-17, 
            -0.0
        ]
    ]
}