{
    "Tworld_goalstart": [
        [
            1.0, 
            -2.3506446393833413e-18, 
            0.0, 
            0.0
        ], 
        [
            -2.3506446393833413e-18, 
            1.0, 
            0.0, 
            0.0
        ], 
        [
            0.0, 
            0.0, 
            1.0, 
            0.0
        ], 
        [
            0.0, 
            0.0, 
            0.0, 
            1.0
        ]
    ], 
    "Teffectivestart_hoveringstart": [
        [
            1.0, 
            2.3506446393833413e-18, 
            0.0, 
            -0.04999999999999999
        ], 
        [
            2.3506446393833413e-18, 
            1.0, 
            0.0, 
            -1.6183892797436122e-19
        ], 
        [
            0.0, 
            0.0, 
            1.0, 
            0.1
        ], 
        [
            0.0, 
            0.0, 
            0.0, 
            1.0
        ]
    ], 
    "hovering_end": [
        [
            -0.18738131458572438, 
            0.9822872507286887, 
            0.0, 
            -0.011242878875143462
        ], 
        [
            -0.9822872507286887, 
            -0.18738131458572438, 
            0.0, 
            -0.05893723504372132
        ], 
        [
            0.0, 
            0.0, 
            1.0, 
            0.0
        ], 
        [
            0.0, 
            0.0, 
            0.0, 
            1.0
        ]
    ], 
    "sample file path": "learned_samples/ur/simulator/pointcloud/pull/meiying_L_chain_pull_tool/meiying_tool_target/sample/sample_8.txt", 
    "v_start_goal_frame": [
        -0.18738131458572438, 
        -0.9822872507286887, 
        0.0
    ], 
    "Teffectiveend_unhoveringend": [
        [
            1.0, 
            2.3506446393833413e-18, 
            0.0, 
            0.0
        ], 
        [
            2.3506446393833413e-18, 
            1.0, 
            0.0, 
            2.5581079361590564e-18
        ], 
        [
            0.0, 
            0.0, 
            1.0, 
            0.1
        ], 
        [
            0.0, 
            0.0, 
            0.0, 
            1.0
        ]
    ], 
    "task_type": "pose_change", 
    "goal": "meiying_tool_target", 
    "trajectory": [
        [
            [
                1.0, 
                2.3506446393833413e-18, 
                0.0, 
                0.0
            ], 
            [
                2.3506446393833413e-18, 
                1.0, 
                0.0, 
                8.714095556853437e-20
            ], 
            [
                0.0, 
                0.0, 
                1.0, 
                0.0
            ], 
            [
                0.0, 
                0.0, 
                0.0, 
                1.0
            ]
        ], 
        [
            [
                1.0, 
                2.3506446393833413e-18, 
                0.0, 
                0.24
            ], 
            [
                2.3506446393833413e-18, 
                1.0, 
                0.0, 
                2.5581079361590564e-18
            ], 
            [
                0.0, 
                0.0, 
                1.0, 
                0.0
            ], 
            [
                0.0, 
                0.0, 
                0.0, 
                1.0
            ]
        ]
    ], 
    "tool_contact_area_index": [
        712, 
        946, 
        1123, 
        1126, 
        1127, 
        1131, 
        1133, 
        1376, 
        1377, 
        1378, 
        1389, 
        1395, 
        1736, 
        1738, 
        1743, 
        1744, 
        1745, 
        1746, 
        1747, 
        1752, 
        1753, 
        1759, 
        2104, 
        2105, 
        2106, 
        2107, 
        2108, 
        2109, 
        2110, 
        2111, 
        2112, 
        2113, 
        2114, 
        2117, 
        2118, 
        2119, 
        2122, 
        2123, 
        2126, 
        2127, 
        2129, 
        2546, 
        2547, 
        2548, 
        2550, 
        2552, 
        2553, 
        2554, 
        2556, 
        2557, 
        2558, 
        2559, 
        2560, 
        2718, 
        2722, 
        2723, 
        2724, 
        2860, 
        2862, 
        3064, 
        3065, 
        3067, 
        3068, 
        3069, 
        3070, 
        3071, 
        3072
    ], 
    "v_start_world_frame": [
        -0.18738131458572438, 
        -0.9822872507286887, 
        0.0
    ], 
    "Ttool_goal": [
        [
            -0.18738131458572438, 
            -0.9822872507286887, 
            0.0, 
            -0.10999999999999999
        ], 
        [
            0.9822872507286887, 
            -0.18738131458572438, 
            0.0, 
            -1.2947114237948898e-19
        ], 
        [
            0.0, 
            0.0, 
            1.0, 
            0.0
        ], 
        [
            0.0, 
            0.0, 
            0.0, 
            1.0
        ]
    ], 
    "tool_trajectory_world_frame": [
        [
            [
                -0.18738131458572438, 
                0.9822872507286887, 
                0.0, 
                -0.011242878875143462
            ], 
            [
                -0.9822872507286887, 
                -0.18738131458572438, 
                0.0, 
                -0.05893723504372132
            ], 
            [
                0.0, 
                0.0, 
                1.0, 
                0.1
            ], 
            [
                0.0, 
                0.0, 
                0.0, 
                1.0
            ]
        ], 
        [
            [
                -0.18738131458572438, 
                0.9822872507286887, 
                0.0, 
                -0.011242878875143462
            ], 
            [
                -0.9822872507286887, 
                -0.18738131458572438, 
                0.0, 
                -0.05893723504372132
            ], 
            [
                0.0, 
                0.0, 
                1.0, 
                0.0
            ], 
            [
                0.0, 
                0.0, 
                0.0, 
                1.0
            ]
        ], 
        [
            [
                -0.18738131458572438, 
                0.9822872507286887, 
                0.0, 
                -0.06558346010500353
            ], 
            [
                -0.9822872507286887, 
                -0.18738131458572438, 
                0.0, 
                -0.34380053775504105
            ], 
            [
                0.0, 
                0.0, 
                1.0, 
                0.0
            ], 
            [
                0.0, 
                0.0, 
                0.0, 
                1.0
            ]
        ], 
        [
            [
                -0.18738131458572438, 
                0.9822872507286887, 
                0.0, 
                -0.06558346010500353
            ], 
            [
                -0.9822872507286887, 
                -0.18738131458572438, 
                0.0, 
                -0.34380053775504105
            ], 
            [
                0.0, 
                0.0, 
                1.0, 
                0.1
            ], 
            [
                0.0, 
                0.0, 
                0.0, 
                1.0
            ]
        ]
    ], 
    "goal_contact_area_index": [
        3990, 
        3994, 
        3996, 
        3997, 
        3999, 
        4004, 
        4005, 
        4007, 
        4163, 
        4173, 
        4174, 
        4175, 
        4176, 
        4178, 
        4180, 
        4181, 
        4182, 
        4922, 
        4924, 
        4931, 
        4933, 
        5094, 
        5095, 
        5096, 
        5097, 
        5100, 
        5102, 
        5103, 
        5104, 
        5106
    ], 
    "changing_point": [
        1, 
        -2
    ], 
    "tool_trajectory_goal_frame": [
        [
            [
                -0.18738131458572438, 
                0.9822872507286887, 
                0.0, 
                -0.011242878875143462
            ], 
            [
                -0.9822872507286887, 
                -0.18738131458572438, 
                0.0, 
                -0.05893723504372132
            ], 
            [
                0.0, 
                0.0, 
                1.0, 
                0.1
            ], 
            [
                0.0, 
                0.0, 
                0.0, 
                1.0
            ]
        ], 
        [
            [
                -0.18738131458572438, 
                0.9822872507286887, 
                0.0, 
                -0.011242878875143462
            ], 
            [
                -0.9822872507286887, 
                -0.18738131458572438, 
                0.0, 
                -0.05893723504372132
            ], 
            [
                0.0, 
                0.0, 
                1.0, 
                0.0
            ], 
            [
                0.0, 
                0.0, 
                0.0, 
                1.0
            ]
        ], 
        [
            [
                -0.18738131458572438, 
                0.9822872507286887, 
                0.0, 
                -0.06558346010500353
            ], 
            [
                -0.9822872507286887, 
                -0.18738131458572438, 
                0.0, 
                -0.34380053775504105
            ], 
            [
                0.0, 
                0.0, 
                1.0, 
                0.0
            ], 
            [
                0.0, 
                0.0, 
                0.0, 
                1.0
            ]
        ], 
        [
            [
                -0.18738131458572438, 
                0.9822872507286887, 
                0.0, 
                -0.06558346010500353
            ], 
            [
                -0.9822872507286887, 
                -0.18738131458572438, 
                0.0, 
                -0.34380053775504105
            ], 
            [
                0.0, 
                0.0, 
                1.0, 
                0.1
            ], 
            [
                0.0, 
                0.0, 
                0.0, 
                1.0
            ]
        ]
    ], 
    "Teffectivestart_unhoveringstart": [
        [
            1.0, 
            2.3506446393833413e-18, 
            0.0, 
            0.24
        ], 
        [
            2.3506446393833413e-18, 
            1.0, 
            0.0, 
            2.4286367937795674e-18
        ], 
        [
            0.0, 
            0.0, 
            1.0, 
            0.0
        ], 
        [
            0.0, 
            0.0, 
            0.0, 
            1.0
        ]
    ], 
    "raw sample file path": "learned_samples/ur/simulator/pointcloud/pull/meiying_L_chain_pull_tool/meiying_tool_target/raw/raw_sample_8.txt", 
    "trajectory_thetas": [
        0.24
    ], 
    "tool": "meiying_L_chain_pull_tool", 
    "Tworld_goalend": [
        [
            1.0, 
            -2.3506446393833413e-18, 
            0.0, 
            -0.04497151550057385
        ], 
        [
            -2.3506446393833413e-18, 
            1.0, 
            0.0, 
            -0.2357489401748853
        ], 
        [
            0.0, 
            0.0, 
            1.0, 
            0.0
        ], 
        [
            0.0, 
            0.0, 
            0.0, 
            1.0
        ]
    ], 
    "Tworld_toolend": [
        [
            -0.18738131458572438, 
            0.9822872507286887, 
            0.0, 
            -0.06558346010500353
        ], 
        [
            -0.9822872507286887, 
            -0.18738131458572438, 
            0.0, 
            -0.34380053775504105
        ], 
        [
            0.0, 
            0.0, 
            1.0, 
            0.0
        ], 
        [
            0.0, 
            0.0, 
            0.0, 
            1.0
        ]
    ], 
    "hovering_start": [
        [
            -0.18738131458572438, 
            0.9822872507286887, 
            0.0, 
            -0.011242878875143462
        ], 
        [
            -0.9822872507286887, 
            -0.18738131458572438, 
            0.0, 
            -0.05893723504372132
        ], 
        [
            0.0, 
            0.0, 
            1.0, 
            0.1
        ], 
        [
            0.0, 
            0.0, 
            0.0, 
            1.0
        ]
    ], 
    "v_start_tool_frame": [
        1.0, 
        1.2646340391843851e-17, 
        0.0
    ], 
    "task": "pull", 
    "unhovering_start": [
        [
            -0.18738131458572438, 
            0.9822872507286887, 
            0.0, 
            -0.06558346010500353
        ], 
        [
            -0.9822872507286887, 
            -0.18738131458572438, 
            0.0, 
            -0.34380053775504105
        ], 
        [
            0.0, 
            0.0, 
            1.0, 
            0.0
        ], 
        [
            0.0, 
            0.0, 
            0.0, 
            1.0
        ]
    ], 
    "Teffectivestart_hoveringend": [
        [
            1.0, 
            2.3506446393833413e-18, 
            0.0, 
            -0.04999999999999999
        ], 
        [
            2.3506446393833413e-18, 
            1.0, 
            0.0, 
            -1.6183892797436122e-19
        ], 
        [
            0.0, 
            0.0, 
            1.0, 
            0.0
        ], 
        [
            0.0, 
            0.0, 
            0.0, 
            1.0
        ]
    ], 
    "Tworld_toolstart": [
        [
            -0.18738131458572438, 
            0.9822872507286887, 
            0.0, 
            -0.02061194460442968
        ], 
        [
            -0.9822872507286887, 
            -0.18738131458572438, 
            0.0, 
            -0.10805159758015574
        ], 
        [
            0.0, 
            0.0, 
            1.0, 
            0.0
        ], 
        [
            0.0, 
            0.0, 
            0.0, 
            1.0
        ]
    ], 
    "unhovering_end": [
        [
            -0.18738131458572438, 
            0.9822872507286887, 
            0.0, 
            -0.06558346010500353
        ], 
        [
            -0.9822872507286887, 
            -0.18738131458572438, 
            0.0, 
            -0.34380053775504105
        ], 
        [
            0.0, 
            0.0, 
            1.0, 
            0.1
        ], 
        [
            0.0, 
            0.0, 
            0.0, 
            1.0
        ]
    ], 
    "trajectory_screw_axes": [
        [
            -0.0, 
            -0.0, 
            -0.0, 
            -1.0, 
            -1.2646340391843851e-17, 
            -0.0
        ]
    ]
}