{
    "Tworld_goalstart": [
        [
            1.0, 
            1.2735666221977974e-17, 
            0.0, 
            0.0
        ], 
        [
            1.2735666221977974e-17, 
            1.0, 
            0.0, 
            0.0
        ], 
        [
            0.0, 
            0.0, 
            1.0, 
            0.0
        ], 
        [
            0.0, 
            0.0, 
            0.0, 
            1.0
        ]
    ], 
    "Teffectivestart_hoveringstart": [
        [
            1.0, 
            -1.2735666221977974e-17, 
            0.0, 
            -0.05000000000000002
        ], 
        [
            -1.2735666221977974e-17, 
            1.0, 
            0.0, 
            -4.740569081274019e-18
        ], 
        [
            0.0, 
            0.0, 
            1.0, 
            0.1
        ], 
        [
            0.0, 
            0.0, 
            0.0, 
            1.0
        ]
    ], 
    "hovering_end": [
        [
            -0.4257792915650723, 
            0.9048270524660197, 
            0.0, 
            0.038320136240856506
        ], 
        [
            -0.9048270524660197, 
            -0.4257792915650723, 
            0.0, 
            0.08143443472194177
        ], 
        [
            0.0, 
            0.0, 
            1.0, 
            0.0
        ], 
        [
            0.0, 
            0.0, 
            0.0, 
            1.0
        ]
    ], 
    "sample file path": "learned_samples/ur/simulator/pointcloud/push/meiying_T_push_tool/meiying_tool_target/sample/sample_9.txt", 
    "v_start_goal_frame": [
        -0.4257792915650723, 
        -0.9048270524660197, 
        0.0
    ], 
    "Teffectiveend_unhoveringend": [
        [
            1.0, 
            -1.2735666221977974e-17, 
            0.0, 
            0.0
        ], 
        [
            -1.2735666221977974e-17, 
            1.0, 
            0.0, 
            5.106866308315293e-18
        ], 
        [
            0.0, 
            0.0, 
            1.0, 
            0.1
        ], 
        [
            0.0, 
            0.0, 
            0.0, 
            1.0
        ]
    ], 
    "task_type": "pose_change", 
    "goal": "meiying_tool_target", 
    "trajectory": [
        [
            [
                1.0, 
                -1.2735666221977974e-17, 
                0.0, 
                0.0
            ], 
            [
                -1.2735666221977974e-17, 
                1.0, 
                0.0, 
                7.793598317598883e-19
            ], 
            [
                0.0, 
                0.0, 
                1.0, 
                0.0
            ], 
            [
                0.0, 
                0.0, 
                0.0, 
                1.0
            ]
        ], 
        [
            [
                1.0, 
                -1.2735666221977974e-17, 
                0.0, 
                0.27
            ], 
            [
                -1.2735666221977974e-17, 
                1.0, 
                0.0, 
                6.8415897842921e-18
            ], 
            [
                0.0, 
                0.0, 
                1.0, 
                0.0
            ], 
            [
                0.0, 
                0.0, 
                0.0, 
                1.0
            ]
        ]
    ], 
    "tool_contact_area_index": [
        155, 
        156, 
        162, 
        387, 
        389, 
        391, 
        749, 
        1282, 
        1296, 
        1297, 
        1298, 
        1299, 
        1304, 
        1305, 
        1306, 
        1527, 
        2919, 
        2921, 
        2924, 
        2925, 
        2928, 
        2929, 
        2930, 
        2932, 
        2933, 
        2934, 
        2935, 
        2936, 
        4539, 
        4540, 
        4541, 
        4542, 
        4547, 
        4550, 
        4551, 
        4552, 
        4553, 
        4564, 
        4565, 
        4771, 
        4772, 
        4775, 
        4777, 
        4778, 
        4792, 
        6059, 
        6064, 
        6068, 
        6075, 
        6297, 
        6299, 
        6302, 
        7719, 
        7723, 
        7724, 
        7736, 
        7737, 
        7738, 
        7739, 
        7741, 
        7742, 
        7748, 
        7751, 
        7752, 
        7753, 
        7754, 
        7755, 
        7756, 
        7757, 
        7758, 
        7883, 
        7884, 
        7885, 
        7886, 
        7887, 
        7917, 
        7918, 
        7919, 
        7922, 
        7935, 
        7937, 
        7938, 
        7939, 
        7940, 
        7944, 
        7945, 
        7947
    ], 
    "v_start_world_frame": [
        -0.4257792915650723, 
        -0.9048270524660197, 
        0.0
    ], 
    "Ttool_goal": [
        [
            -0.4257792915650723, 
            -0.9048270524660197, 
            0.0, 
            0.03999999999999998
        ], 
        [
            0.9048270524660197, 
            -0.4257792915650723, 
            0.0, 
            3.4304990329899497e-19
        ], 
        [
            0.0, 
            0.0, 
            1.0, 
            0.0
        ], 
        [
            0.0, 
            0.0, 
            0.0, 
            1.0
        ]
    ], 
    "tool_trajectory_world_frame": [
        [
            [
                -0.4257792915650723, 
                0.9048270524660197, 
                0.0, 
                0.038320136240856506
            ], 
            [
                -0.9048270524660197, 
                -0.4257792915650723, 
                0.0, 
                0.08143443472194177
            ], 
            [
                0.0, 
                0.0, 
                1.0, 
                0.1
            ], 
            [
                0.0, 
                0.0, 
                0.0, 
                1.0
            ]
        ], 
        [
            [
                -0.4257792915650723, 
                0.9048270524660197, 
                0.0, 
                0.038320136240856506
            ], 
            [
                -0.9048270524660197, 
                -0.4257792915650723, 
                0.0, 
                0.08143443472194177
            ], 
            [
                0.0, 
                0.0, 
                1.0, 
                0.0
            ], 
            [
                0.0, 
                0.0, 
                0.0, 
                1.0
            ]
        ], 
        [
            [
                -0.4257792915650723, 
                0.9048270524660197, 
                0.0, 
                -0.09792923705996665
            ], 
            [
                -0.9048270524660197, 
                -0.4257792915650723, 
                0.0, 
                -0.20811022206718455
            ], 
            [
                0.0, 
                0.0, 
                1.0, 
                0.0
            ], 
            [
                0.0, 
                0.0, 
                0.0, 
                1.0
            ]
        ], 
        [
            [
                -0.4257792915650723, 
                0.9048270524660197, 
                0.0, 
                -0.09792923705996665
            ], 
            [
                -0.9048270524660197, 
                -0.4257792915650723, 
                0.0, 
                -0.20811022206718455
            ], 
            [
                0.0, 
                0.0, 
                1.0, 
                0.1
            ], 
            [
                0.0, 
                0.0, 
                0.0, 
                1.0
            ]
        ]
    ], 
    "goal_contact_area_index": [
        866, 
        869, 
        878, 
        889, 
        908, 
        910, 
        911, 
        912, 
        913, 
        916, 
        917, 
        1039, 
        2280, 
        2282, 
        2284, 
        2578, 
        2588, 
        2590, 
        2591, 
        2592, 
        2595, 
        2596, 
        2597, 
        2598, 
        2599, 
        2855, 
        2856, 
        2857, 
        2858, 
        2859, 
        2861, 
        2862, 
        2863, 
        2864, 
        2865, 
        2867, 
        2868, 
        2869, 
        3108, 
        3110, 
        3111, 
        3112, 
        3113, 
        3114, 
        3116, 
        3118, 
        3119, 
        3121, 
        3122, 
        3476, 
        3485, 
        3486, 
        3487, 
        3491, 
        3492, 
        3493, 
        3497, 
        3502
    ], 
    "changing_point": [
        1, 
        -2
    ], 
    "tool_trajectory_goal_frame": [
        [
            [
                -0.4257792915650723, 
                0.9048270524660197, 
                0.0, 
                0.038320136240856506
            ], 
            [
                -0.9048270524660197, 
                -0.4257792915650723, 
                0.0, 
                0.08143443472194177
            ], 
            [
                0.0, 
                0.0, 
                1.0, 
                0.1
            ], 
            [
                0.0, 
                0.0, 
                0.0, 
                1.0
            ]
        ], 
        [
            [
                -0.4257792915650723, 
                0.9048270524660197, 
                0.0, 
                0.038320136240856506
            ], 
            [
                -0.9048270524660197, 
                -0.4257792915650723, 
                0.0, 
                0.08143443472194177
            ], 
            [
                0.0, 
                0.0, 
                1.0, 
                0.0
            ], 
            [
                0.0, 
                0.0, 
                0.0, 
                1.0
            ]
        ], 
        [
            [
                -0.4257792915650723, 
                0.9048270524660197, 
                0.0, 
                -0.09792923705996665
            ], 
            [
                -0.9048270524660197, 
                -0.4257792915650723, 
                0.0, 
                -0.20811022206718455
            ], 
            [
                0.0, 
                0.0, 
                1.0, 
                0.0
            ], 
            [
                0.0, 
                0.0, 
                0.0, 
                1.0
            ]
        ], 
        [
            [
                -0.4257792915650723, 
                0.9048270524660197, 
                0.0, 
                -0.09792923705996665
            ], 
            [
                -0.9048270524660197, 
                -0.4257792915650723, 
                0.0, 
                -0.20811022206718455
            ], 
            [
                0.0, 
                0.0, 
                1.0, 
                0.1
            ], 
            [
                0.0, 
                0.0, 
                0.0, 
                1.0
            ]
        ]
    ], 
    "Teffectivestart_unhoveringstart": [
        [
            1.0, 
            -1.2735666221977974e-17, 
            0.0, 
            0.27
        ], 
        [
            -1.2735666221977974e-17, 
            1.0, 
            0.0, 
            5.449916211614288e-18
        ], 
        [
            0.0, 
            0.0, 
            1.0, 
            0.0
        ], 
        [
            0.0, 
            0.0, 
            0.0, 
            1.0
        ]
    ], 
    "raw sample file path": "learned_samples/ur/simulator/pointcloud/push/meiying_T_push_tool/meiying_tool_target/raw/raw_sample_9.txt", 
    "trajectory_thetas": [
        0.27
    ], 
    "tool": "meiying_T_push_tool", 
    "Tworld_goalend": [
        [
            1.0, 
            1.2735666221977974e-17, 
            0.0, 
            -0.11496040872256953
        ], 
        [
            1.2735666221977974e-17, 
            1.0, 
            0.0, 
            -0.24430330416582532
        ], 
        [
            0.0, 
            0.0, 
            1.0, 
            0.0
        ], 
        [
            0.0, 
            0.0, 
            0.0, 
            1.0
        ]
    ], 
    "Tworld_toolend": [
        [
            -0.4257792915650723, 
            0.9048270524660197, 
            0.0, 
            -0.09792923705996665
        ], 
        [
            -0.9048270524660197, 
            -0.4257792915650723, 
            0.0, 
            -0.20811022206718455
        ], 
        [
            0.0, 
            0.0, 
            1.0, 
            0.0
        ], 
        [
            0.0, 
            0.0, 
            0.0, 
            1.0
        ]
    ], 
    "hovering_start": [
        [
            -0.4257792915650723, 
            0.9048270524660197, 
            0.0, 
            0.038320136240856506
        ], 
        [
            -0.9048270524660197, 
            -0.4257792915650723, 
            0.0, 
            0.08143443472194177
        ], 
        [
            0.0, 
            0.0, 
            1.0, 
            0.1
        ], 
        [
            0.0, 
            0.0, 
            0.0, 
            1.0
        ]
    ], 
    "v_start_tool_frame": [
        1.0, 
        9.717037305919105e-18, 
        0.0
    ], 
    "task": "push", 
    "unhovering_start": [
        [
            -0.4257792915650723, 
            0.9048270524660197, 
            0.0, 
            -0.09792923705996665
        ], 
        [
            -0.9048270524660197, 
            -0.4257792915650723, 
            0.0, 
            -0.20811022206718455
        ], 
        [
            0.0, 
            0.0, 
            1.0, 
            0.0
        ], 
        [
            0.0, 
            0.0, 
            0.0, 
            1.0
        ]
    ], 
    "Teffectivestart_hoveringend": [
        [
            1.0, 
            -1.2735666221977974e-17, 
            0.0, 
            -0.05000000000000002
        ], 
        [
            -1.2735666221977974e-17, 
            1.0, 
            0.0, 
            -4.740569081274019e-18
        ], 
        [
            0.0, 
            0.0, 
            1.0, 
            0.0
        ], 
        [
            0.0, 
            0.0, 
            0.0, 
            1.0
        ]
    ], 
    "Tworld_toolstart": [
        [
            -0.4257792915650723, 
            0.9048270524660197, 
            0.0, 
            0.017031171662602883
        ], 
        [
            -0.9048270524660197, 
            -0.4257792915650723, 
            0.0, 
            0.03619308209864077
        ], 
        [
            0.0, 
            0.0, 
            1.0, 
            0.0
        ], 
        [
            0.0, 
            0.0, 
            0.0, 
            1.0
        ]
    ], 
    "unhovering_end": [
        [
            -0.4257792915650723, 
            0.9048270524660197, 
            0.0, 
            -0.09792923705996665
        ], 
        [
            -0.9048270524660197, 
            -0.4257792915650723, 
            0.0, 
            -0.20811022206718455
        ], 
        [
            0.0, 
            0.0, 
            1.0, 
            0.1
        ], 
        [
            0.0, 
            0.0, 
            0.0, 
            1.0
        ]
    ], 
    "trajectory_screw_axes": [
        [
            -0.0, 
            -0.0, 
            -0.0, 
            -1.0, 
            -9.717037305919105e-18, 
            -0.0
        ]
    ]
}