{
    "Tworld_goalstart": [
        [
            0.9999999999999999, 
            -2.1735156603604546e-17, 
            0.0, 
            0.0
        ], 
        [
            -2.1735156603604546e-17, 
            0.9999999999999999, 
            0.0, 
            0.0
        ], 
        [
            0.0, 
            0.0, 
            1.0, 
            0.0
        ], 
        [
            0.0, 
            0.0, 
            0.0, 
            1.0
        ]
    ], 
    "Teffectivestart_hoveringstart": [
        [
            0.9999999999999997, 
            4.293852961930939e-17, 
            0.0, 
            -0.04999999999999981
        ], 
        [
            4.293852961930939e-17, 
            0.9999999999999997, 
            0.0, 
            5.502708671753631e-17
        ], 
        [
            0.0, 
            0.0, 
            1.0, 
            0.1
        ], 
        [
            0.0, 
            0.0, 
            0.0, 
            1.0
        ]
    ], 
    "hovering_end": [
        [
            0.309016994374948, 
            -0.9510565162951532, 
            0.0, 
            -0.027811529493745317
        ], 
        [
            0.9510565162951532, 
            0.30901699437494806, 
            0.0, 
            -0.08559508646656377
        ], 
        [
            0.0, 
            0.0, 
            1.0, 
            0.0
        ], 
        [
            0.0, 
            0.0, 
            0.0, 
            1.0
        ]
    ], 
    "sample file path": "learned_samples/ur/simulator/pointcloud/push/meiying_T_push_tool/meiying_tool_target/sample/sample_21.txt", 
    "v_start_goal_frame": [
        0.3090169943749478, 
        0.951056516295153, 
        0.0
    ], 
    "Teffectiveend_unhoveringend": [
        [
            0.9999999999999997, 
            4.293852961930939e-17, 
            0.0, 
            -1.1102230246251565e-16
        ], 
        [
            4.293852961930939e-17, 
            0.9999999999999997, 
            0.0, 
            -6.42964097827586e-18
        ], 
        [
            0.0, 
            0.0, 
            1.0, 
            0.1
        ], 
        [
            0.0, 
            0.0, 
            0.0, 
            1.0
        ]
    ], 
    "task_type": "pose_change", 
    "goal": "meiying_tool_target", 
    "trajectory": [
        [
            [
                0.9999999999999997, 
                4.293852961930939e-17, 
                0.0, 
                -6.938893903907228e-18
            ], 
            [
                4.293852961930939e-17, 
                0.9999999999999997, 
                0.0, 
                -9.189037583124229e-20
            ], 
            [
                0.0, 
                0.0, 
                1.0, 
                0.0
            ], 
            [
                0.0, 
                0.0, 
                0.0, 
                1.0
            ]
        ], 
        [
            [
                0.9999999999999997, 
                4.293852961930939e-17, 
                0.0, 
                0.6299999999999998
            ], 
            [
                4.293852961930939e-17, 
                0.9999999999999997, 
                0.0, 
                5.428568068091239e-17
            ], 
            [
                0.0, 
                0.0, 
                1.0, 
                0.0
            ], 
            [
                0.0, 
                0.0, 
                0.0, 
                1.0
            ]
        ]
    ], 
    "tool_contact_area_index": [
        1282, 
        1285, 
        1295, 
        1297, 
        1298, 
        1300, 
        1303, 
        1305, 
        1309, 
        1527, 
        2598, 
        2599, 
        2921, 
        2922, 
        2928, 
        2929, 
        2930, 
        2931, 
        2934, 
        2935, 
        2936, 
        4283, 
        4285, 
        4286, 
        4287, 
        4288, 
        4289, 
        4290, 
        4299, 
        4539, 
        4540, 
        4541, 
        4542, 
        4543, 
        4544, 
        4545, 
        4547, 
        4548, 
        4549, 
        4550, 
        4552, 
        4553, 
        4554, 
        4563, 
        4564, 
        4565, 
        4781, 
        4782, 
        4789, 
        6055, 
        6057, 
        6077, 
        6297, 
        6300, 
        6301, 
        6302, 
        6480, 
        6481, 
        7716, 
        7723, 
        7724, 
        7725, 
        7726, 
        7738, 
        7739, 
        7740, 
        7741, 
        7742, 
        7744, 
        7745, 
        7746, 
        7747, 
        7748, 
        7749, 
        7750, 
        7751, 
        7752, 
        7753, 
        7754, 
        7755, 
        7756, 
        7757, 
        7759, 
        7767, 
        7768, 
        7769, 
        7883, 
        7884, 
        7885, 
        7886, 
        7887, 
        7917, 
        7922, 
        7925, 
        7930, 
        7937, 
        7938, 
        7939, 
        7940, 
        7942, 
        7946
    ], 
    "v_start_world_frame": [
        0.30901699437494784, 
        0.9510565162951531, 
        0.0
    ], 
    "Ttool_goal": [
        [
            0.309016994374948, 
            0.9510565162951532, 
            0.0, 
            0.04000000000000015
        ], 
        [
            -0.9510565162951532, 
            0.30901699437494806, 
            0.0, 
            5.796651219320512e-17
        ], 
        [
            0.0, 
            0.0, 
            1.0, 
            0.0
        ], 
        [
            0.0, 
            0.0, 
            0.0, 
            1.0
        ]
    ], 
    "tool_trajectory_world_frame": [
        [
            [
                0.30901699437494806, 
                -0.9510565162951533, 
                0.0, 
                -0.027811529493745324
            ], 
            [
                0.9510565162951533, 
                0.30901699437494806, 
                0.0, 
                -0.08559508646656379
            ], 
            [
                0.0, 
                0.0, 
                1.0, 
                0.1
            ], 
            [
                0.0, 
                0.0, 
                0.0, 
                1.0
            ]
        ], 
        [
            [
                0.30901699437494806, 
                -0.9510565162951533, 
                0.0, 
                -0.027811529493745324
            ], 
            [
                0.9510565162951533, 
                0.30901699437494806, 
                0.0, 
                -0.08559508646656379
            ], 
            [
                0.0, 
                0.0, 
                1.0, 
                0.0
            ], 
            [
                0.0, 
                0.0, 
                0.0, 
                1.0
            ]
        ], 
        [
            [
                0.30901699437494806, 
                -0.9510565162951533, 
                0.0, 
                0.18232002668121935
            ], 
            [
                0.9510565162951533, 
                0.30901699437494806, 
                0.0, 
                0.5611233446141404
            ], 
            [
                0.0, 
                0.0, 
                1.0, 
                0.0
            ], 
            [
                0.0, 
                0.0, 
                0.0, 
                1.0
            ]
        ], 
        [
            [
                0.30901699437494806, 
                -0.9510565162951533, 
                0.0, 
                0.18232002668121935
            ], 
            [
                0.9510565162951533, 
                0.30901699437494806, 
                0.0, 
                0.5611233446141404
            ], 
            [
                0.0, 
                0.0, 
                1.0, 
                0.1
            ], 
            [
                0.0, 
                0.0, 
                0.0, 
                1.0
            ]
        ]
    ], 
    "goal_contact_area_index": [
        4474, 
        4475, 
        4480, 
        4637, 
        4657, 
        4660, 
        4661, 
        4662, 
        4665, 
        4666, 
        4667, 
        4668, 
        4669, 
        4670, 
        4672, 
        4673, 
        4674, 
        4676, 
        4678, 
        4679, 
        4877, 
        4878, 
        4881, 
        4882, 
        4883, 
        4884, 
        4885, 
        4886, 
        4887, 
        4888, 
        4889, 
        5049, 
        5051, 
        5052, 
        5053, 
        5055, 
        5056, 
        5057, 
        5058, 
        5059, 
        5060, 
        5061, 
        5062, 
        5063, 
        5064, 
        5202, 
        5203, 
        5204, 
        5205, 
        5206, 
        5207, 
        5208, 
        5280, 
        5281, 
        5282, 
        5283, 
        5284, 
        5285, 
        5286, 
        5287, 
        5288, 
        5289, 
        5290, 
        5437, 
        5440, 
        5443, 
        5655, 
        5663, 
        5667, 
        5892, 
        5895, 
        6122, 
        6124, 
        6125, 
        6129, 
        6130, 
        6133, 
        6134, 
        6135
    ], 
    "changing_point": [
        1, 
        -2
    ], 
    "tool_trajectory_goal_frame": [
        [
            [
                0.309016994374948, 
                -0.9510565162951532, 
                0.0, 
                -0.027811529493745317
            ], 
            [
                0.9510565162951532, 
                0.30901699437494806, 
                0.0, 
                -0.08559508646656377
            ], 
            [
                0.0, 
                0.0, 
                1.0, 
                0.1
            ], 
            [
                0.0, 
                0.0, 
                0.0, 
                1.0
            ]
        ], 
        [
            [
                0.309016994374948, 
                -0.9510565162951532, 
                0.0, 
                -0.027811529493745317
            ], 
            [
                0.9510565162951532, 
                0.30901699437494806, 
                0.0, 
                -0.08559508646656377
            ], 
            [
                0.0, 
                0.0, 
                1.0, 
                0.0
            ], 
            [
                0.0, 
                0.0, 
                0.0, 
                1.0
            ]
        ], 
        [
            [
                0.309016994374948, 
                -0.9510565162951532, 
                0.0, 
                0.18232002668121933
            ], 
            [
                0.9510565162951532, 
                0.30901699437494806, 
                0.0, 
                0.5611233446141403
            ], 
            [
                0.0, 
                0.0, 
                1.0, 
                0.0
            ], 
            [
                0.0, 
                0.0, 
                0.0, 
                1.0
            ]
        ], 
        [
            [
                0.309016994374948, 
                -0.9510565162951532, 
                0.0, 
                0.18232002668121933
            ], 
            [
                0.9510565162951532, 
                0.30901699437494806, 
                0.0, 
                0.5611233446141403
            ], 
            [
                0.0, 
                0.0, 
                1.0, 
                0.1
            ], 
            [
                0.0, 
                0.0, 
                0.0, 
                1.0
            ]
        ]
    ], 
    "Teffectivestart_unhoveringstart": [
        [
            0.9999999999999997, 
            4.293852961930939e-17, 
            0.0, 
            0.6299999999999998
        ], 
        [
            4.293852961930939e-17, 
            0.9999999999999997, 
            0.0, 
            5.1536871214929263e-17
        ], 
        [
            0.0, 
            0.0, 
            1.0, 
            0.0
        ], 
        [
            0.0, 
            0.0, 
            0.0, 
            1.0
        ]
    ], 
    "raw sample file path": "learned_samples/ur/simulator/pointcloud/push/meiying_T_push_tool/meiying_tool_target/raw/raw_sample_21.txt", 
    "trajectory_thetas": [
        0.6299999999999996
    ], 
    "tool": "meiying_T_push_tool", 
    "Tworld_goalend": [
        [
            0.9999999999999999, 
            -2.1735156603604546e-17, 
            0.0, 
            0.19468070645621727
        ], 
        [
            -2.1735156603604546e-17, 
            0.9999999999999999, 
            0.0, 
            0.5991656052659466
        ], 
        [
            0.0, 
            0.0, 
            1.0, 
            0.0
        ], 
        [
            0.0, 
            0.0, 
            0.0, 
            1.0
        ]
    ], 
    "Tworld_toolend": [
        [
            0.30901699437494806, 
            -0.9510565162951533, 
            0.0, 
            0.18232002668121935
        ], 
        [
            0.9510565162951533, 
            0.30901699437494806, 
            0.0, 
            0.5611233446141404
        ], 
        [
            0.0, 
            0.0, 
            1.0, 
            0.0
        ], 
        [
            0.0, 
            0.0, 
            0.0, 
            1.0
        ]
    ], 
    "hovering_start": [
        [
            0.309016994374948, 
            -0.9510565162951532, 
            0.0, 
            -0.027811529493745317
        ], 
        [
            0.9510565162951532, 
            0.30901699437494806, 
            0.0, 
            -0.08559508646656377
        ], 
        [
            0.0, 
            0.0, 
            1.0, 
            0.1
        ], 
        [
            0.0, 
            0.0, 
            0.0, 
            1.0
        ]
    ], 
    "v_start_tool_frame": [
        1.0, 
        1.2925213447128347e-16, 
        0.0
    ], 
    "task": "push", 
    "unhovering_start": [
        [
            0.309016994374948, 
            -0.9510565162951532, 
            0.0, 
            0.18232002668121933
        ], 
        [
            0.9510565162951532, 
            0.30901699437494806, 
            0.0, 
            0.5611233446141403
        ], 
        [
            0.0, 
            0.0, 
            1.0, 
            0.0
        ], 
        [
            0.0, 
            0.0, 
            0.0, 
            1.0
        ]
    ], 
    "Teffectivestart_hoveringend": [
        [
            0.9999999999999997, 
            4.293852961930939e-17, 
            0.0, 
            -0.04999999999999981
        ], 
        [
            4.293852961930939e-17, 
            0.9999999999999997, 
            0.0, 
            5.502708671753631e-17
        ], 
        [
            0.0, 
            0.0, 
            1.0, 
            0.0
        ], 
        [
            0.0, 
            0.0, 
            0.0, 
            1.0
        ]
    ], 
    "Tworld_toolstart": [
        [
            0.30901699437494795, 
            -0.9510565162951531, 
            0.0, 
            -0.012360679774997909
        ], 
        [
            0.9510565162951531, 
            0.30901699437494806, 
            0.0, 
            -0.038042260651806284
        ], 
        [
            0.0, 
            0.0, 
            1.0, 
            0.0
        ], 
        [
            0.0, 
            0.0, 
            0.0, 
            1.0
        ]
    ], 
    "unhovering_end": [
        [
            0.309016994374948, 
            -0.9510565162951532, 
            0.0, 
            0.18232002668121933
        ], 
        [
            0.9510565162951532, 
            0.30901699437494806, 
            0.0, 
            0.5611233446141403
        ], 
        [
            0.0, 
            0.0, 
            1.0, 
            0.1
        ], 
        [
            0.0, 
            0.0, 
            0.0, 
            1.0
        ]
    ], 
    "trajectory_screw_axes": [
        [
            -0.0, 
            -0.0, 
            -0.0, 
            -1.0, 
            -1.2925213447128347e-16, 
            -0.0
        ]
    ]
}