{
    "Tworld_goalstart": [
        [
            1.0, 
            -1.741317725643327e-17, 
            0.0, 
            0.0
        ], 
        [
            -1.741317725643327e-17, 
            1.0, 
            0.0, 
            0.0
        ], 
        [
            0.0, 
            0.0, 
            1.0, 
            0.0
        ], 
        [
            0.0, 
            0.0, 
            0.0, 
            1.0
        ]
    ], 
    "Teffectivestart_hoveringstart": [
        [
            1.0, 
            1.741317725643327e-17, 
            0.0, 
            -0.05000000000000002
        ], 
        [
            1.741317725643327e-17, 
            1.0, 
            0.0, 
            -8.985813080736871e-18
        ], 
        [
            0.0, 
            0.0, 
            1.0, 
            0.1
        ], 
        [
            0.0, 
            0.0, 
            0.0, 
            1.0
        ]
    ], 
    "hovering_end": [
        [
            -0.6374239897486894, 
            0.7705132427757895, 
            0.0, 
            0.05736815907738205
        ], 
        [
            -0.7705132427757895, 
            -0.6374239897486894, 
            0.0, 
            0.06934619184982105
        ], 
        [
            0.0, 
            0.0, 
            1.0, 
            0.0
        ], 
        [
            0.0, 
            0.0, 
            0.0, 
            1.0
        ]
    ], 
    "sample file path": "learned_samples/ur/simulator/pointcloud/push/meiying_T_push_tool/meiying_tool_target/sample/sample_10.txt", 
    "v_start_goal_frame": [
        -0.6374239897486894, 
        -0.7705132427757895, 
        0.0
    ], 
    "Teffectiveend_unhoveringend": [
        [
            1.0, 
            1.741317725643327e-17, 
            0.0, 
            0.0
        ], 
        [
            1.741317725643327e-17, 
            1.0, 
            0.0, 
            -1.9391167017822113e-18
        ], 
        [
            0.0, 
            0.0, 
            1.0, 
            0.1
        ], 
        [
            0.0, 
            0.0, 
            0.0, 
            1.0
        ]
    ], 
    "task_type": "pose_change", 
    "goal": "meiying_tool_target", 
    "trajectory": [
        [
            [
                1.0, 
                1.741317725643327e-17, 
                0.0, 
                6.938893903907228e-18
            ], 
            [
                1.741317725643327e-17, 
                1.0, 
                0.0, 
                -1.327993318448886e-18
            ], 
            [
                0.0, 
                0.0, 
                1.0, 
                0.0
            ], 
            [
                0.0, 
                0.0, 
                0.0, 
                1.0
            ]
        ], 
        [
            [
                1.0, 
                1.741317725643327e-17, 
                0.0, 
                0.3
            ], 
            [
                1.741317725643327e-17, 
                1.0, 
                0.0, 
                -1.2347457557643054e-17
            ], 
            [
                0.0, 
                0.0, 
                1.0, 
                0.0
            ], 
            [
                0.0, 
                0.0, 
                0.0, 
                1.0
            ]
        ]
    ], 
    "tool_contact_area_index": [
        382, 
        389, 
        390, 
        410, 
        421, 
        423, 
        1297, 
        1298, 
        1303, 
        1304, 
        1305, 
        1309, 
        1316, 
        1506, 
        2597, 
        2598, 
        2599, 
        2920, 
        2921, 
        2922, 
        2924, 
        2936, 
        4287, 
        4288, 
        4290, 
        4299, 
        4467, 
        4472, 
        4539, 
        4540, 
        4541, 
        4542, 
        4544, 
        4545, 
        4546, 
        4547, 
        4549, 
        4550, 
        4551, 
        4553, 
        4554, 
        4563, 
        4564, 
        4795, 
        6056, 
        6058, 
        6068, 
        6079, 
        6297, 
        6298, 
        6299, 
        6300, 
        6301, 
        7716, 
        7717, 
        7723, 
        7724, 
        7725, 
        7726, 
        7736, 
        7737, 
        7738, 
        7739, 
        7740, 
        7741, 
        7742, 
        7743, 
        7744, 
        7745, 
        7746, 
        7747, 
        7748, 
        7749, 
        7750, 
        7751, 
        7752, 
        7753, 
        7754, 
        7755, 
        7756, 
        7757, 
        7758, 
        7767, 
        7768, 
        7769, 
        7883, 
        7884, 
        7885, 
        7886, 
        7887, 
        7917, 
        7918, 
        7919, 
        7922, 
        7924, 
        7926, 
        7927, 
        7929, 
        7936, 
        7937, 
        7938, 
        7939, 
        7940, 
        7942, 
        7948
    ], 
    "v_start_world_frame": [
        -0.6374239897486894, 
        -0.7705132427757895, 
        0.0
    ], 
    "Ttool_goal": [
        [
            -0.6374239897486894, 
            -0.7705132427757895, 
            0.0, 
            0.03999999999999998
        ], 
        [
            0.7705132427757895, 
            -0.6374239897486894, 
            0.0, 
            -9.416691018658708e-18
        ], 
        [
            0.0, 
            0.0, 
            1.0, 
            0.0
        ], 
        [
            0.0, 
            0.0, 
            0.0, 
            1.0
        ]
    ], 
    "tool_trajectory_world_frame": [
        [
            [
                -0.6374239897486894, 
                0.7705132427757895, 
                0.0, 
                0.05736815907738205
            ], 
            [
                -0.7705132427757895, 
                -0.6374239897486894, 
                0.0, 
                0.06934619184982105
            ], 
            [
                0.0, 
                0.0, 
                1.0, 
                0.1
            ], 
            [
                0.0, 
                0.0, 
                0.0, 
                1.0
            ]
        ], 
        [
            [
                -0.6374239897486894, 
                0.7705132427757895, 
                0.0, 
                0.05736815907738205
            ], 
            [
                -0.7705132427757895, 
                -0.6374239897486894, 
                0.0, 
                0.06934619184982105
            ], 
            [
                0.0, 
                0.0, 
                1.0, 
                0.0
            ], 
            [
                0.0, 
                0.0, 
                0.0, 
                1.0
            ]
        ], 
        [
            [
                -0.6374239897486894, 
                0.7705132427757895, 
                0.0, 
                -0.16573023733465925
            ], 
            [
                -0.7705132427757895, 
                -0.6374239897486894, 
                0.0, 
                -0.20033344312170526
            ], 
            [
                0.0, 
                0.0, 
                1.0, 
                0.0
            ], 
            [
                0.0, 
                0.0, 
                0.0, 
                1.0
            ]
        ], 
        [
            [
                -0.6374239897486894, 
                0.7705132427757895, 
                0.0, 
                -0.16573023733465925
            ], 
            [
                -0.7705132427757895, 
                -0.6374239897486894, 
                0.0, 
                -0.20033344312170526
            ], 
            [
                0.0, 
                0.0, 
                1.0, 
                0.1
            ], 
            [
                0.0, 
                0.0, 
                0.0, 
                1.0
            ]
        ]
    ], 
    "goal_contact_area_index": [
        2860, 
        2867, 
        2868, 
        2881, 
        3107, 
        3108, 
        3109, 
        3110, 
        3111, 
        3112, 
        3113, 
        3114, 
        3115, 
        3116, 
        3117, 
        3118, 
        3119, 
        3120, 
        3121, 
        3122, 
        3123, 
        3128, 
        3131, 
        3135, 
        3137, 
        3475, 
        3476, 
        3477, 
        3478, 
        3479, 
        3480, 
        3481, 
        3482, 
        3483, 
        3484, 
        3485, 
        3486, 
        3487, 
        3488, 
        3489, 
        3491, 
        3492, 
        3493, 
        3494, 
        3495, 
        3496, 
        3497, 
        3498, 
        3499, 
        3500, 
        3501, 
        3505, 
        3807, 
        3808, 
        3811, 
        3813, 
        3814, 
        3815, 
        3816, 
        3820, 
        3821, 
        3834, 
        4008, 
        4009, 
        4010, 
        4012, 
        4013, 
        4015, 
        4016, 
        4018, 
        4019, 
        4020
    ], 
    "changing_point": [
        1, 
        -2
    ], 
    "tool_trajectory_goal_frame": [
        [
            [
                -0.6374239897486894, 
                0.7705132427757895, 
                0.0, 
                0.05736815907738205
            ], 
            [
                -0.7705132427757895, 
                -0.6374239897486894, 
                0.0, 
                0.06934619184982105
            ], 
            [
                0.0, 
                0.0, 
                1.0, 
                0.1
            ], 
            [
                0.0, 
                0.0, 
                0.0, 
                1.0
            ]
        ], 
        [
            [
                -0.6374239897486894, 
                0.7705132427757895, 
                0.0, 
                0.05736815907738205
            ], 
            [
                -0.7705132427757895, 
                -0.6374239897486894, 
                0.0, 
                0.06934619184982105
            ], 
            [
                0.0, 
                0.0, 
                1.0, 
                0.0
            ], 
            [
                0.0, 
                0.0, 
                0.0, 
                1.0
            ]
        ], 
        [
            [
                -0.6374239897486894, 
                0.7705132427757895, 
                0.0, 
                -0.16573023733465925
            ], 
            [
                -0.7705132427757895, 
                -0.6374239897486894, 
                0.0, 
                -0.20033344312170526
            ], 
            [
                0.0, 
                0.0, 
                1.0, 
                0.0
            ], 
            [
                0.0, 
                0.0, 
                0.0, 
                1.0
            ]
        ], 
        [
            [
                -0.6374239897486894, 
                0.7705132427757895, 
                0.0, 
                -0.16573023733465925
            ], 
            [
                -0.7705132427757895, 
                -0.6374239897486894, 
                0.0, 
                -0.20033344312170526
            ], 
            [
                0.0, 
                0.0, 
                1.0, 
                0.1
            ], 
            [
                0.0, 
                0.0, 
                0.0, 
                1.0
            ]
        ]
    ], 
    "Teffectivestart_unhoveringstart": [
        [
            1.0, 
            1.741317725643327e-17, 
            0.0, 
            0.3
        ], 
        [
            1.741317725643327e-17, 
            1.0, 
            0.0, 
            -1.135580772044092e-17
        ], 
        [
            0.0, 
            0.0, 
            1.0, 
            0.0
        ], 
        [
            0.0, 
            0.0, 
            0.0, 
            1.0
        ]
    ], 
    "raw sample file path": "learned_samples/ur/simulator/pointcloud/push/meiying_T_push_tool/meiying_tool_target/raw/raw_sample_10.txt", 
    "trajectory_thetas": [
        0.3
    ], 
    "tool": "meiying_T_push_tool", 
    "Tworld_goalend": [
        [
            1.0, 
            -1.741317725643327e-17, 
            0.0, 
            -0.19122719692460682
        ], 
        [
            -1.741317725643327e-17, 
            1.0, 
            0.0, 
            -0.23115397283273684
        ], 
        [
            0.0, 
            0.0, 
            1.0, 
            0.0
        ], 
        [
            0.0, 
            0.0, 
            0.0, 
            1.0
        ]
    ], 
    "Tworld_toolend": [
        [
            -0.6374239897486894, 
            0.7705132427757895, 
            0.0, 
            -0.16573023733465925
        ], 
        [
            -0.7705132427757895, 
            -0.6374239897486894, 
            0.0, 
            -0.20033344312170526
        ], 
        [
            0.0, 
            0.0, 
            1.0, 
            0.0
        ], 
        [
            0.0, 
            0.0, 
            0.0, 
            1.0
        ]
    ], 
    "hovering_start": [
        [
            -0.6374239897486894, 
            0.7705132427757895, 
            0.0, 
            0.05736815907738205
        ], 
        [
            -0.7705132427757895, 
            -0.6374239897486894, 
            0.0, 
            0.06934619184982105
        ], 
        [
            0.0, 
            0.0, 
            1.0, 
            0.1
        ], 
        [
            0.0, 
            0.0, 
            0.0, 
            1.0
        ]
    ], 
    "v_start_tool_frame": [
        1.0, 
        -1.931837020754729e-17, 
        0.0
    ], 
    "task": "push", 
    "unhovering_start": [
        [
            -0.6374239897486894, 
            0.7705132427757895, 
            0.0, 
            -0.16573023733465925
        ], 
        [
            -0.7705132427757895, 
            -0.6374239897486894, 
            0.0, 
            -0.20033344312170526
        ], 
        [
            0.0, 
            0.0, 
            1.0, 
            0.0
        ], 
        [
            0.0, 
            0.0, 
            0.0, 
            1.0
        ]
    ], 
    "Teffectivestart_hoveringend": [
        [
            1.0, 
            1.741317725643327e-17, 
            0.0, 
            -0.05000000000000002
        ], 
        [
            1.741317725643327e-17, 
            1.0, 
            0.0, 
            -8.985813080736871e-18
        ], 
        [
            0.0, 
            0.0, 
            1.0, 
            0.0
        ], 
        [
            0.0, 
            0.0, 
            0.0, 
            1.0
        ]
    ], 
    "Tworld_toolstart": [
        [
            -0.6374239897486894, 
            0.7705132427757895, 
            0.0, 
            0.02549695958994757
        ], 
        [
            -0.7705132427757895, 
            -0.6374239897486894, 
            0.0, 
            0.030820529711031556
        ], 
        [
            0.0, 
            0.0, 
            1.0, 
            0.0
        ], 
        [
            0.0, 
            0.0, 
            0.0, 
            1.0
        ]
    ], 
    "unhovering_end": [
        [
            -0.6374239897486894, 
            0.7705132427757895, 
            0.0, 
            -0.16573023733465925
        ], 
        [
            -0.7705132427757895, 
            -0.6374239897486894, 
            0.0, 
            -0.20033344312170526
        ], 
        [
            0.0, 
            0.0, 
            1.0, 
            0.1
        ], 
        [
            0.0, 
            0.0, 
            0.0, 
            1.0
        ]
    ], 
    "trajectory_screw_axes": [
        [
            -0.0, 
            -0.0, 
            -0.0, 
            -1.0, 
            1.931837020754729e-17, 
            -0.0
        ]
    ]
}