{
    "Tworld_goalstart": [
        [
            0.9999999999999999, 
            -1.63469831201726e-17, 
            0.0, 
            0.0
        ], 
        [
            -1.63469831201726e-17, 
            0.9999999999999999, 
            0.0, 
            0.0
        ], 
        [
            0.0, 
            0.0, 
            1.0, 
            0.0
        ], 
        [
            0.0, 
            0.0, 
            0.0, 
            1.0
        ]
    ], 
    "Teffectivestart_hoveringstart": [
        [
            0.9999999999999998, 
            -8.492919851057995e-17, 
            0.0, 
            -0.04999999999999993
        ], 
        [
            -8.492919851057995e-17, 
            0.9999999999999996, 
            0.0, 
            2.960433184370792e-19
        ], 
        [
            0.0, 
            0.0, 
            1.0, 
            0.1
        ], 
        [
            0.0, 
            0.0, 
            0.0, 
            1.0
        ]
    ], 
    "hovering_end": [
        [
            -0.8090169943749479, 
            -0.5877852522924721, 
            0.0, 
            0.07281152949374531
        ], 
        [
            0.5877852522924722, 
            -0.8090169943749479, 
            0.0, 
            -0.052900672706322496
        ], 
        [
            0.0, 
            0.0, 
            1.0, 
            0.0
        ], 
        [
            0.0, 
            0.0, 
            0.0, 
            1.0
        ]
    ], 
    "sample file path": "learned_samples/ur/simulator/pointcloud/push/meiying_T_push_tool/meiying_tool_target/sample/sample_16.txt", 
    "v_start_goal_frame": [
        -0.8090169943749476, 
        0.5877852522924724, 
        0.0
    ], 
    "Teffectiveend_unhoveringend": [
        [
            0.9999999999999998, 
            -8.492919851057995e-17, 
            0.0, 
            0.0
        ], 
        [
            -8.492919851057995e-17, 
            0.9999999999999996, 
            0.0, 
            8.974799116009643e-18
        ], 
        [
            0.0, 
            0.0, 
            1.0, 
            0.1
        ], 
        [
            0.0, 
            0.0, 
            0.0, 
            1.0
        ]
    ], 
    "task_type": "pose_change", 
    "goal": "meiying_tool_target", 
    "trajectory": [
        [
            [
                0.9999999999999998, 
                -8.492919851057995e-17, 
                0.0, 
                0.0
            ], 
            [
                -8.492919851057995e-17, 
                0.9999999999999996, 
                0.0, 
                1.6905588937190868e-18
            ], 
            [
                0.0, 
                0.0, 
                1.0, 
                0.0
            ], 
            [
                0.0, 
                0.0, 
                0.0, 
                1.0
            ]
        ], 
        [
            [
                0.9999999999999998, 
                -8.492919851057995e-17, 
                0.0, 
                0.47999999999999987
            ], 
            [
                -8.492919851057995e-17, 
                0.9999999999999996, 
                0.0, 
                -3.265856430743373e-17
            ], 
            [
                0.0, 
                0.0, 
                1.0, 
                0.0
            ], 
            [
                0.0, 
                0.0, 
                0.0, 
                1.0
            ]
        ]
    ], 
    "tool_contact_area_index": [
        161, 
        166, 
        167, 
        389, 
        391, 
        419, 
        420, 
        736, 
        750, 
        756, 
        1279, 
        1282, 
        1296, 
        1297, 
        1298, 
        1299, 
        1301, 
        1304, 
        1306, 
        1309, 
        2597, 
        2598, 
        2599, 
        2919, 
        2920, 
        2921, 
        2923, 
        2924, 
        2925, 
        2926, 
        2927, 
        2928, 
        2929, 
        2930, 
        2931, 
        2932, 
        2933, 
        2934, 
        2936, 
        2939, 
        4285, 
        4286, 
        4299, 
        4310, 
        4472, 
        4539, 
        4540, 
        4541, 
        4542, 
        4543, 
        4544, 
        4545, 
        4546, 
        4547, 
        4548, 
        4549, 
        4550, 
        4551, 
        4552, 
        4553, 
        4554, 
        4563, 
        4564, 
        4565, 
        4771, 
        4772, 
        4779, 
        4780, 
        4781, 
        4782, 
        4796, 
        6055, 
        6065, 
        6066, 
        6067, 
        6068, 
        6297, 
        6298, 
        6299, 
        6300, 
        6301, 
        6302, 
        6480, 
        6481, 
        6513, 
        7723, 
        7724, 
        7725, 
        7726, 
        7736, 
        7737, 
        7738, 
        7739, 
        7740, 
        7741, 
        7742, 
        7743, 
        7744, 
        7745, 
        7746, 
        7747, 
        7748, 
        7749, 
        7750, 
        7751, 
        7752, 
        7753, 
        7754, 
        7755, 
        7756, 
        7757, 
        7758, 
        7759, 
        7760, 
        7761, 
        7762, 
        7763, 
        7764, 
        7765, 
        7766, 
        7767, 
        7768, 
        7769, 
        7883, 
        7884, 
        7885, 
        7886, 
        7887, 
        7917, 
        7918, 
        7919, 
        7922, 
        7927, 
        7928, 
        7929, 
        7930, 
        7931, 
        7932, 
        7933, 
        7934, 
        7935, 
        7936, 
        7937, 
        7938, 
        7939, 
        7940, 
        7941, 
        7942, 
        7943, 
        7944, 
        7945, 
        7946, 
        7947, 
        7948
    ], 
    "v_start_world_frame": [
        -0.8090169943749477, 
        0.5877852522924724, 
        0.0
    ], 
    "Ttool_goal": [
        [
            -0.8090169943749479, 
            0.5877852522924722, 
            0.0, 
            0.040000000000000036
        ], 
        [
            -0.5877852522924721, 
            -0.8090169943749479, 
            0.0, 
            -6.848435526441149e-18
        ], 
        [
            0.0, 
            0.0, 
            1.0, 
            0.0
        ], 
        [
            0.0, 
            0.0, 
            0.0, 
            1.0
        ]
    ], 
    "tool_trajectory_world_frame": [
        [
            [
                -0.809016994374948, 
                -0.5877852522924722, 
                0.0, 
                0.07281152949374532
            ], 
            [
                0.5877852522924722, 
                -0.809016994374948, 
                0.0, 
                -0.0529006727063225
            ], 
            [
                0.0, 
                0.0, 
                1.0, 
                0.1
            ], 
            [
                0.0, 
                0.0, 
                0.0, 
                1.0
            ]
        ], 
        [
            [
                -0.809016994374948, 
                -0.5877852522924722, 
                0.0, 
                0.07281152949374532
            ], 
            [
                0.5877852522924722, 
                -0.809016994374948, 
                0.0, 
                -0.0529006727063225
            ], 
            [
                0.0, 
                0.0, 
                1.0, 
                0.0
            ], 
            [
                0.0, 
                0.0, 
                0.0, 
                1.0
            ]
        ], 
        [
            [
                -0.809016994374948, 
                -0.5877852522924722, 
                0.0, 
                -0.3559674775249771
            ], 
            [
                0.5877852522924722, 
                -0.809016994374948, 
                0.0, 
                0.25862551100868775
            ], 
            [
                0.0, 
                0.0, 
                1.0, 
                0.0
            ], 
            [
                0.0, 
                0.0, 
                0.0, 
                1.0
            ]
        ], 
        [
            [
                -0.809016994374948, 
                -0.5877852522924722, 
                0.0, 
                -0.3559674775249771
            ], 
            [
                0.5877852522924722, 
                -0.809016994374948, 
                0.0, 
                0.25862551100868775
            ], 
            [
                0.0, 
                0.0, 
                1.0, 
                0.1
            ], 
            [
                0.0, 
                0.0, 
                0.0, 
                1.0
            ]
        ]
    ], 
    "goal_contact_area_index": [
        2048, 
        2064, 
        2319, 
        2321, 
        2322, 
        2323, 
        2327, 
        2328, 
        2329, 
        2330, 
        2332, 
        2333, 
        2335, 
        2342, 
        2343, 
        2344, 
        2345, 
        2350, 
        2657, 
        2669, 
        2670, 
        2672, 
        2673, 
        2676, 
        2678, 
        2679, 
        2680, 
        2683, 
        2685, 
        2686, 
        2687, 
        2688, 
        2689, 
        2690, 
        2691, 
        2693, 
        2694, 
        2695, 
        2696, 
        2697, 
        2698, 
        2699, 
        2700, 
        2701, 
        2702, 
        2703, 
        2704, 
        2705, 
        2706, 
        2707, 
        2708, 
        2709, 
        2710, 
        2712, 
        2713, 
        2714, 
        2715, 
        2716, 
        2717, 
        2718, 
        2719, 
        2720, 
        2721, 
        2722, 
        2723, 
        2724, 
        2725, 
        2726, 
        2727, 
        2728, 
        2729, 
        2730, 
        2731, 
        2732, 
        2733, 
        2734, 
        2735, 
        2736, 
        2737, 
        2738, 
        2739, 
        2742, 
        2743, 
        2744, 
        2746, 
        2748, 
        2752, 
        2917, 
        2919, 
        2928, 
        2929, 
        2930, 
        2931, 
        2933, 
        2934, 
        2935, 
        2936, 
        2939, 
        2940, 
        2948, 
        2950, 
        2957, 
        3203, 
        3216, 
        3224, 
        3228, 
        3230, 
        3236, 
        3238, 
        3240, 
        3241, 
        3242, 
        3243, 
        3244, 
        3245, 
        3246, 
        3248, 
        3249, 
        3250, 
        3251, 
        3252, 
        3253, 
        3254, 
        3255, 
        3256, 
        3258, 
        3259, 
        3260, 
        3263, 
        3265, 
        3266, 
        3267, 
        3268, 
        3269, 
        3270, 
        3271, 
        3272, 
        3273, 
        3274, 
        3275, 
        3276, 
        3277, 
        3278, 
        3279, 
        3280, 
        3281, 
        3282, 
        3283, 
        3284, 
        3285, 
        3286, 
        3287, 
        3288, 
        3289, 
        3290, 
        3291, 
        3292, 
        3294, 
        3295, 
        3296, 
        3297, 
        3298, 
        3299, 
        3300, 
        3301, 
        3302, 
        3304, 
        3305, 
        3306, 
        3307, 
        3308, 
        3309, 
        3310, 
        3311, 
        3312, 
        3313, 
        3314, 
        3317, 
        3320, 
        3321, 
        3322, 
        3323, 
        3324, 
        3554, 
        3555, 
        3556, 
        3557, 
        3558, 
        3559, 
        3560, 
        3561, 
        3562, 
        3563, 
        3564, 
        3565, 
        3567, 
        3568, 
        3571, 
        3572, 
        3573, 
        3574, 
        3575, 
        3576, 
        3577, 
        3578, 
        3579, 
        3580, 
        3581, 
        3582, 
        3583, 
        3584, 
        3585, 
        3586, 
        3587, 
        3588, 
        3589, 
        3590, 
        3591, 
        3592, 
        3593, 
        3594, 
        3595, 
        3596, 
        3597, 
        3606, 
        3864, 
        3866, 
        3869, 
        4070
    ], 
    "changing_point": [
        1, 
        -2
    ], 
    "tool_trajectory_goal_frame": [
        [
            [
                -0.8090169943749479, 
                -0.5877852522924721, 
                0.0, 
                0.07281152949374531
            ], 
            [
                0.5877852522924722, 
                -0.8090169943749479, 
                0.0, 
                -0.052900672706322496
            ], 
            [
                0.0, 
                0.0, 
                1.0, 
                0.1
            ], 
            [
                0.0, 
                0.0, 
                0.0, 
                1.0
            ]
        ], 
        [
            [
                -0.8090169943749479, 
                -0.5877852522924721, 
                0.0, 
                0.07281152949374531
            ], 
            [
                0.5877852522924722, 
                -0.8090169943749479, 
                0.0, 
                -0.052900672706322496
            ], 
            [
                0.0, 
                0.0, 
                1.0, 
                0.0
            ], 
            [
                0.0, 
                0.0, 
                0.0, 
                1.0
            ]
        ], 
        [
            [
                -0.8090169943749479, 
                -0.5877852522924721, 
                0.0, 
                -0.35596747752497704
            ], 
            [
                0.5877852522924722, 
                -0.8090169943749479, 
                0.0, 
                0.25862551100868775
            ], 
            [
                0.0, 
                0.0, 
                1.0, 
                0.0
            ], 
            [
                0.0, 
                0.0, 
                0.0, 
                1.0
            ]
        ], 
        [
            [
                -0.8090169943749479, 
                -0.5877852522924721, 
                0.0, 
                -0.35596747752497704
            ], 
            [
                0.5877852522924722, 
                -0.8090169943749479, 
                0.0, 
                0.25862551100868775
            ], 
            [
                0.0, 
                0.0, 
                1.0, 
                0.1
            ], 
            [
                0.0, 
                0.0, 
                0.0, 
                1.0
            ]
        ]
    ], 
    "Teffectivestart_unhoveringstart": [
        [
            0.9999999999999998, 
            -8.492919851057995e-17, 
            0.0, 
            0.47999999999999987
        ], 
        [
            -8.492919851057995e-17, 
            0.9999999999999996, 
            0.0, 
            -2.562921202606042e-17
        ], 
        [
            0.0, 
            0.0, 
            1.0, 
            0.0
        ], 
        [
            0.0, 
            0.0, 
            0.0, 
            1.0
        ]
    ], 
    "raw sample file path": "learned_samples/ur/simulator/pointcloud/push/meiying_T_push_tool/meiying_tool_target/raw/raw_sample_16.txt", 
    "trajectory_thetas": [
        0.47999999999999976
    ], 
    "tool": "meiying_T_push_tool", 
    "Tworld_goalend": [
        [
            0.9999999999999999, 
            -1.63469831201726e-17, 
            0.0, 
            -0.38832815729997505
        ], 
        [
            -1.63469831201726e-17, 
            0.9999999999999999, 
            0.0, 
            0.2821369211003867
        ], 
        [
            0.0, 
            0.0, 
            1.0, 
            0.0
        ], 
        [
            0.0, 
            0.0, 
            0.0, 
            1.0
        ]
    ], 
    "Tworld_toolend": [
        [
            -0.809016994374948, 
            -0.5877852522924722, 
            0.0, 
            -0.3559674775249771
        ], 
        [
            0.5877852522924722, 
            -0.809016994374948, 
            0.0, 
            0.25862551100868775
        ], 
        [
            0.0, 
            0.0, 
            1.0, 
            0.0
        ], 
        [
            0.0, 
            0.0, 
            0.0, 
            1.0
        ]
    ], 
    "hovering_start": [
        [
            -0.8090169943749479, 
            -0.5877852522924721, 
            0.0, 
            0.07281152949374531
        ], 
        [
            0.5877852522924722, 
            -0.8090169943749479, 
            0.0, 
            -0.052900672706322496
        ], 
        [
            0.0, 
            0.0, 
            1.0, 
            0.1
        ], 
        [
            0.0, 
            0.0, 
            0.0, 
            1.0
        ]
    ], 
    "v_start_tool_frame": [
        1.0, 
        -1.5648987184631502e-16, 
        0.0
    ], 
    "task": "push", 
    "unhovering_start": [
        [
            -0.8090169943749479, 
            -0.5877852522924721, 
            0.0, 
            -0.35596747752497704
        ], 
        [
            0.5877852522924722, 
            -0.8090169943749479, 
            0.0, 
            0.25862551100868775
        ], 
        [
            0.0, 
            0.0, 
            1.0, 
            0.0
        ], 
        [
            0.0, 
            0.0, 
            0.0, 
            1.0
        ]
    ], 
    "Teffectivestart_hoveringend": [
        [
            0.9999999999999998, 
            -8.492919851057995e-17, 
            0.0, 
            -0.04999999999999993
        ], 
        [
            -8.492919851057995e-17, 
            0.9999999999999996, 
            0.0, 
            2.960433184370792e-19
        ], 
        [
            0.0, 
            0.0, 
            1.0, 
            0.0
        ], 
        [
            0.0, 
            0.0, 
            0.0, 
            1.0
        ]
    ], 
    "Tworld_toolstart": [
        [
            -0.8090169943749478, 
            -0.587785252292472, 
            0.0, 
            0.03236067977499793
        ], 
        [
            0.5877852522924722, 
            -0.8090169943749478, 
            0.0, 
            -0.023511410091698916
        ], 
        [
            0.0, 
            0.0, 
            1.0, 
            0.0
        ], 
        [
            0.0, 
            0.0, 
            0.0, 
            1.0
        ]
    ], 
    "unhovering_end": [
        [
            -0.8090169943749479, 
            -0.5877852522924721, 
            0.0, 
            -0.35596747752497704
        ], 
        [
            0.5877852522924722, 
            -0.8090169943749479, 
            0.0, 
            0.25862551100868775
        ], 
        [
            0.0, 
            0.0, 
            1.0, 
            0.1
        ], 
        [
            0.0, 
            0.0, 
            0.0, 
            1.0
        ]
    ], 
    "trajectory_screw_axes": [
        [
            -0.0, 
            -0.0, 
            -0.0, 
            -1.0, 
            1.5648987184631502e-16, 
            -0.0
        ]
    ]
}