{
    "Tworld_goalstart": [
        [
            1.0, 
            -2.3506446393833413e-18, 
            0.0, 
            0.0
        ], 
        [
            -2.3506446393833413e-18, 
            1.0, 
            0.0, 
            0.0
        ], 
        [
            0.0, 
            0.0, 
            1.0, 
            0.0
        ], 
        [
            0.0, 
            0.0, 
            0.0, 
            1.0
        ]
    ], 
    "Teffectivestart_hoveringstart": [
        [
            1.0, 
            2.3506446393833413e-18, 
            0.0, 
            -0.04999999999999999
        ], 
        [
            2.3506446393833413e-18, 
            1.0, 
            0.0, 
            -4.852232568421e-18
        ], 
        [
            0.0, 
            0.0, 
            1.0, 
            0.1
        ], 
        [
            0.0, 
            0.0, 
            0.0, 
            1.0
        ]
    ], 
    "hovering_end": [
        [
            -0.18738131458572438, 
            0.9822872507286887, 
            0.0, 
            0.016864318312715194
        ], 
        [
            -0.9822872507286887, 
            -0.18738131458572438, 
            0.0, 
            0.08840585256558198
        ], 
        [
            0.0, 
            0.0, 
            1.0, 
            0.0
        ], 
        [
            0.0, 
            0.0, 
            0.0, 
            1.0
        ]
    ], 
    "sample file path": "learned_samples/ur/simulator/pointcloud/push/meiying_T_push_tool/meiying_tool_target/sample/sample_8.txt", 
    "v_start_goal_frame": [
        -0.18738131458572438, 
        -0.9822872507286887, 
        0.0
    ], 
    "Teffectiveend_unhoveringend": [
        [
            1.0, 
            2.3506446393833413e-18, 
            0.0, 
            0.0
        ], 
        [
            2.3506446393833413e-18, 
            1.0, 
            0.0, 
            -2.9980003512807862e-18
        ], 
        [
            0.0, 
            0.0, 
            1.0, 
            0.1
        ], 
        [
            0.0, 
            0.0, 
            0.0, 
            1.0
        ]
    ], 
    "task_type": "pose_change", 
    "goal": "meiying_tool_target", 
    "trajectory": [
        [
            [
                1.0, 
                2.3506446393833413e-18, 
                0.0, 
                0.0
            ], 
            [
                2.3506446393833413e-18, 
                1.0, 
                0.0, 
                -2.664439949360866e-19
            ], 
            [
                0.0, 
                0.0, 
                1.0, 
                0.0
            ], 
            [
                0.0, 
                0.0, 
                0.0, 
                1.0
            ]
        ], 
        [
            [
                1.0, 
                2.3506446393833413e-18, 
                0.0, 
                0.24
            ], 
            [
                2.3506446393833413e-18, 
                1.0, 
                0.0, 
                -2.9980003512807862e-18
            ], 
            [
                0.0, 
                0.0, 
                1.0, 
                0.0
            ], 
            [
                0.0, 
                0.0, 
                0.0, 
                1.0
            ]
        ]
    ], 
    "tool_contact_area_index": [
        158, 
        159, 
        384, 
        385, 
        388, 
        389, 
        747, 
        749, 
        754, 
        755, 
        1279, 
        1281, 
        1282, 
        1285, 
        1294, 
        1295, 
        1296, 
        1297, 
        1298, 
        1302, 
        1303, 
        1304, 
        1305, 
        1306, 
        1315, 
        2919, 
        2922, 
        2923, 
        2924, 
        2925, 
        2926, 
        2927, 
        2928, 
        2929, 
        2930, 
        2931, 
        2932, 
        2933, 
        2934, 
        2935, 
        2936, 
        4285, 
        4539, 
        4540, 
        4541, 
        4542, 
        4543, 
        4544, 
        4546, 
        4547, 
        4548, 
        4549, 
        4551, 
        4555, 
        4563, 
        4564, 
        4565, 
        4779, 
        4780, 
        4781, 
        4782, 
        4789, 
        4796, 
        6079, 
        6297, 
        6298, 
        6299, 
        6302, 
        6512, 
        6514, 
        7633, 
        7724, 
        7726, 
        7737, 
        7739, 
        7747, 
        7748, 
        7749, 
        7751, 
        7752, 
        7754, 
        7756, 
        7757, 
        7758, 
        7759, 
        7760, 
        7762, 
        7763, 
        7764, 
        7765, 
        7766, 
        7767, 
        7883, 
        7884, 
        7885, 
        7886, 
        7917, 
        7918, 
        7919, 
        7922, 
        7928, 
        7929, 
        7930, 
        7931, 
        7932, 
        7933, 
        7934, 
        7935, 
        7936, 
        7937, 
        7940, 
        7941, 
        7942, 
        7943, 
        7944, 
        7945, 
        7946, 
        7948
    ], 
    "v_start_world_frame": [
        -0.18738131458572438, 
        -0.9822872507286887, 
        0.0
    ], 
    "Ttool_goal": [
        [
            -0.18738131458572438, 
            -0.9822872507286887, 
            0.0, 
            0.04000000000000001
        ], 
        [
            0.9822872507286887, 
            -0.18738131458572438, 
            0.0, 
            -7.068365046286717e-18
        ], 
        [
            0.0, 
            0.0, 
            1.0, 
            0.0
        ], 
        [
            0.0, 
            0.0, 
            0.0, 
            1.0
        ]
    ], 
    "tool_trajectory_world_frame": [
        [
            [
                -0.18738131458572438, 
                0.9822872507286887, 
                0.0, 
                0.016864318312715194
            ], 
            [
                -0.9822872507286887, 
                -0.18738131458572438, 
                0.0, 
                0.08840585256558198
            ], 
            [
                0.0, 
                0.0, 
                1.0, 
                0.1
            ], 
            [
                0.0, 
                0.0, 
                0.0, 
                1.0
            ]
        ], 
        [
            [
                -0.18738131458572438, 
                0.9822872507286887, 
                0.0, 
                0.016864318312715194
            ], 
            [
                -0.9822872507286887, 
                -0.18738131458572438, 
                0.0, 
                0.08840585256558198
            ], 
            [
                0.0, 
                0.0, 
                1.0, 
                0.0
            ], 
            [
                0.0, 
                0.0, 
                0.0, 
                1.0
            ]
        ], 
        [
            [
                -0.18738131458572438, 
                0.9822872507286887, 
                0.0, 
                -0.03747626291714487
            ], 
            [
                -0.9822872507286887, 
                -0.18738131458572438, 
                0.0, 
                -0.19645745014573773
            ], 
            [
                0.0, 
                0.0, 
                1.0, 
                0.0
            ], 
            [
                0.0, 
                0.0, 
                0.0, 
                1.0
            ]
        ], 
        [
            [
                -0.18738131458572438, 
                0.9822872507286887, 
                0.0, 
                -0.03747626291714487
            ], 
            [
                -0.9822872507286887, 
                -0.18738131458572438, 
                0.0, 
                -0.19645745014573773
            ], 
            [
                0.0, 
                0.0, 
                1.0, 
                0.1
            ], 
            [
                0.0, 
                0.0, 
                0.0, 
                1.0
            ]
        ]
    ], 
    "goal_contact_area_index": [
        684, 
        685, 
        687, 
        688, 
        689, 
        691, 
        692, 
        694, 
        695, 
        697, 
        699, 
        702, 
        705, 
        707, 
        864, 
        865, 
        866, 
        869, 
        870, 
        873, 
        875, 
        876, 
        877, 
        879, 
        880, 
        881, 
        882, 
        883, 
        884, 
        885, 
        886, 
        888, 
        889, 
        890, 
        906, 
        908, 
        911, 
        912, 
        914, 
        918, 
        919, 
        1038, 
        1039, 
        1040, 
        1041, 
        1043, 
        1044, 
        1452, 
        1681, 
        1686, 
        1688, 
        2014, 
        2015, 
        2016, 
        2017, 
        2268, 
        2270, 
        2271, 
        2273, 
        2274, 
        2275, 
        2276, 
        2277, 
        2278, 
        2279, 
        2280, 
        2281, 
        2282, 
        2283, 
        2284, 
        2563, 
        2567, 
        2571, 
        2580, 
        2581, 
        2584, 
        2588, 
        2589, 
        2590, 
        2591, 
        2592, 
        2593, 
        2594, 
        2595, 
        2596, 
        2597, 
        2598, 
        2599, 
        2855, 
        2858, 
        2859, 
        2860, 
        2861, 
        2862, 
        2864, 
        2866, 
        2867, 
        2868, 
        2869
    ], 
    "changing_point": [
        1, 
        -2
    ], 
    "tool_trajectory_goal_frame": [
        [
            [
                -0.18738131458572438, 
                0.9822872507286887, 
                0.0, 
                0.016864318312715194
            ], 
            [
                -0.9822872507286887, 
                -0.18738131458572438, 
                0.0, 
                0.08840585256558198
            ], 
            [
                0.0, 
                0.0, 
                1.0, 
                0.1
            ], 
            [
                0.0, 
                0.0, 
                0.0, 
                1.0
            ]
        ], 
        [
            [
                -0.18738131458572438, 
                0.9822872507286887, 
                0.0, 
                0.016864318312715194
            ], 
            [
                -0.9822872507286887, 
                -0.18738131458572438, 
                0.0, 
                0.08840585256558198
            ], 
            [
                0.0, 
                0.0, 
                1.0, 
                0.0
            ], 
            [
                0.0, 
                0.0, 
                0.0, 
                1.0
            ]
        ], 
        [
            [
                -0.18738131458572438, 
                0.9822872507286887, 
                0.0, 
                -0.03747626291714487
            ], 
            [
                -0.9822872507286887, 
                -0.18738131458572438, 
                0.0, 
                -0.19645745014573773
            ], 
            [
                0.0, 
                0.0, 
                1.0, 
                0.0
            ], 
            [
                0.0, 
                0.0, 
                0.0, 
                1.0
            ]
        ], 
        [
            [
                -0.18738131458572438, 
                0.9822872507286887, 
                0.0, 
                -0.03747626291714487
            ], 
            [
                -0.9822872507286887, 
                -0.18738131458572438, 
                0.0, 
                -0.19645745014573773
            ], 
            [
                0.0, 
                0.0, 
                1.0, 
                0.1
            ], 
            [
                0.0, 
                0.0, 
                0.0, 
                1.0
            ]
        ]
    ], 
    "Teffectivestart_unhoveringstart": [
        [
            1.0, 
            2.3506446393833413e-18, 
            0.0, 
            0.24
        ], 
        [
            2.3506446393833413e-18, 
            1.0, 
            0.0, 
            -3.1274714936602752e-18
        ], 
        [
            0.0, 
            0.0, 
            1.0, 
            0.0
        ], 
        [
            0.0, 
            0.0, 
            0.0, 
            1.0
        ]
    ], 
    "raw sample file path": "learned_samples/ur/simulator/pointcloud/push/meiying_T_push_tool/meiying_tool_target/raw/raw_sample_8.txt", 
    "trajectory_thetas": [
        0.24
    ], 
    "tool": "meiying_T_push_tool", 
    "Tworld_goalend": [
        [
            1.0, 
            -2.3506446393833413e-18, 
            0.0, 
            -0.04497151550057385
        ], 
        [
            -2.3506446393833413e-18, 
            1.0, 
            0.0, 
            -0.2357489401748853
        ], 
        [
            0.0, 
            0.0, 
            1.0, 
            0.0
        ], 
        [
            0.0, 
            0.0, 
            0.0, 
            1.0
        ]
    ], 
    "Tworld_toolend": [
        [
            -0.18738131458572438, 
            0.9822872507286887, 
            0.0, 
            -0.03747626291714487
        ], 
        [
            -0.9822872507286887, 
            -0.18738131458572438, 
            0.0, 
            -0.19645745014573773
        ], 
        [
            0.0, 
            0.0, 
            1.0, 
            0.0
        ], 
        [
            0.0, 
            0.0, 
            0.0, 
            1.0
        ]
    ], 
    "hovering_start": [
        [
            -0.18738131458572438, 
            0.9822872507286887, 
            0.0, 
            0.016864318312715194
        ], 
        [
            -0.9822872507286887, 
            -0.18738131458572438, 
            0.0, 
            0.08840585256558198
        ], 
        [
            0.0, 
            0.0, 
            1.0, 
            0.1
        ], 
        [
            0.0, 
            0.0, 
            0.0, 
            1.0
        ]
    ], 
    "v_start_tool_frame": [
        1.0, 
        -9.030840178719574e-18, 
        0.0
    ], 
    "task": "push", 
    "unhovering_start": [
        [
            -0.18738131458572438, 
            0.9822872507286887, 
            0.0, 
            -0.03747626291714487
        ], 
        [
            -0.9822872507286887, 
            -0.18738131458572438, 
            0.0, 
            -0.19645745014573773
        ], 
        [
            0.0, 
            0.0, 
            1.0, 
            0.0
        ], 
        [
            0.0, 
            0.0, 
            0.0, 
            1.0
        ]
    ], 
    "Teffectivestart_hoveringend": [
        [
            1.0, 
            2.3506446393833413e-18, 
            0.0, 
            -0.04999999999999999
        ], 
        [
            2.3506446393833413e-18, 
            1.0, 
            0.0, 
            -4.852232568421e-18
        ], 
        [
            0.0, 
            0.0, 
            1.0, 
            0.0
        ], 
        [
            0.0, 
            0.0, 
            0.0, 
            1.0
        ]
    ], 
    "Tworld_toolstart": [
        [
            -0.18738131458572438, 
            0.9822872507286887, 
            0.0, 
            0.007495252583428984
        ], 
        [
            -0.9822872507286887, 
            -0.18738131458572438, 
            0.0, 
            0.03929149002914756
        ], 
        [
            0.0, 
            0.0, 
            1.0, 
            0.0
        ], 
        [
            0.0, 
            0.0, 
            0.0, 
            1.0
        ]
    ], 
    "unhovering_end": [
        [
            -0.18738131458572438, 
            0.9822872507286887, 
            0.0, 
            -0.03747626291714487
        ], 
        [
            -0.9822872507286887, 
            -0.18738131458572438, 
            0.0, 
            -0.19645745014573773
        ], 
        [
            0.0, 
            0.0, 
            1.0, 
            0.1
        ], 
        [
            0.0, 
            0.0, 
            0.0, 
            1.0
        ]
    ], 
    "trajectory_screw_axes": [
        [
            -0.0, 
            -0.0, 
            -0.0, 
            -1.0, 
            9.030840178719574e-18, 
            -0.0
        ]
    ]
}