{
    "Tworld_goalstart": [
        [
            1.0, 
            1.568951857518983e-17, 
            0.0, 
            0.0
        ], 
        [
            1.568951857518983e-17, 
            1.0, 
            0.0, 
            0.0
        ], 
        [
            0.0, 
            0.0, 
            1.0, 
            0.0
        ], 
        [
            0.0, 
            0.0, 
            0.0, 
            1.0
        ]
    ], 
    "Teffectivestart_hoveringstart": [
        [
            1.0, 
            -1.568951857518983e-17, 
            0.0, 
            -0.049999999999999975
        ], 
        [
            -1.568951857518983e-17, 
            1.0, 
            0.0, 
            2.798779672624863e-17
        ], 
        [
            0.0, 
            0.0, 
            1.0, 
            0.1
        ], 
        [
            0.0, 
            0.0, 
            0.0, 
            1.0
        ]
    ], 
    "hovering_end": [
        [
            -0.8090169943749471, 
            0.5877852522924736, 
            0.0, 
            0.07281152949374524
        ], 
        [
            -0.5877852522924736, 
            -0.8090169943749471, 
            0.0, 
            0.05290067270632262
        ], 
        [
            0.0, 
            0.0, 
            1.0, 
            0.0
        ], 
        [
            0.0, 
            0.0, 
            0.0, 
            1.0
        ]
    ], 
    "sample file path": "learned_samples/ur/simulator/pointcloud/push/meiying_T_push_tool/meiying_tool_target/sample/sample_11.txt", 
    "v_start_goal_frame": [
        -0.8090169943749471, 
        -0.5877852522924737, 
        0.0
    ], 
    "Teffectiveend_unhoveringend": [
        [
            1.0, 
            -1.568951857518983e-17, 
            0.0, 
            0.0
        ], 
        [
            -1.568951857518983e-17, 
            1.0, 
            0.0, 
            9.239534908127001e-18
        ], 
        [
            0.0, 
            0.0, 
            1.0, 
            0.1
        ], 
        [
            0.0, 
            0.0, 
            0.0, 
            1.0
        ]
    ], 
    "task_type": "pose_change", 
    "goal": "meiying_tool_target", 
    "trajectory": [
        [
            [
                1.0, 
                -1.568951857518983e-17, 
                0.0, 
                0.0
            ], 
            [
                -1.568951857518983e-17, 
                1.0, 
                0.0, 
                1.4154043963726934e-18
            ], 
            [
                0.0, 
                0.0, 
                1.0, 
                0.0
            ], 
            [
                0.0, 
                0.0, 
                0.0, 
                1.0
            ]
        ], 
        [
            [
                1.0, 
                -1.568951857518983e-17, 
                0.0, 
                0.32999999999999996
            ], 
            [
                -1.568951857518983e-17, 
                1.0, 
                0.0, 
                3.3525663571802303e-17
            ], 
            [
                0.0, 
                0.0, 
                1.0, 
                0.0
            ], 
            [
                0.0, 
                0.0, 
                0.0, 
                1.0
            ]
        ]
    ], 
    "tool_contact_area_index": [
        388, 
        389, 
        391, 
        423, 
        755, 
        1282, 
        1296, 
        1303, 
        1304, 
        1305, 
        1309, 
        1313, 
        2511, 
        2597, 
        2598, 
        2599, 
        2924, 
        4285, 
        4287, 
        4289, 
        4296, 
        4299, 
        4539, 
        4540, 
        4541, 
        4542, 
        4543, 
        4544, 
        4545, 
        4546, 
        4547, 
        4548, 
        4549, 
        4550, 
        4551, 
        4552, 
        4553, 
        4554, 
        4563, 
        4564, 
        4565, 
        4580, 
        4762, 
        4765, 
        4779, 
        4780, 
        4781, 
        4782, 
        6055, 
        6075, 
        6297, 
        6298, 
        6301, 
        6302, 
        6480, 
        6481, 
        6512, 
        7716, 
        7723, 
        7724, 
        7725, 
        7726, 
        7736, 
        7737, 
        7738, 
        7739, 
        7740, 
        7741, 
        7742, 
        7743, 
        7744, 
        7745, 
        7746, 
        7747, 
        7748, 
        7749, 
        7750, 
        7751, 
        7752, 
        7753, 
        7754, 
        7755, 
        7756, 
        7757, 
        7758, 
        7759, 
        7760, 
        7761, 
        7762, 
        7763, 
        7764, 
        7765, 
        7766, 
        7767, 
        7768, 
        7769, 
        7883, 
        7884, 
        7885, 
        7886, 
        7887, 
        7917, 
        7918, 
        7919, 
        7921, 
        7922, 
        7926, 
        7927, 
        7929, 
        7930, 
        7931, 
        7932, 
        7933, 
        7936, 
        7937, 
        7938, 
        7939, 
        7940, 
        7941, 
        7947, 
        7948
    ], 
    "v_start_world_frame": [
        -0.8090169943749471, 
        -0.5877852522924737, 
        0.0
    ], 
    "Ttool_goal": [
        [
            -0.8090169943749471, 
            -0.5877852522924736, 
            0.0, 
            0.040000000000000036
        ], 
        [
            0.5877852522924736, 
            -0.8090169943749471, 
            0.0, 
            2.567755076001344e-17
        ], 
        [
            0.0, 
            0.0, 
            1.0, 
            0.0
        ], 
        [
            0.0, 
            0.0, 
            0.0, 
            1.0
        ]
    ], 
    "tool_trajectory_world_frame": [
        [
            [
                -0.8090169943749471, 
                0.5877852522924736, 
                0.0, 
                0.07281152949374524
            ], 
            [
                -0.5877852522924736, 
                -0.8090169943749471, 
                0.0, 
                0.05290067270632262
            ], 
            [
                0.0, 
                0.0, 
                1.0, 
                0.1
            ], 
            [
                0.0, 
                0.0, 
                0.0, 
                1.0
            ]
        ], 
        [
            [
                -0.8090169943749471, 
                0.5877852522924736, 
                0.0, 
                0.07281152949374524
            ], 
            [
                -0.5877852522924736, 
                -0.8090169943749471, 
                0.0, 
                0.05290067270632262
            ], 
            [
                0.0, 
                0.0, 
                1.0, 
                0.0
            ], 
            [
                0.0, 
                0.0, 
                0.0, 
                1.0
            ]
        ], 
        [
            [
                -0.8090169943749471, 
                0.5877852522924736, 
                0.0, 
                -0.2346149283687346
            ], 
            [
                -0.5877852522924736, 
                -0.8090169943749471, 
                0.0, 
                -0.1704577231648173
            ], 
            [
                0.0, 
                0.0, 
                1.0, 
                0.0
            ], 
            [
                0.0, 
                0.0, 
                0.0, 
                1.0
            ]
        ], 
        [
            [
                -0.8090169943749471, 
                0.5877852522924736, 
                0.0, 
                -0.2346149283687346
            ], 
            [
                -0.5877852522924736, 
                -0.8090169943749471, 
                0.0, 
                -0.1704577231648173
            ], 
            [
                0.0, 
                0.0, 
                1.0, 
                0.1
            ], 
            [
                0.0, 
                0.0, 
                0.0, 
                1.0
            ]
        ]
    ], 
    "goal_contact_area_index": [
        2287, 
        2291, 
        2294, 
        2601, 
        2602, 
        2603, 
        2604, 
        2605, 
        2606, 
        2607, 
        2608, 
        2610, 
        2612, 
        2613, 
        2616, 
        2617, 
        2618, 
        2619, 
        2620, 
        2621, 
        2870, 
        2872, 
        2873, 
        2874, 
        2875, 
        2876, 
        2877, 
        2878, 
        2879, 
        2880, 
        2881, 
        2882, 
        2884, 
        2887, 
        2888, 
        2892, 
        2893, 
        2895, 
        2897, 
        2898, 
        3117, 
        3124, 
        3125, 
        3126, 
        3128, 
        3129, 
        3130, 
        3131, 
        3132, 
        3133, 
        3134, 
        3135, 
        3136, 
        3137, 
        3141, 
        3475, 
        3477, 
        3479, 
        3480, 
        3481, 
        3485, 
        3486, 
        3487, 
        3488, 
        3489, 
        3490, 
        3491, 
        3492, 
        3493, 
        3494, 
        3495, 
        3496, 
        3497, 
        3498, 
        3499, 
        3500, 
        3501, 
        3502, 
        3503, 
        3504, 
        3505, 
        3506, 
        3508, 
        3510, 
        3511, 
        3514, 
        3519, 
        3522, 
        3523, 
        3524, 
        3525, 
        3526, 
        3528, 
        3529, 
        3532, 
        3533, 
        3806, 
        3807, 
        3808, 
        3809, 
        3810, 
        3811, 
        3812, 
        3813, 
        3814, 
        3815, 
        3816, 
        3817, 
        3818, 
        3819, 
        3820, 
        3821, 
        3822, 
        3823, 
        3824, 
        3825, 
        3826, 
        3827, 
        3828, 
        3829, 
        3830, 
        3831, 
        3832, 
        3833, 
        3834, 
        4008, 
        4009, 
        4010, 
        4011, 
        4012, 
        4013, 
        4014, 
        4015, 
        4016, 
        4017, 
        4018, 
        4019, 
        4020, 
        4183, 
        4184, 
        4187, 
        4190, 
        4192, 
        4193, 
        4194, 
        4195, 
        4200, 
        4201, 
        4202, 
        4203, 
        4204, 
        4205, 
        4206, 
        4207, 
        4690
    ], 
    "changing_point": [
        1, 
        -2
    ], 
    "tool_trajectory_goal_frame": [
        [
            [
                -0.8090169943749471, 
                0.5877852522924736, 
                0.0, 
                0.07281152949374524
            ], 
            [
                -0.5877852522924736, 
                -0.8090169943749471, 
                0.0, 
                0.05290067270632262
            ], 
            [
                0.0, 
                0.0, 
                1.0, 
                0.1
            ], 
            [
                0.0, 
                0.0, 
                0.0, 
                1.0
            ]
        ], 
        [
            [
                -0.8090169943749471, 
                0.5877852522924736, 
                0.0, 
                0.07281152949374524
            ], 
            [
                -0.5877852522924736, 
                -0.8090169943749471, 
                0.0, 
                0.05290067270632262
            ], 
            [
                0.0, 
                0.0, 
                1.0, 
                0.0
            ], 
            [
                0.0, 
                0.0, 
                0.0, 
                1.0
            ]
        ], 
        [
            [
                -0.8090169943749471, 
                0.5877852522924736, 
                0.0, 
                -0.2346149283687346
            ], 
            [
                -0.5877852522924736, 
                -0.8090169943749471, 
                0.0, 
                -0.1704577231648173
            ], 
            [
                0.0, 
                0.0, 
                1.0, 
                0.0
            ], 
            [
                0.0, 
                0.0, 
                0.0, 
                1.0
            ]
        ], 
        [
            [
                -0.8090169943749471, 
                0.5877852522924736, 
                0.0, 
                -0.2346149283687346
            ], 
            [
                -0.5877852522924736, 
                -0.8090169943749471, 
                0.0, 
                -0.1704577231648173
            ], 
            [
                0.0, 
                0.0, 
                1.0, 
                0.1
            ], 
            [
                0.0, 
                0.0, 
                0.0, 
                1.0
            ]
        ]
    ], 
    "Teffectivestart_unhoveringstart": [
        [
            1.0, 
            -1.568951857518983e-17, 
            0.0, 
            0.32999999999999996
        ], 
        [
            -1.568951857518983e-17, 
            1.0, 
            0.0, 
            3.491708566814044e-17
        ], 
        [
            0.0, 
            0.0, 
            1.0, 
            0.0
        ], 
        [
            0.0, 
            0.0, 
            0.0, 
            1.0
        ]
    ], 
    "raw sample file path": "learned_samples/ur/simulator/pointcloud/push/meiying_T_push_tool/meiying_tool_target/raw/raw_sample_11.txt", 
    "trajectory_thetas": [
        0.32999999999999996
    ], 
    "tool": "meiying_T_push_tool", 
    "Tworld_goalend": [
        [
            1.0, 
            1.568951857518983e-17, 
            0.0, 
            -0.2669756081437325
        ], 
        [
            1.568951857518983e-17, 
            1.0, 
            0.0, 
            -0.19396913325651627
        ], 
        [
            0.0, 
            0.0, 
            1.0, 
            0.0
        ], 
        [
            0.0, 
            0.0, 
            0.0, 
            1.0
        ]
    ], 
    "Tworld_toolend": [
        [
            -0.8090169943749471, 
            0.5877852522924736, 
            0.0, 
            -0.2346149283687346
        ], 
        [
            -0.5877852522924736, 
            -0.8090169943749471, 
            0.0, 
            -0.1704577231648173
        ], 
        [
            0.0, 
            0.0, 
            1.0, 
            0.0
        ], 
        [
            0.0, 
            0.0, 
            0.0, 
            1.0
        ]
    ], 
    "hovering_start": [
        [
            -0.8090169943749471, 
            0.5877852522924736, 
            0.0, 
            0.07281152949374524
        ], 
        [
            -0.5877852522924736, 
            -0.8090169943749471, 
            0.0, 
            0.05290067270632262
        ], 
        [
            0.0, 
            0.0, 
            1.0, 
            0.1
        ], 
        [
            0.0, 
            0.0, 
            0.0, 
            1.0
        ]
    ], 
    "v_start_tool_frame": [
        1.0, 
        8.161429710793021e-17, 
        0.0
    ], 
    "task": "push", 
    "unhovering_start": [
        [
            -0.8090169943749471, 
            0.5877852522924736, 
            0.0, 
            -0.2346149283687346
        ], 
        [
            -0.5877852522924736, 
            -0.8090169943749471, 
            0.0, 
            -0.1704577231648173
        ], 
        [
            0.0, 
            0.0, 
            1.0, 
            0.0
        ], 
        [
            0.0, 
            0.0, 
            0.0, 
            1.0
        ]
    ], 
    "Teffectivestart_hoveringend": [
        [
            1.0, 
            -1.568951857518983e-17, 
            0.0, 
            -0.049999999999999975
        ], 
        [
            -1.568951857518983e-17, 
            1.0, 
            0.0, 
            2.798779672624863e-17
        ], 
        [
            0.0, 
            0.0, 
            1.0, 
            0.0
        ], 
        [
            0.0, 
            0.0, 
            0.0, 
            1.0
        ]
    ], 
    "Tworld_toolstart": [
        [
            -0.8090169943749471, 
            0.5877852522924736, 
            0.0, 
            0.0323606797749979
        ], 
        [
            -0.5877852522924736, 
            -0.8090169943749471, 
            0.0, 
            0.023511410091698985
        ], 
        [
            0.0, 
            0.0, 
            1.0, 
            0.0
        ], 
        [
            0.0, 
            0.0, 
            0.0, 
            1.0
        ]
    ], 
    "unhovering_end": [
        [
            -0.8090169943749471, 
            0.5877852522924736, 
            0.0, 
            -0.2346149283687346
        ], 
        [
            -0.5877852522924736, 
            -0.8090169943749471, 
            0.0, 
            -0.1704577231648173
        ], 
        [
            0.0, 
            0.0, 
            1.0, 
            0.1
        ], 
        [
            0.0, 
            0.0, 
            0.0, 
            1.0
        ]
    ], 
    "trajectory_screw_axes": [
        [
            -0.0, 
            -0.0, 
            -0.0, 
            -1.0, 
            -8.161429710793021e-17, 
            -0.0
        ]
    ]
}