{
    "Tworld_goalstart": [
        [
            1.0, 
            3.525493841940718e-18, 
            0.0, 
            0.0
        ], 
        [
            3.525493841940718e-18, 
            1.0, 
            0.0, 
            0.0
        ], 
        [
            0.0, 
            0.0, 
            1.0, 
            0.0
        ], 
        [
            0.0, 
            0.0, 
            0.0, 
            1.0
        ]
    ], 
    "Teffectivestart_hoveringstart": [
        [
            1.0, 
            -3.525493841940718e-18, 
            0.0, 
            -0.050000000000000086
        ], 
        [
            -3.525493841940718e-18, 
            1.0, 
            0.0, 
            7.733712895710815e-18
        ], 
        [
            0.0, 
            0.0, 
            1.0, 
            0.1
        ], 
        [
            0.0, 
            0.0, 
            0.0, 
            1.0
        ]
    ], 
    "hovering_end": [
        [
            0.8763066800438645, 
            -0.48175367410171377, 
            0.0, 
            -0.0788676012039478
        ], 
        [
            0.48175367410171377, 
            0.8763066800438645, 
            0.0, 
            -0.04335783066915424
        ], 
        [
            0.0, 
            0.0, 
            1.0, 
            0.0
        ], 
        [
            0.0, 
            0.0, 
            0.0, 
            1.0
        ]
    ], 
    "sample file path": "learned_samples/ur/simulator/pointcloud/push/meiying_T_push_tool/meiying_tool_target/sample/sample_24.txt", 
    "v_start_goal_frame": [
        0.8763066800438645, 
        0.48175367410171377, 
        0.0
    ], 
    "Teffectiveend_unhoveringend": [
        [
            1.0, 
            -3.525493841940718e-18, 
            0.0, 
            0.0
        ], 
        [
            -3.525493841940718e-18, 
            1.0, 
            0.0, 
            -1.514749212046279e-17
        ], 
        [
            0.0, 
            0.0, 
            1.0, 
            0.1
        ], 
        [
            0.0, 
            0.0, 
            0.0, 
            1.0
        ]
    ], 
    "task_type": "pose_change", 
    "goal": "meiying_tool_target", 
    "trajectory": [
        [
            [
                1.0, 
                -3.525493841940718e-18, 
                0.0, 
                0.0
            ], 
            [
                -3.525493841940718e-18, 
                1.0, 
                0.0, 
                -1.4164821280523453e-18
            ], 
            [
                0.0, 
                0.0, 
                1.0, 
                0.0
            ], 
            [
                0.0, 
                0.0, 
                0.0, 
                1.0
            ]
        ], 
        [
            [
                1.0, 
                -3.525493841940718e-18, 
                0.0, 
                0.7200000000000001
            ], 
            [
                -3.525493841940718e-18, 
                1.0, 
                0.0, 
                -8.208598216555562e-18
            ], 
            [
                0.0, 
                0.0, 
                1.0, 
                0.0
            ], 
            [
                0.0, 
                0.0, 
                0.0, 
                1.0
            ]
        ]
    ], 
    "tool_contact_area_index": [
        157, 
        158, 
        159, 
        162, 
        166, 
        385, 
        388, 
        389, 
        735, 
        737, 
        738, 
        750, 
        753, 
        754, 
        755, 
        756, 
        1282, 
        1295, 
        1303, 
        1527, 
        2920, 
        2923, 
        2924, 
        2925, 
        2926, 
        2927, 
        2928, 
        2929, 
        2930, 
        2931, 
        2932, 
        2933, 
        2934, 
        2936, 
        2937, 
        2941, 
        2943, 
        2944, 
        4285, 
        4286, 
        4288, 
        4290, 
        4299, 
        4541, 
        4543, 
        4546, 
        4776, 
        4778, 
        4779, 
        4780, 
        4781, 
        4782, 
        4795, 
        4796, 
        4797, 
        6480, 
        6481, 
        6512, 
        6513, 
        6514, 
        6517, 
        7737, 
        7740, 
        7742, 
        7745, 
        7746, 
        7759, 
        7761, 
        7762, 
        7763, 
        7764, 
        7765, 
        7766, 
        7767, 
        7768, 
        7769, 
        7794, 
        7917, 
        7918, 
        7929, 
        7930, 
        7933, 
        7934, 
        7935, 
        7936, 
        7941, 
        7942, 
        7943, 
        7944, 
        7945, 
        7946, 
        7947, 
        7948
    ], 
    "v_start_world_frame": [
        0.8763066800438645, 
        0.48175367410171377, 
        0.0
    ], 
    "Ttool_goal": [
        [
            0.8763066800438645, 
            0.48175367410171377, 
            0.0, 
            0.039999999999999925
        ], 
        [
            -0.48175367410171377, 
            0.8763066800438645, 
            0.0, 
            8.838529023669504e-18
        ], 
        [
            0.0, 
            0.0, 
            1.0, 
            0.0
        ], 
        [
            0.0, 
            0.0, 
            0.0, 
            1.0
        ]
    ], 
    "tool_trajectory_world_frame": [
        [
            [
                0.8763066800438645, 
                -0.48175367410171377, 
                0.0, 
                -0.0788676012039478
            ], 
            [
                0.48175367410171377, 
                0.8763066800438645, 
                0.0, 
                -0.04335783066915424
            ], 
            [
                0.0, 
                0.0, 
                1.0, 
                0.1
            ], 
            [
                0.0, 
                0.0, 
                0.0, 
                1.0
            ]
        ], 
        [
            [
                0.8763066800438645, 
                -0.48175367410171377, 
                0.0, 
                -0.0788676012039478
            ], 
            [
                0.48175367410171377, 
                0.8763066800438645, 
                0.0, 
                -0.04335783066915424
            ], 
            [
                0.0, 
                0.0, 
                1.0, 
                0.0
            ], 
            [
                0.0, 
                0.0, 
                0.0, 
                1.0
            ]
        ], 
        [
            [
                0.8763066800438645, 
                -0.48175367410171377, 
                0.0, 
                0.5958885424298279
            ], 
            [
                0.48175367410171377, 
                0.8763066800438645, 
                0.0, 
                0.3275924983891654
            ], 
            [
                0.0, 
                0.0, 
                1.0, 
                0.0
            ], 
            [
                0.0, 
                0.0, 
                0.0, 
                1.0
            ]
        ], 
        [
            [
                0.8763066800438645, 
                -0.48175367410171377, 
                0.0, 
                0.5958885424298279
            ], 
            [
                0.48175367410171377, 
                0.8763066800438645, 
                0.0, 
                0.3275924983891654
            ], 
            [
                0.0, 
                0.0, 
                1.0, 
                0.1
            ], 
            [
                0.0, 
                0.0, 
                0.0, 
                1.0
            ]
        ]
    ], 
    "goal_contact_area_index": [
        5645, 
        5646, 
        5651, 
        5652, 
        5864, 
        5866, 
        5868, 
        5869, 
        5870, 
        5872, 
        5873, 
        5874, 
        5877, 
        5878, 
        5879, 
        5880, 
        5881, 
        5885, 
        5886, 
        5891, 
        5894, 
        5899, 
        6120, 
        6281, 
        6282, 
        6283, 
        6286, 
        6288, 
        6289, 
        6290, 
        6452, 
        6453, 
        6454, 
        6455, 
        6456, 
        6457, 
        6458, 
        6459, 
        6460, 
        6461, 
        6462, 
        6464, 
        6465, 
        6466, 
        6467, 
        6468, 
        6469, 
        6470, 
        6471, 
        6472, 
        6473, 
        6474, 
        6475, 
        6476, 
        6477, 
        6478, 
        6482, 
        6483, 
        6486, 
        6532, 
        6534, 
        6535, 
        6536, 
        6538, 
        6575, 
        6577, 
        6578, 
        6580, 
        6581, 
        6582, 
        6583, 
        6585, 
        6586, 
        6587, 
        6623, 
        6624, 
        6625, 
        6626, 
        6629, 
        6639, 
        6642, 
        6671, 
        6672, 
        6673
    ], 
    "changing_point": [
        1, 
        -2
    ], 
    "tool_trajectory_goal_frame": [
        [
            [
                0.8763066800438645, 
                -0.48175367410171377, 
                0.0, 
                -0.0788676012039478
            ], 
            [
                0.48175367410171377, 
                0.8763066800438645, 
                0.0, 
                -0.04335783066915424
            ], 
            [
                0.0, 
                0.0, 
                1.0, 
                0.1
            ], 
            [
                0.0, 
                0.0, 
                0.0, 
                1.0
            ]
        ], 
        [
            [
                0.8763066800438645, 
                -0.48175367410171377, 
                0.0, 
                -0.0788676012039478
            ], 
            [
                0.48175367410171377, 
                0.8763066800438645, 
                0.0, 
                -0.04335783066915424
            ], 
            [
                0.0, 
                0.0, 
                1.0, 
                0.0
            ], 
            [
                0.0, 
                0.0, 
                0.0, 
                1.0
            ]
        ], 
        [
            [
                0.8763066800438645, 
                -0.48175367410171377, 
                0.0, 
                0.5958885424298279
            ], 
            [
                0.48175367410171377, 
                0.8763066800438645, 
                0.0, 
                0.3275924983891654
            ], 
            [
                0.0, 
                0.0, 
                1.0, 
                0.0
            ], 
            [
                0.0, 
                0.0, 
                0.0, 
                1.0
            ]
        ], 
        [
            [
                0.8763066800438645, 
                -0.48175367410171377, 
                0.0, 
                0.5958885424298279
            ], 
            [
                0.48175367410171377, 
                0.8763066800438645, 
                0.0, 
                0.3275924983891654
            ], 
            [
                0.0, 
                0.0, 
                1.0, 
                0.1
            ], 
            [
                0.0, 
                0.0, 
                0.0, 
                1.0
            ]
        ]
    ], 
    "Teffectivestart_unhoveringstart": [
        [
            1.0, 
            -3.525493841940718e-18, 
            0.0, 
            0.7200000000000001
        ], 
        [
            -3.525493841940718e-18, 
            1.0, 
            0.0, 
            -6.308963096793286e-18
        ], 
        [
            0.0, 
            0.0, 
            1.0, 
            0.0
        ], 
        [
            0.0, 
            0.0, 
            0.0, 
            1.0
        ]
    ], 
    "raw sample file path": "learned_samples/ur/simulator/pointcloud/push/meiying_T_push_tool/meiying_tool_target/raw/raw_sample_24.txt", 
    "trajectory_thetas": [
        0.7200000000000001
    ], 
    "tool": "meiying_T_push_tool", 
    "Tworld_goalend": [
        [
            1.0, 
            3.525493841940718e-18, 
            0.0, 
            0.6309408096315824
        ], 
        [
            3.525493841940718e-18, 
            1.0, 
            0.0, 
            0.3468626453532339
        ], 
        [
            0.0, 
            0.0, 
            1.0, 
            0.0
        ], 
        [
            0.0, 
            0.0, 
            0.0, 
            1.0
        ]
    ], 
    "Tworld_toolend": [
        [
            0.8763066800438645, 
            -0.48175367410171377, 
            0.0, 
            0.5958885424298279
        ], 
        [
            0.48175367410171377, 
            0.8763066800438645, 
            0.0, 
            0.3275924983891654
        ], 
        [
            0.0, 
            0.0, 
            1.0, 
            0.0
        ], 
        [
            0.0, 
            0.0, 
            0.0, 
            1.0
        ]
    ], 
    "hovering_start": [
        [
            0.8763066800438645, 
            -0.48175367410171377, 
            0.0, 
            -0.0788676012039478
        ], 
        [
            0.48175367410171377, 
            0.8763066800438645, 
            0.0, 
            -0.04335783066915424
        ], 
        [
            0.0, 
            0.0, 
            1.0, 
            0.1
        ], 
        [
            0.0, 
            0.0, 
            0.0, 
            1.0
        ]
    ], 
    "v_start_tool_frame": [
        1.0, 
        -1.2958988409306297e-17, 
        0.0
    ], 
    "task": "push", 
    "unhovering_start": [
        [
            0.8763066800438645, 
            -0.48175367410171377, 
            0.0, 
            0.5958885424298279
        ], 
        [
            0.48175367410171377, 
            0.8763066800438645, 
            0.0, 
            0.3275924983891654
        ], 
        [
            0.0, 
            0.0, 
            1.0, 
            0.0
        ], 
        [
            0.0, 
            0.0, 
            0.0, 
            1.0
        ]
    ], 
    "Teffectivestart_hoveringend": [
        [
            1.0, 
            -3.525493841940718e-18, 
            0.0, 
            -0.050000000000000086
        ], 
        [
            -3.525493841940718e-18, 
            1.0, 
            0.0, 
            7.733712895710815e-18
        ], 
        [
            0.0, 
            0.0, 
            1.0, 
            0.0
        ], 
        [
            0.0, 
            0.0, 
            0.0, 
            1.0
        ]
    ], 
    "Tworld_toolstart": [
        [
            0.8763066800438645, 
            -0.48175367410171377, 
            0.0, 
            -0.03505226720175451
        ], 
        [
            0.48175367410171377, 
            0.8763066800438645, 
            0.0, 
            -0.01927014696406852
        ], 
        [
            0.0, 
            0.0, 
            1.0, 
            0.0
        ], 
        [
            0.0, 
            0.0, 
            0.0, 
            1.0
        ]
    ], 
    "unhovering_end": [
        [
            0.8763066800438645, 
            -0.48175367410171377, 
            0.0, 
            0.5958885424298279
        ], 
        [
            0.48175367410171377, 
            0.8763066800438645, 
            0.0, 
            0.3275924983891654
        ], 
        [
            0.0, 
            0.0, 
            1.0, 
            0.1
        ], 
        [
            0.0, 
            0.0, 
            0.0, 
            1.0
        ]
    ], 
    "trajectory_screw_axes": [
        [
            -0.0, 
            -0.0, 
            -0.0, 
            -1.0, 
            1.2958988409306297e-17, 
            -0.0
        ]
    ]
}