{
    "Tworld_goalstart": [
        [
            1.0, 
            2.5079129677996607e-17, 
            0.0, 
            0.0
        ], 
        [
            2.5079129677996607e-17, 
            0.9999999999999999, 
            0.0, 
            0.0
        ], 
        [
            0.0, 
            0.0, 
            1.0, 
            0.0
        ], 
        [
            0.0, 
            0.0, 
            0.0, 
            1.0
        ]
    ], 
    "Teffectivestart_hoveringstart": [
        [
            0.9999999999999998, 
            4.5689149308745953e-17, 
            0.0, 
            -0.04999999999999995
        ], 
        [
            4.5689149308745953e-17, 
            0.9999999999999999, 
            0.0, 
            1.781320198684135e-17
        ], 
        [
            0.0, 
            0.0, 
            1.0, 
            0.1
        ], 
        [
            0.0, 
            0.0, 
            0.0, 
            1.0
        ]
    ], 
    "hovering_end": [
        [
            -0.6374239897486902, 
            -0.7705132427757888, 
            0.0, 
            0.057368159077382117
        ], 
        [
            0.7705132427757887, 
            -0.6374239897486902, 
            0.0, 
            -0.06934619184982098
        ], 
        [
            0.0, 
            0.0, 
            1.0, 
            0.0
        ], 
        [
            0.0, 
            0.0, 
            0.0, 
            1.0
        ]
    ], 
    "sample file path": "learned_samples/ur/simulator/pointcloud/push/meiying_T_push_tool/meiying_tool_target/sample/sample_17.txt", 
    "v_start_goal_frame": [
        -0.6374239897486903, 
        0.7705132427757884, 
        0.0
    ], 
    "Teffectiveend_unhoveringend": [
        [
            0.9999999999999998, 
            4.5689149308745953e-17, 
            0.0, 
            0.0
        ], 
        [
            4.5689149308745953e-17, 
            0.9999999999999999, 
            0.0, 
            8.053826199960683e-18
        ], 
        [
            0.0, 
            0.0, 
            1.0, 
            0.1
        ], 
        [
            0.0, 
            0.0, 
            0.0, 
            1.0
        ]
    ], 
    "task_type": "pose_change", 
    "goal": "meiying_tool_target", 
    "trajectory": [
        [
            [
                0.9999999999999998, 
                4.5689149308745953e-17, 
                0.0, 
                0.0
            ], 
            [
                4.5689149308745953e-17, 
                0.9999999999999999, 
                0.0, 
                -2.63710377412653e-19
            ], 
            [
                0.0, 
                0.0, 
                1.0, 
                0.0
            ], 
            [
                0.0, 
                0.0, 
                0.0, 
                1.0
            ]
        ], 
        [
            [
                0.9999999999999998, 
                4.5689149308745953e-17, 
                0.0, 
                0.5099999999999999
            ], 
            [
                4.5689149308745953e-17, 
                0.9999999999999999, 
                0.0, 
                6.703442438317212e-17
            ], 
            [
                0.0, 
                0.0, 
                1.0, 
                0.0
            ], 
            [
                0.0, 
                0.0, 
                0.0, 
                1.0
            ]
        ]
    ], 
    "tool_contact_area_index": [
        155, 
        160, 
        161, 
        167, 
        382, 
        383, 
        386, 
        388, 
        389, 
        391, 
        418, 
        422, 
        735, 
        736, 
        737, 
        738, 
        747, 
        748, 
        749, 
        750, 
        753, 
        754, 
        756, 
        1282, 
        1283, 
        1296, 
        1297, 
        1298, 
        1301, 
        1303, 
        1304, 
        1305, 
        1306, 
        1309, 
        1317, 
        1527, 
        2597, 
        2598, 
        2599, 
        2919, 
        2920, 
        2921, 
        2922, 
        2923, 
        2924, 
        2925, 
        2926, 
        2927, 
        2928, 
        2929, 
        2930, 
        2931, 
        2932, 
        2933, 
        2934, 
        2935, 
        2936, 
        2937, 
        2938, 
        2939, 
        2943, 
        4282, 
        4283, 
        4285, 
        4287, 
        4288, 
        4290, 
        4299, 
        4466, 
        4539, 
        4540, 
        4541, 
        4542, 
        4543, 
        4544, 
        4545, 
        4546, 
        4547, 
        4548, 
        4549, 
        4550, 
        4551, 
        4552, 
        4553, 
        4554, 
        4563, 
        4564, 
        4565, 
        4579, 
        4766, 
        4777, 
        4778, 
        4779, 
        4780, 
        4781, 
        4782, 
        4795, 
        6053, 
        6055, 
        6056, 
        6067, 
        6071, 
        6079, 
        6297, 
        6298, 
        6299, 
        6300, 
        6301, 
        6302, 
        6480, 
        6481, 
        6512, 
        6514, 
        7723, 
        7724, 
        7725, 
        7726, 
        7736, 
        7737, 
        7738, 
        7739, 
        7740, 
        7741, 
        7742, 
        7743, 
        7744, 
        7745, 
        7746, 
        7747, 
        7748, 
        7749, 
        7750, 
        7751, 
        7752, 
        7753, 
        7754, 
        7755, 
        7756, 
        7757, 
        7758, 
        7759, 
        7760, 
        7761, 
        7762, 
        7763, 
        7764, 
        7765, 
        7766, 
        7767, 
        7768, 
        7769, 
        7883, 
        7884, 
        7885, 
        7886, 
        7887, 
        7917, 
        7918, 
        7919, 
        7922, 
        7924, 
        7927, 
        7928, 
        7929, 
        7930, 
        7931, 
        7932, 
        7933, 
        7934, 
        7935, 
        7936, 
        7937, 
        7938, 
        7939, 
        7940, 
        7941, 
        7942, 
        7943, 
        7945, 
        7946, 
        7947, 
        7948
    ], 
    "v_start_world_frame": [
        -0.6374239897486903, 
        0.7705132427757885, 
        0.0
    ], 
    "Ttool_goal": [
        [
            -0.6374239897486902, 
            0.7705132427757887, 
            0.0, 
            0.040000000000000036
        ], 
        [
            -0.7705132427757888, 
            -0.6374239897486902, 
            0.0, 
            2.939811879997768e-17
        ], 
        [
            0.0, 
            0.0, 
            1.0, 
            0.0
        ], 
        [
            0.0, 
            0.0, 
            0.0, 
            1.0
        ]
    ], 
    "tool_trajectory_world_frame": [
        [
            [
                -0.6374239897486902, 
                -0.7705132427757888, 
                0.0, 
                0.057368159077382117
            ], 
            [
                0.7705132427757888, 
                -0.6374239897486902, 
                0.0, 
                -0.06934619184982099
            ], 
            [
                0.0, 
                0.0, 
                1.0, 
                0.1
            ], 
            [
                0.0, 
                0.0, 
                0.0, 
                1.0
            ]
        ], 
        [
            [
                -0.6374239897486902, 
                -0.7705132427757888, 
                0.0, 
                0.057368159077382117
            ], 
            [
                0.7705132427757888, 
                -0.6374239897486902, 
                0.0, 
                -0.06934619184982099
            ], 
            [
                0.0, 
                0.0, 
                1.0, 
                0.0
            ], 
            [
                0.0, 
                0.0, 
                0.0, 
                1.0
            ]
        ], 
        [
            [
                -0.6374239897486902, 
                -0.7705132427757888, 
                0.0, 
                -0.2995892751818844
            ], 
            [
                0.7705132427757888, 
                -0.6374239897486902, 
                0.0, 
                0.36214122410462074
            ], 
            [
                0.0, 
                0.0, 
                1.0, 
                0.0
            ], 
            [
                0.0, 
                0.0, 
                0.0, 
                1.0
            ]
        ], 
        [
            [
                -0.6374239897486902, 
                -0.7705132427757888, 
                0.0, 
                -0.2995892751818844
            ], 
            [
                0.7705132427757888, 
                -0.6374239897486902, 
                0.0, 
                0.36214122410462074
            ], 
            [
                0.0, 
                0.0, 
                1.0, 
                0.1
            ], 
            [
                0.0, 
                0.0, 
                0.0, 
                1.0
            ]
        ]
    ], 
    "goal_contact_area_index": [
        2348, 
        2684, 
        2691, 
        2692, 
        2696, 
        2698, 
        2699, 
        2702, 
        2705, 
        2706, 
        2709, 
        2710, 
        2711, 
        2712, 
        2713, 
        2714, 
        2715, 
        2719, 
        2720, 
        2721, 
        2722, 
        2723, 
        2724, 
        2725, 
        2726, 
        2727, 
        2729, 
        2730, 
        2731, 
        2733, 
        2734, 
        2735, 
        2736, 
        2737, 
        2738, 
        2739, 
        2740, 
        2741, 
        2742, 
        2743, 
        2744, 
        2745, 
        2746, 
        2747, 
        2748, 
        2749, 
        2750, 
        2751, 
        2752, 
        2933, 
        2936, 
        2937, 
        2938, 
        2939, 
        2940, 
        2941, 
        2942, 
        2943, 
        2944, 
        2945, 
        2946, 
        2947, 
        2948, 
        2949, 
        2950, 
        2951, 
        2952, 
        2953, 
        2955, 
        2956, 
        2957, 
        2960, 
        2963, 
        2964, 
        2967, 
        2971, 
        3254, 
        3259, 
        3260, 
        3262, 
        3263, 
        3265, 
        3266, 
        3267, 
        3270, 
        3271, 
        3272, 
        3273, 
        3274, 
        3275, 
        3276, 
        3277, 
        3278, 
        3279, 
        3280, 
        3281, 
        3282, 
        3286, 
        3287, 
        3288, 
        3289, 
        3290, 
        3291, 
        3292, 
        3293, 
        3294, 
        3295, 
        3298, 
        3299, 
        3301, 
        3302, 
        3303, 
        3304, 
        3305, 
        3306, 
        3307, 
        3308, 
        3309, 
        3310, 
        3312, 
        3313, 
        3315, 
        3316, 
        3317, 
        3318, 
        3319, 
        3320, 
        3321, 
        3322, 
        3325, 
        3326, 
        3327, 
        3328, 
        3329, 
        3330, 
        3331, 
        3332, 
        3334, 
        3335, 
        3337, 
        3339, 
        3340, 
        3341, 
        3343, 
        3344, 
        3345, 
        3349, 
        3357, 
        3359, 
        3362, 
        3363, 
        3365, 
        3368, 
        3369, 
        3371, 
        3372, 
        3373, 
        3375, 
        3379, 
        3383, 
        3387, 
        3390, 
        3554, 
        3555, 
        3557, 
        3560, 
        3562, 
        3570, 
        3576, 
        3577, 
        3578, 
        3579, 
        3580, 
        3581, 
        3582, 
        3583, 
        3584, 
        3585, 
        3586, 
        3587, 
        3588, 
        3589, 
        3590, 
        3591, 
        3592, 
        3593, 
        3594, 
        3595, 
        3596, 
        3597, 
        3598, 
        3599, 
        3600, 
        3601, 
        3602, 
        3603, 
        3604, 
        3605, 
        3606, 
        3607, 
        3608, 
        3609, 
        3610, 
        3612, 
        3613, 
        3614, 
        3615, 
        3616, 
        3617, 
        3618, 
        3619, 
        3620, 
        3621, 
        3622, 
        3623, 
        3624, 
        3625, 
        3626, 
        3627, 
        3628, 
        3629, 
        3630, 
        3631, 
        3632, 
        3633, 
        3634, 
        3635, 
        3636, 
        3638, 
        3639, 
        3640, 
        3642, 
        3675, 
        3861, 
        3862, 
        3863, 
        3864, 
        3865, 
        3866, 
        3867, 
        3868, 
        3870, 
        3871, 
        3877, 
        3880, 
        3881, 
        3882, 
        3884, 
        3886, 
        3888, 
        3889, 
        3891, 
        3892, 
        3896, 
        3899, 
        3901, 
        3903, 
        3904, 
        3905, 
        3917, 
        4061, 
        4064, 
        4066
    ], 
    "changing_point": [
        1, 
        -2
    ], 
    "tool_trajectory_goal_frame": [
        [
            [
                -0.6374239897486902, 
                -0.7705132427757888, 
                0.0, 
                0.057368159077382117
            ], 
            [
                0.7705132427757887, 
                -0.6374239897486902, 
                0.0, 
                -0.06934619184982098
            ], 
            [
                0.0, 
                0.0, 
                1.0, 
                0.1
            ], 
            [
                0.0, 
                0.0, 
                0.0, 
                1.0
            ]
        ], 
        [
            [
                -0.6374239897486902, 
                -0.7705132427757888, 
                0.0, 
                0.057368159077382117
            ], 
            [
                0.7705132427757887, 
                -0.6374239897486902, 
                0.0, 
                -0.06934619184982098
            ], 
            [
                0.0, 
                0.0, 
                1.0, 
                0.0
            ], 
            [
                0.0, 
                0.0, 
                0.0, 
                1.0
            ]
        ], 
        [
            [
                -0.6374239897486902, 
                -0.7705132427757888, 
                0.0, 
                -0.2995892751818844
            ], 
            [
                0.7705132427757887, 
                -0.6374239897486902, 
                0.0, 
                0.3621412241046207
            ], 
            [
                0.0, 
                0.0, 
                1.0, 
                0.0
            ], 
            [
                0.0, 
                0.0, 
                0.0, 
                1.0
            ]
        ], 
        [
            [
                -0.6374239897486902, 
                -0.7705132427757888, 
                0.0, 
                -0.2995892751818844
            ], 
            [
                0.7705132427757887, 
                -0.6374239897486902, 
                0.0, 
                0.3621412241046207
            ], 
            [
                0.0, 
                0.0, 
                1.0, 
                0.1
            ], 
            [
                0.0, 
                0.0, 
                0.0, 
                1.0
            ]
        ]
    ], 
    "Teffectivestart_unhoveringstart": [
        [
            0.9999999999999998, 
            4.5689149308745953e-17, 
            0.0, 
            0.51
        ], 
        [
            4.5689149308745953e-17, 
            0.9999999999999999, 
            0.0, 
            6.520752061556728e-17
        ], 
        [
            0.0, 
            0.0, 
            1.0, 
            0.0
        ], 
        [
            0.0, 
            0.0, 
            0.0, 
            1.0
        ]
    ], 
    "raw sample file path": "learned_samples/ur/simulator/pointcloud/push/meiying_T_push_tool/meiying_tool_target/raw/raw_sample_17.txt", 
    "trajectory_thetas": [
        0.5099999999999998
    ], 
    "tool": "meiying_T_push_tool", 
    "Tworld_goalend": [
        [
            1.0, 
            2.5079129677996607e-17, 
            0.0, 
            -0.325086234771832
        ], 
        [
            2.5079129677996607e-17, 
            0.9999999999999999, 
            0.0, 
            0.3929617538156523
        ], 
        [
            0.0, 
            0.0, 
            1.0, 
            0.0
        ], 
        [
            0.0, 
            0.0, 
            0.0, 
            1.0
        ]
    ], 
    "Tworld_toolend": [
        [
            -0.6374239897486902, 
            -0.7705132427757888, 
            0.0, 
            -0.2995892751818844
        ], 
        [
            0.7705132427757888, 
            -0.6374239897486902, 
            0.0, 
            0.36214122410462074
        ], 
        [
            0.0, 
            0.0, 
            1.0, 
            0.0
        ], 
        [
            0.0, 
            0.0, 
            0.0, 
            1.0
        ]
    ], 
    "hovering_start": [
        [
            -0.6374239897486902, 
            -0.7705132427757888, 
            0.0, 
            0.057368159077382117
        ], 
        [
            0.7705132427757887, 
            -0.6374239897486902, 
            0.0, 
            -0.06934619184982098
        ], 
        [
            0.0, 
            0.0, 
            1.0, 
            0.1
        ], 
        [
            0.0, 
            0.0, 
            0.0, 
            1.0
        ]
    ], 
    "v_start_tool_frame": [
        1.0, 
        1.7764627629028478e-16, 
        0.0
    ], 
    "task": "push", 
    "unhovering_start": [
        [
            -0.6374239897486902, 
            -0.7705132427757888, 
            0.0, 
            -0.2995892751818844
        ], 
        [
            0.7705132427757887, 
            -0.6374239897486902, 
            0.0, 
            0.3621412241046207
        ], 
        [
            0.0, 
            0.0, 
            1.0, 
            0.0
        ], 
        [
            0.0, 
            0.0, 
            0.0, 
            1.0
        ]
    ], 
    "Teffectivestart_hoveringend": [
        [
            0.9999999999999998, 
            4.5689149308745953e-17, 
            0.0, 
            -0.04999999999999995
        ], 
        [
            4.5689149308745953e-17, 
            0.9999999999999999, 
            0.0, 
            1.781320198684135e-17
        ], 
        [
            0.0, 
            0.0, 
            1.0, 
            0.0
        ], 
        [
            0.0, 
            0.0, 
            0.0, 
            1.0
        ]
    ], 
    "Tworld_toolstart": [
        [
            -0.6374239897486902, 
            -0.7705132427757888, 
            0.0, 
            0.025496959589947653
        ], 
        [
            0.7705132427757886, 
            -0.6374239897486902, 
            0.0, 
            -0.030820529711031556
        ], 
        [
            0.0, 
            0.0, 
            1.0, 
            0.0
        ], 
        [
            0.0, 
            0.0, 
            0.0, 
            1.0
        ]
    ], 
    "unhovering_end": [
        [
            -0.6374239897486902, 
            -0.7705132427757888, 
            0.0, 
            -0.2995892751818844
        ], 
        [
            0.7705132427757887, 
            -0.6374239897486902, 
            0.0, 
            0.3621412241046207
        ], 
        [
            0.0, 
            0.0, 
            1.0, 
            0.1
        ], 
        [
            0.0, 
            0.0, 
            0.0, 
            1.0
        ]
    ], 
    "trajectory_screw_axes": [
        [
            -0.0, 
            -0.0, 
            -0.0, 
            -1.0, 
            -1.7764627629028478e-16, 
            -0.0
        ]
    ]
}