{
    "Tworld_goalstart": [
        [
            0.9999999999999999, 
            9.381188111297005e-18, 
            0.0, 
            0.0
        ], 
        [
            9.381188111297005e-18, 
            0.9999999999999999, 
            0.0, 
            0.0
        ], 
        [
            0.0, 
            0.0, 
            1.0, 
            0.0
        ], 
        [
            0.0, 
            0.0, 
            0.0, 
            1.0
        ]
    ], 
    "Teffectivestart_hoveringstart": [
        [
            0.9999999999999997, 
            -2.2904501935825037e-17, 
            0.0, 
            -0.04999999999999988
        ], 
        [
            -2.2904501935825037e-17, 
            0.9999999999999997, 
            0.0, 
            -1.2826559526831523e-18
        ], 
        [
            0.0, 
            0.0, 
            1.0, 
            0.1
        ], 
        [
            0.0, 
            0.0, 
            0.0, 
            1.0
        ]
    ], 
    "hovering_end": [
        [
            -0.4257792915650729, 
            -0.9048270524660192, 
            0.0, 
            0.038320136240856555
        ], 
        [
            0.9048270524660192, 
            -0.4257792915650729, 
            0.0, 
            -0.08143443472194173
        ], 
        [
            0.0, 
            0.0, 
            1.0, 
            0.0
        ], 
        [
            0.0, 
            0.0, 
            0.0, 
            1.0
        ]
    ], 
    "sample file path": "learned_samples/ur/simulator/pointcloud/push/meiying_T_push_tool/meiying_tool_target/sample/sample_18.txt", 
    "v_start_goal_frame": [
        -0.4257792915650727, 
        0.904827052466019, 
        0.0
    ], 
    "Teffectiveend_unhoveringend": [
        [
            0.9999999999999997, 
            -2.2904501935825037e-17, 
            0.0, 
            0.0
        ], 
        [
            -2.2904501935825037e-17, 
            0.9999999999999997, 
            0.0, 
            -1.1452250967912518e-17
        ], 
        [
            0.0, 
            0.0, 
            1.0, 
            0.1
        ], 
        [
            0.0, 
            0.0, 
            0.0, 
            1.0
        ]
    ], 
    "task_type": "pose_change", 
    "goal": "meiying_tool_target", 
    "trajectory": [
        [
            [
                0.9999999999999997, 
                -2.2904501935825037e-17, 
                0.0, 
                0.0
            ], 
            [
                -2.2904501935825037e-17, 
                0.9999999999999997, 
                0.0, 
                -7.460665561780618e-19
            ], 
            [
                0.0, 
                0.0, 
                1.0, 
                0.0
            ], 
            [
                0.0, 
                0.0, 
                0.0, 
                1.0
            ]
        ], 
        [
            [
                0.9999999999999997, 
                -2.2904501935825037e-17, 
                0.0, 
                0.5399999999999999
            ], 
            [
                -2.2904501935825037e-17, 
                0.9999999999999997, 
                0.0, 
                -2.0125868347796554e-17
            ], 
            [
                0.0, 
                0.0, 
                1.0, 
                0.0
            ], 
            [
                0.0, 
                0.0, 
                0.0, 
                1.0
            ]
        ]
    ], 
    "tool_contact_area_index": [
        155, 
        164, 
        166, 
        167, 
        388, 
        389, 
        390, 
        419, 
        747, 
        749, 
        755, 
        1281, 
        1282, 
        1292, 
        1294, 
        1298, 
        1300, 
        1304, 
        1305, 
        1309, 
        2597, 
        2598, 
        2599, 
        2920, 
        2921, 
        2925, 
        2926, 
        2927, 
        2928, 
        2929, 
        2931, 
        2932, 
        2933, 
        2934, 
        2938, 
        2941, 
        2944, 
        4283, 
        4285, 
        4286, 
        4287, 
        4288, 
        4299, 
        4539, 
        4540, 
        4541, 
        4542, 
        4543, 
        4544, 
        4545, 
        4546, 
        4547, 
        4548, 
        4549, 
        4550, 
        4551, 
        4552, 
        4554, 
        4563, 
        4564, 
        4565, 
        4764, 
        4775, 
        4777, 
        4778, 
        4779, 
        4780, 
        4781, 
        4782, 
        4795, 
        4796, 
        6297, 
        6298, 
        6300, 
        6301, 
        6302, 
        6480, 
        6481, 
        6512, 
        6513, 
        6514, 
        7634, 
        7723, 
        7724, 
        7725, 
        7726, 
        7736, 
        7737, 
        7738, 
        7739, 
        7740, 
        7741, 
        7742, 
        7743, 
        7744, 
        7745, 
        7746, 
        7747, 
        7748, 
        7749, 
        7750, 
        7751, 
        7753, 
        7754, 
        7757, 
        7758, 
        7759, 
        7760, 
        7761, 
        7762, 
        7763, 
        7764, 
        7765, 
        7766, 
        7767, 
        7768, 
        7769, 
        7883, 
        7884, 
        7885, 
        7886, 
        7887, 
        7917, 
        7918, 
        7919, 
        7922, 
        7924, 
        7925, 
        7928, 
        7929, 
        7930, 
        7931, 
        7932, 
        7933, 
        7934, 
        7935, 
        7936, 
        7937, 
        7938, 
        7939, 
        7940, 
        7941, 
        7942, 
        7943, 
        7944, 
        7945, 
        7946, 
        7947, 
        7948
    ], 
    "v_start_world_frame": [
        -0.42577929156507277, 
        0.9048270524660191, 
        0.0
    ], 
    "Ttool_goal": [
        [
            -0.4257792915650729, 
            0.9048270524660192, 
            0.0, 
            0.04000000000000009
        ], 
        [
            -0.9048270524660192, 
            -0.4257792915650729, 
            0.0, 
            -6.089267550539348e-18
        ], 
        [
            0.0, 
            0.0, 
            1.0, 
            0.0
        ], 
        [
            0.0, 
            0.0, 
            0.0, 
            1.0
        ]
    ], 
    "tool_trajectory_world_frame": [
        [
            [
                -0.42577929156507294, 
                -0.9048270524660194, 
                0.0, 
                0.03832013624085656
            ], 
            [
                0.9048270524660194, 
                -0.42577929156507294, 
                0.0, 
                -0.08143443472194174
            ], 
            [
                0.0, 
                0.0, 
                1.0, 
                0.1
            ], 
            [
                0.0, 
                0.0, 
                0.0, 
                1.0
            ]
        ], 
        [
            [
                -0.42577929156507294, 
                -0.9048270524660194, 
                0.0, 
                0.03832013624085656
            ], 
            [
                0.9048270524660194, 
                -0.42577929156507294, 
                0.0, 
                -0.08143443472194174
            ], 
            [
                0.0, 
                0.0, 
                1.0, 
                0.0
            ], 
            [
                0.0, 
                0.0, 
                0.0, 
                1.0
            ]
        ], 
        [
            [
                -0.42577929156507294, 
                -0.9048270524660194, 
                0.0, 
                -0.21288964578253647
            ], 
            [
                0.9048270524660194, 
                -0.42577929156507294, 
                0.0, 
                0.4524135262330097
            ], 
            [
                0.0, 
                0.0, 
                1.0, 
                0.0
            ], 
            [
                0.0, 
                0.0, 
                0.0, 
                1.0
            ]
        ], 
        [
            [
                -0.42577929156507294, 
                -0.9048270524660194, 
                0.0, 
                -0.21288964578253647
            ], 
            [
                0.9048270524660194, 
                -0.42577929156507294, 
                0.0, 
                0.4524135262330097
            ], 
            [
                0.0, 
                0.0, 
                1.0, 
                0.1
            ], 
            [
                0.0, 
                0.0, 
                0.0, 
                1.0
            ]
        ]
    ], 
    "goal_contact_area_index": [
        2738, 
        2740, 
        2743, 
        2747, 
        2750, 
        2937, 
        2938, 
        2940, 
        2941, 
        2943, 
        2944, 
        2945, 
        2946, 
        2947, 
        2948, 
        2949, 
        2950, 
        2951, 
        2952, 
        2953, 
        2954, 
        2956, 
        2957, 
        2958, 
        2959, 
        2961, 
        2963, 
        2964, 
        2967, 
        3299, 
        3302, 
        3308, 
        3309, 
        3311, 
        3316, 
        3319, 
        3321, 
        3323, 
        3324, 
        3326, 
        3327, 
        3330, 
        3332, 
        3333, 
        3336, 
        3337, 
        3338, 
        3339, 
        3340, 
        3341, 
        3342, 
        3343, 
        3344, 
        3345, 
        3346, 
        3347, 
        3348, 
        3349, 
        3351, 
        3352, 
        3354, 
        3355, 
        3357, 
        3358, 
        3359, 
        3360, 
        3365, 
        3369, 
        3371, 
        3373, 
        3374, 
        3379, 
        3380, 
        3382, 
        3383, 
        3388, 
        3389, 
        3390, 
        3591, 
        3597, 
        3598, 
        3600, 
        3601, 
        3602, 
        3604, 
        3605, 
        3609, 
        3610, 
        3611, 
        3612, 
        3613, 
        3614, 
        3615, 
        3616, 
        3618, 
        3619, 
        3620, 
        3621, 
        3622, 
        3623, 
        3624, 
        3625, 
        3626, 
        3627, 
        3628, 
        3629, 
        3630, 
        3631, 
        3632, 
        3633, 
        3634, 
        3635, 
        3636, 
        3637, 
        3638, 
        3639, 
        3640, 
        3641, 
        3642, 
        3648, 
        3650, 
        3655, 
        3656, 
        3657, 
        3658, 
        3660, 
        3661, 
        3665, 
        3666, 
        3668, 
        3669, 
        3670, 
        3674, 
        3675, 
        3677, 
        3678, 
        3680, 
        3682, 
        3683, 
        3873, 
        3876, 
        3877, 
        3878, 
        3881, 
        3885, 
        3886, 
        3889, 
        3890, 
        3891, 
        3892, 
        3893, 
        3894, 
        3896, 
        3898, 
        3899, 
        3900, 
        3901, 
        3902, 
        3903, 
        3904, 
        3905, 
        3906, 
        3907, 
        3908, 
        3909, 
        3910, 
        3911, 
        3912, 
        3913, 
        3914, 
        3915, 
        3916, 
        3917, 
        3918, 
        3919, 
        3920, 
        3921, 
        3924, 
        3925, 
        3926, 
        3927, 
        3928, 
        3931, 
        3932, 
        3934, 
        3936, 
        3937, 
        3938, 
        3939, 
        4094, 
        4101, 
        4102, 
        4103, 
        4104, 
        4105, 
        4106, 
        4107, 
        4108, 
        4109, 
        4110, 
        4113, 
        4114, 
        4115, 
        4116, 
        4117, 
        4118, 
        4119, 
        4121, 
        4122, 
        4123, 
        4124, 
        4126, 
        4127, 
        4128, 
        4129, 
        4131, 
        4132, 
        4135, 
        4136, 
        4138, 
        4139, 
        4140, 
        4309, 
        4319, 
        4325
    ], 
    "changing_point": [
        1, 
        -2
    ], 
    "tool_trajectory_goal_frame": [
        [
            [
                -0.4257792915650729, 
                -0.9048270524660192, 
                0.0, 
                0.038320136240856555
            ], 
            [
                0.9048270524660192, 
                -0.4257792915650729, 
                0.0, 
                -0.08143443472194173
            ], 
            [
                0.0, 
                0.0, 
                1.0, 
                0.1
            ], 
            [
                0.0, 
                0.0, 
                0.0, 
                1.0
            ]
        ], 
        [
            [
                -0.4257792915650729, 
                -0.9048270524660192, 
                0.0, 
                0.038320136240856555
            ], 
            [
                0.9048270524660192, 
                -0.4257792915650729, 
                0.0, 
                -0.08143443472194173
            ], 
            [
                0.0, 
                0.0, 
                1.0, 
                0.0
            ], 
            [
                0.0, 
                0.0, 
                0.0, 
                1.0
            ]
        ], 
        [
            [
                -0.4257792915650729, 
                -0.9048270524660192, 
                0.0, 
                -0.21288964578253644
            ], 
            [
                0.9048270524660192, 
                -0.4257792915650729, 
                0.0, 
                0.4524135262330096
            ], 
            [
                0.0, 
                0.0, 
                1.0, 
                0.0
            ], 
            [
                0.0, 
                0.0, 
                0.0, 
                1.0
            ]
        ], 
        [
            [
                -0.4257792915650729, 
                -0.9048270524660192, 
                0.0, 
                -0.21288964578253644
            ], 
            [
                0.9048270524660192, 
                -0.4257792915650729, 
                0.0, 
                0.4524135262330096
            ], 
            [
                0.0, 
                0.0, 
                1.0, 
                0.1
            ], 
            [
                0.0, 
                0.0, 
                0.0, 
                1.0
            ]
        ]
    ], 
    "Teffectivestart_unhoveringstart": [
        [
            0.9999999999999997, 
            -2.2904501935825037e-17, 
            0.0, 
            0.5399999999999999
        ], 
        [
            -2.2904501935825037e-17, 
            0.9999999999999997, 
            0.0, 
            -1.7541518518451866e-17
        ], 
        [
            0.0, 
            0.0, 
            1.0, 
            0.0
        ], 
        [
            0.0, 
            0.0, 
            0.0, 
            1.0
        ]
    ], 
    "raw sample file path": "learned_samples/ur/simulator/pointcloud/push/meiying_T_push_tool/meiying_tool_target/raw/raw_sample_18.txt", 
    "trajectory_thetas": [
        0.5399999999999997
    ], 
    "tool": "meiying_T_push_tool", 
    "Tworld_goalend": [
        [
            0.9999999999999999, 
            9.381188111297005e-18, 
            0.0, 
            -0.2299208174451394
        ], 
        [
            9.381188111297005e-18, 
            0.9999999999999999, 
            0.0, 
            0.4886066083316505
        ], 
        [
            0.0, 
            0.0, 
            1.0, 
            0.0
        ], 
        [
            0.0, 
            0.0, 
            0.0, 
            1.0
        ]
    ], 
    "Tworld_toolend": [
        [
            -0.42577929156507294, 
            -0.9048270524660194, 
            0.0, 
            -0.21288964578253647
        ], 
        [
            0.9048270524660194, 
            -0.42577929156507294, 
            0.0, 
            0.4524135262330097
        ], 
        [
            0.0, 
            0.0, 
            1.0, 
            0.0
        ], 
        [
            0.0, 
            0.0, 
            0.0, 
            1.0
        ]
    ], 
    "hovering_start": [
        [
            -0.4257792915650729, 
            -0.9048270524660192, 
            0.0, 
            0.038320136240856555
        ], 
        [
            0.9048270524660192, 
            -0.4257792915650729, 
            0.0, 
            -0.08143443472194173
        ], 
        [
            0.0, 
            0.0, 
            1.0, 
            0.1
        ], 
        [
            0.0, 
            0.0, 
            0.0, 
            1.0
        ]
    ], 
    "v_start_tool_frame": [
        1.0, 
        -5.879302377215559e-17, 
        0.0
    ], 
    "task": "push", 
    "unhovering_start": [
        [
            -0.4257792915650729, 
            -0.9048270524660192, 
            0.0, 
            -0.21288964578253644
        ], 
        [
            0.9048270524660192, 
            -0.4257792915650729, 
            0.0, 
            0.4524135262330096
        ], 
        [
            0.0, 
            0.0, 
            1.0, 
            0.0
        ], 
        [
            0.0, 
            0.0, 
            0.0, 
            1.0
        ]
    ], 
    "Teffectivestart_hoveringend": [
        [
            0.9999999999999997, 
            -2.2904501935825037e-17, 
            0.0, 
            -0.04999999999999988
        ], 
        [
            -2.2904501935825037e-17, 
            0.9999999999999997, 
            0.0, 
            -1.2826559526831523e-18
        ], 
        [
            0.0, 
            0.0, 
            1.0, 
            0.0
        ], 
        [
            0.0, 
            0.0, 
            0.0, 
            1.0
        ]
    ], 
    "Tworld_toolstart": [
        [
            -0.4257792915650728, 
            -0.9048270524660191, 
            0.0, 
            0.017031171662602942
        ], 
        [
            0.9048270524660191, 
            -0.4257792915650728, 
            0.0, 
            -0.03619308209864085
        ], 
        [
            0.0, 
            0.0, 
            1.0, 
            0.0
        ], 
        [
            0.0, 
            0.0, 
            0.0, 
            1.0
        ]
    ], 
    "unhovering_end": [
        [
            -0.4257792915650729, 
            -0.9048270524660192, 
            0.0, 
            -0.21288964578253644
        ], 
        [
            0.9048270524660192, 
            -0.4257792915650729, 
            0.0, 
            0.4524135262330096
        ], 
        [
            0.0, 
            0.0, 
            1.0, 
            0.1
        ], 
        [
            0.0, 
            0.0, 
            0.0, 
            1.0
        ]
    ], 
    "trajectory_screw_axes": [
        [
            -0.0, 
            -0.0, 
            -0.0, 
            -1.0, 
            5.879302377215559e-17, 
            -0.0
        ]
    ]
}