{
    "Tworld_goalstart": [
        [
            1.0, 
            -4.340056497651562e-18, 
            0.0, 
            0.0
        ], 
        [
            -4.340056497651562e-18, 
            1.0, 
            0.0, 
            0.0
        ], 
        [
            0.0, 
            0.0, 
            1.0, 
            0.0
        ], 
        [
            0.0, 
            0.0, 
            0.0, 
            1.0
        ]
    ], 
    "Teffectivestart_hoveringstart": [
        [
            1.0, 
            4.340056497651562e-18, 
            0.0, 
            -0.049999999999999975
        ], 
        [
            4.340056497651562e-18, 
            1.0, 
            0.0, 
            -5.066120226624619e-18
        ], 
        [
            0.0, 
            0.0, 
            1.0, 
            0.1
        ], 
        [
            0.0, 
            0.0, 
            0.0, 
            1.0
        ]
    ], 
    "hovering_end": [
        [
            0.06279051952931372, 
            -0.9980267284282716, 
            0.0, 
            -0.005651146757638234
        ], 
        [
            0.9980267284282716, 
            0.06279051952931372, 
            0.0, 
            -0.08982240555854444
        ], 
        [
            0.0, 
            0.0, 
            1.0, 
            0.0
        ], 
        [
            0.0, 
            0.0, 
            0.0, 
            1.0
        ]
    ], 
    "sample file path": "learned_samples/ur/simulator/pointcloud/push/meiying_T_push_tool/meiying_tool_target/sample/sample_20.txt", 
    "v_start_goal_frame": [
        0.06279051952931372, 
        0.9980267284282716, 
        0.0
    ], 
    "Teffectiveend_unhoveringend": [
        [
            1.0, 
            4.340056497651562e-18, 
            0.0, 
            0.0
        ], 
        [
            4.340056497651562e-18, 
            1.0, 
            0.0, 
            -3.123263816205287e-18
        ], 
        [
            0.0, 
            0.0, 
            1.0, 
            0.1
        ], 
        [
            0.0, 
            0.0, 
            0.0, 
            1.0
        ]
    ], 
    "task_type": "pose_change", 
    "goal": "meiying_tool_target", 
    "trajectory": [
        [
            [
                1.0, 
                4.340056497651562e-18, 
                0.0, 
                0.0
            ], 
            [
                4.340056497651562e-18, 
                1.0, 
                0.0, 
                -9.791313147346888e-20
            ], 
            [
                0.0, 
                0.0, 
                1.0, 
                0.0
            ], 
            [
                0.0, 
                0.0, 
                0.0, 
                1.0
            ]
        ], 
        [
            [
                1.0, 
                4.340056497651562e-18, 
                0.0, 
                0.6000000000000001
            ], 
            [
                4.340056497651562e-18, 
                1.0, 
                0.0, 
                -5.211786022400762e-19
            ], 
            [
                0.0, 
                0.0, 
                1.0, 
                0.0
            ], 
            [
                0.0, 
                0.0, 
                0.0, 
                1.0
            ]
        ]
    ], 
    "tool_contact_area_index": [
        155, 
        157, 
        159, 
        167, 
        386, 
        391, 
        409, 
        735, 
        754, 
        1282, 
        1296, 
        1297, 
        1298, 
        1303, 
        1304, 
        1305, 
        1306, 
        1309, 
        1316, 
        2597, 
        2598, 
        2599, 
        2919, 
        2920, 
        2923, 
        2924, 
        2925, 
        2926, 
        2927, 
        2928, 
        2929, 
        2930, 
        2931, 
        2932, 
        2933, 
        2934, 
        2936, 
        2941, 
        2942, 
        2943, 
        4541, 
        4542, 
        4543, 
        4544, 
        4545, 
        4546, 
        4547, 
        4548, 
        4549, 
        4550, 
        4551, 
        4552, 
        4553, 
        4554, 
        4563, 
        4564, 
        4565, 
        4771, 
        4775, 
        4781, 
        6059, 
        6071, 
        6078, 
        6079, 
        6297, 
        6298, 
        6299, 
        6300, 
        6301, 
        6302, 
        7723, 
        7724, 
        7725, 
        7748, 
        7749, 
        7752, 
        7754, 
        7756, 
        7759, 
        7760, 
        7762, 
        7763, 
        7766, 
        7883, 
        7884, 
        7886, 
        7887, 
        7928, 
        7929, 
        7931, 
        7933, 
        7935, 
        7936, 
        7937, 
        7940, 
        7942, 
        7943, 
        7944, 
        7945, 
        7946, 
        7947, 
        7948
    ], 
    "v_start_world_frame": [
        0.06279051952931372, 
        0.9980267284282716, 
        0.0
    ], 
    "Ttool_goal": [
        [
            0.06279051952931372, 
            0.9980267284282716, 
            0.0, 
            0.040000000000000036
        ], 
        [
            -0.9980267284282716, 
            0.06279051952931372, 
            0.0, 
            -4.328409175905344e-18
        ], 
        [
            0.0, 
            0.0, 
            1.0, 
            0.0
        ], 
        [
            0.0, 
            0.0, 
            0.0, 
            1.0
        ]
    ], 
    "tool_trajectory_world_frame": [
        [
            [
                0.06279051952931372, 
                -0.9980267284282716, 
                0.0, 
                -0.005651146757638234
            ], 
            [
                0.9980267284282716, 
                0.06279051952931372, 
                0.0, 
                -0.08982240555854444
            ], 
            [
                0.0, 
                0.0, 
                1.0, 
                0.1
            ], 
            [
                0.0, 
                0.0, 
                0.0, 
                1.0
            ]
        ], 
        [
            [
                0.06279051952931372, 
                -0.9980267284282716, 
                0.0, 
                -0.005651146757638234
            ], 
            [
                0.9980267284282716, 
                0.06279051952931372, 
                0.0, 
                -0.08982240555854444
            ], 
            [
                0.0, 
                0.0, 
                1.0, 
                0.0
            ], 
            [
                0.0, 
                0.0, 
                0.0, 
                1.0
            ]
        ], 
        [
            [
                0.06279051952931372, 
                -0.9980267284282716, 
                0.0, 
                0.03516269093641568
            ], 
            [
                0.9980267284282716, 
                0.06279051952931372, 
                0.0, 
                0.5588949679198321
            ], 
            [
                0.0, 
                0.0, 
                1.0, 
                0.0
            ], 
            [
                0.0, 
                0.0, 
                0.0, 
                1.0
            ]
        ], 
        [
            [
                0.06279051952931372, 
                -0.9980267284282716, 
                0.0, 
                0.03516269093641568
            ], 
            [
                0.9980267284282716, 
                0.06279051952931372, 
                0.0, 
                0.5588949679198321
            ], 
            [
                0.0, 
                0.0, 
                1.0, 
                0.1
            ], 
            [
                0.0, 
                0.0, 
                0.0, 
                1.0
            ]
        ]
    ], 
    "goal_contact_area_index": [
        3644, 
        3645, 
        3647, 
        3648, 
        3649, 
        3650, 
        3651, 
        3653, 
        3655, 
        3672, 
        3687, 
        3690, 
        3691, 
        3937, 
        3938, 
        3941, 
        3945, 
        3946, 
        3947, 
        3948, 
        3949, 
        3951, 
        3952, 
        3953, 
        3956, 
        3957, 
        3959, 
        4109, 
        4126, 
        4133, 
        4136, 
        4319, 
        4324, 
        4474, 
        4475, 
        4476, 
        4477, 
        4478, 
        4479, 
        4480, 
        4661, 
        4663, 
        4667, 
        4668, 
        4669, 
        4670, 
        4671, 
        4672, 
        4673, 
        4674, 
        4675, 
        4676, 
        4677, 
        4678, 
        4679, 
        4882, 
        4884, 
        4885, 
        4886, 
        4887, 
        4888, 
        5054
    ], 
    "changing_point": [
        1, 
        -2
    ], 
    "tool_trajectory_goal_frame": [
        [
            [
                0.06279051952931372, 
                -0.9980267284282716, 
                0.0, 
                -0.005651146757638234
            ], 
            [
                0.9980267284282716, 
                0.06279051952931372, 
                0.0, 
                -0.08982240555854444
            ], 
            [
                0.0, 
                0.0, 
                1.0, 
                0.1
            ], 
            [
                0.0, 
                0.0, 
                0.0, 
                1.0
            ]
        ], 
        [
            [
                0.06279051952931372, 
                -0.9980267284282716, 
                0.0, 
                -0.005651146757638234
            ], 
            [
                0.9980267284282716, 
                0.06279051952931372, 
                0.0, 
                -0.08982240555854444
            ], 
            [
                0.0, 
                0.0, 
                1.0, 
                0.0
            ], 
            [
                0.0, 
                0.0, 
                0.0, 
                1.0
            ]
        ], 
        [
            [
                0.06279051952931372, 
                -0.9980267284282716, 
                0.0, 
                0.03516269093641568
            ], 
            [
                0.9980267284282716, 
                0.06279051952931372, 
                0.0, 
                0.5588949679198321
            ], 
            [
                0.0, 
                0.0, 
                1.0, 
                0.0
            ], 
            [
                0.0, 
                0.0, 
                0.0, 
                1.0
            ]
        ], 
        [
            [
                0.06279051952931372, 
                -0.9980267284282716, 
                0.0, 
                0.03516269093641568
            ], 
            [
                0.9980267284282716, 
                0.06279051952931372, 
                0.0, 
                0.5588949679198321
            ], 
            [
                0.0, 
                0.0, 
                1.0, 
                0.1
            ], 
            [
                0.0, 
                0.0, 
                0.0, 
                1.0
            ]
        ]
    ], 
    "Teffectivestart_unhoveringstart": [
        [
            1.0, 
            4.340056497651562e-18, 
            0.0, 
            0.6000000000000001
        ], 
        [
            4.340056497651562e-18, 
            1.0, 
            0.0, 
            -5.127790882034025e-19
        ], 
        [
            0.0, 
            0.0, 
            1.0, 
            0.0
        ], 
        [
            0.0, 
            0.0, 
            0.0, 
            1.0
        ]
    ], 
    "raw sample file path": "learned_samples/ur/simulator/pointcloud/push/meiying_T_push_tool/meiying_tool_target/raw/raw_sample_20.txt", 
    "trajectory_thetas": [
        0.6000000000000001
    ], 
    "tool": "meiying_T_push_tool", 
    "Tworld_goalend": [
        [
            1.0, 
            -4.340056497651562e-18, 
            0.0, 
            0.037674311717588234
        ], 
        [
            -4.340056497651562e-18, 
            1.0, 
            0.0, 
            0.598816037056963
        ], 
        [
            0.0, 
            0.0, 
            1.0, 
            0.0
        ], 
        [
            0.0, 
            0.0, 
            0.0, 
            1.0
        ]
    ], 
    "Tworld_toolend": [
        [
            0.06279051952931372, 
            -0.9980267284282716, 
            0.0, 
            0.03516269093641568
        ], 
        [
            0.9980267284282716, 
            0.06279051952931372, 
            0.0, 
            0.5588949679198321
        ], 
        [
            0.0, 
            0.0, 
            1.0, 
            0.0
        ], 
        [
            0.0, 
            0.0, 
            0.0, 
            1.0
        ]
    ], 
    "hovering_start": [
        [
            0.06279051952931372, 
            -0.9980267284282716, 
            0.0, 
            -0.005651146757638234
        ], 
        [
            0.9980267284282716, 
            0.06279051952931372, 
            0.0, 
            -0.08982240555854444
        ], 
        [
            0.0, 
            0.0, 
            1.0, 
            0.1
        ], 
        [
            0.0, 
            0.0, 
            0.0, 
            1.0
        ]
    ], 
    "v_start_tool_frame": [
        1.0, 
        3.634614046373883e-18, 
        0.0
    ], 
    "task": "push", 
    "unhovering_start": [
        [
            0.06279051952931372, 
            -0.9980267284282716, 
            0.0, 
            0.03516269093641568
        ], 
        [
            0.9980267284282716, 
            0.06279051952931372, 
            0.0, 
            0.5588949679198321
        ], 
        [
            0.0, 
            0.0, 
            1.0, 
            0.0
        ], 
        [
            0.0, 
            0.0, 
            0.0, 
            1.0
        ]
    ], 
    "Teffectivestart_hoveringend": [
        [
            1.0, 
            4.340056497651562e-18, 
            0.0, 
            -0.049999999999999975
        ], 
        [
            4.340056497651562e-18, 
            1.0, 
            0.0, 
            -5.066120226624619e-18
        ], 
        [
            0.0, 
            0.0, 
            1.0, 
            0.0
        ], 
        [
            0.0, 
            0.0, 
            0.0, 
            1.0
        ]
    ], 
    "Tworld_toolstart": [
        [
            0.06279051952931372, 
            -0.9980267284282716, 
            0.0, 
            -0.0025116207811725555
        ], 
        [
            0.9980267284282716, 
            0.06279051952931372, 
            0.0, 
            -0.0399210691371309
        ], 
        [
            0.0, 
            0.0, 
            1.0, 
            0.0
        ], 
        [
            0.0, 
            0.0, 
            0.0, 
            1.0
        ]
    ], 
    "unhovering_end": [
        [
            0.06279051952931372, 
            -0.9980267284282716, 
            0.0, 
            0.03516269093641568
        ], 
        [
            0.9980267284282716, 
            0.06279051952931372, 
            0.0, 
            0.5588949679198321
        ], 
        [
            0.0, 
            0.0, 
            1.0, 
            0.1
        ], 
        [
            0.0, 
            0.0, 
            0.0, 
            1.0
        ]
    ], 
    "trajectory_screw_axes": [
        [
            -0.0, 
            -0.0, 
            -0.0, 
            -1.0, 
            -3.634614046373883e-18, 
            -0.0
        ]
    ]
}