{
    "Tworld_goalstart": [
        [
            0.9999999999999999, 
            9.214410955162547e-18, 
            0.0, 
            0.0
        ], 
        [
            9.214410955162547e-18, 
            0.9999999999999999, 
            0.0, 
            0.0
        ], 
        [
            0.0, 
            0.0, 
            1.0, 
            0.0
        ], 
        [
            0.0, 
            0.0, 
            0.0, 
            1.0
        ]
    ], 
    "Teffectivestart_hoveringstart": [
        [
            0.9999999999999997, 
            -3.041778397086746e-17, 
            0.0, 
            -0.04999999999999993
        ], 
        [
            -3.041778397086746e-17, 
            0.9999999999999997, 
            0.0, 
            -5.9909313704568955e-18
        ], 
        [
            0.0, 
            0.0, 
            1.0, 
            0.1
        ], 
        [
            0.0, 
            0.0, 
            0.0, 
            1.0
        ]
    ], 
    "hovering_end": [
        [
            0.3090169943749474, 
            0.9510565162951534, 
            0.0, 
            -0.027811529493745265
        ], 
        [
            -0.9510565162951534, 
            0.30901699437494745, 
            0.0, 
            0.0855950864665638
        ], 
        [
            0.0, 
            0.0, 
            1.0, 
            0.0
        ], 
        [
            0.0, 
            0.0, 
            0.0, 
            1.0
        ]
    ], 
    "sample file path": "learned_samples/ur/simulator/pointcloud/push/meiying_T_push_tool/meiying_tool_target/sample/sample_6.txt", 
    "v_start_goal_frame": [
        0.3090169943749472, 
        -0.9510565162951532, 
        0.0
    ], 
    "Teffectiveend_unhoveringend": [
        [
            0.9999999999999997, 
            -3.041778397086746e-17, 
            0.0, 
            0.0
        ], 
        [
            -3.041778397086746e-17, 
            0.9999999999999997, 
            0.0, 
            -1.4601617074753766e-18
        ], 
        [
            0.0, 
            0.0, 
            1.0, 
            0.1
        ], 
        [
            0.0, 
            0.0, 
            0.0, 
            1.0
        ]
    ], 
    "task_type": "pose_change", 
    "goal": "meiying_tool_target", 
    "trajectory": [
        [
            [
                0.9999999999999997, 
                -3.041778397086746e-17, 
                0.0, 
                0.0
            ], 
            [
                -3.041778397086746e-17, 
                0.9999999999999997, 
                0.0, 
                -6.089923214171215e-19
            ], 
            [
                0.0, 
                0.0, 
                1.0, 
                0.0
            ], 
            [
                0.0, 
                0.0, 
                0.0, 
                1.0
            ]
        ], 
        [
            [
                0.9999999999999997, 
                -3.041778397086746e-17, 
                0.0, 
                0.17999999999999994
            ], 
            [
                -3.041778397086746e-17, 
                0.9999999999999997, 
                0.0, 
                -1.3603226039313026e-17
            ], 
            [
                0.0, 
                0.0, 
                1.0, 
                0.0
            ], 
            [
                0.0, 
                0.0, 
                0.0, 
                1.0
            ]
        ]
    ], 
    "tool_contact_area_index": [
        160, 
        167, 
        168, 
        384, 
        386, 
        388, 
        389, 
        738, 
        749, 
        756, 
        1282, 
        1291, 
        1296, 
        1297, 
        1298, 
        1300, 
        1302, 
        1304, 
        1305, 
        1306, 
        1309, 
        1506, 
        2599, 
        2921, 
        2922, 
        2924, 
        2925, 
        2926, 
        2927, 
        2928, 
        2929, 
        2930, 
        2931, 
        2932, 
        2933, 
        2934, 
        2936, 
        2937, 
        2939, 
        2942, 
        2943, 
        4282, 
        4285, 
        4287, 
        4288, 
        4289, 
        4299, 
        4539, 
        4540, 
        4541, 
        4542, 
        4543, 
        4544, 
        4545, 
        4546, 
        4548, 
        4549, 
        4550, 
        4551, 
        4552, 
        4553, 
        4554, 
        4563, 
        4564, 
        4565, 
        4765, 
        4772, 
        4780, 
        4781, 
        4782, 
        4795, 
        4796, 
        6055, 
        6056, 
        6059, 
        6297, 
        6298, 
        6299, 
        6300, 
        6302, 
        6480, 
        6481, 
        6482, 
        6512, 
        6513, 
        7723, 
        7724, 
        7725, 
        7726, 
        7735, 
        7736, 
        7737, 
        7738, 
        7739, 
        7740, 
        7741, 
        7742, 
        7743, 
        7744, 
        7745, 
        7746, 
        7748, 
        7749, 
        7750, 
        7751, 
        7752, 
        7753, 
        7754, 
        7755, 
        7756, 
        7758, 
        7759, 
        7760, 
        7761, 
        7762, 
        7763, 
        7764, 
        7765, 
        7766, 
        7767, 
        7768, 
        7769, 
        7883, 
        7884, 
        7885, 
        7886, 
        7887, 
        7917, 
        7918, 
        7919, 
        7920, 
        7922, 
        7924, 
        7928, 
        7929, 
        7930, 
        7931, 
        7932, 
        7933, 
        7934, 
        7935, 
        7936, 
        7937, 
        7938, 
        7939, 
        7940, 
        7941, 
        7942, 
        7943, 
        7944, 
        7945, 
        7946, 
        7947, 
        7948
    ], 
    "v_start_world_frame": [
        0.30901699437494723, 
        -0.9510565162951533, 
        0.0
    ], 
    "Ttool_goal": [
        [
            0.3090169943749474, 
            -0.9510565162951534, 
            0.0, 
            0.040000000000000036
        ], 
        [
            0.9510565162951534, 
            0.30901699437494745, 
            0.0, 
            -1.034381209093279e-17
        ], 
        [
            0.0, 
            0.0, 
            1.0, 
            0.0
        ], 
        [
            0.0, 
            0.0, 
            0.0, 
            1.0
        ]
    ], 
    "tool_trajectory_world_frame": [
        [
            [
                0.30901699437494745, 
                0.9510565162951535, 
                0.0, 
                -0.02781152949374527
            ], 
            [
                -0.9510565162951535, 
                0.30901699437494745, 
                0.0, 
                0.08559508646656382
            ], 
            [
                0.0, 
                0.0, 
                1.0, 
                0.1
            ], 
            [
                0.0, 
                0.0, 
                0.0, 
                1.0
            ]
        ], 
        [
            [
                0.30901699437494745, 
                0.9510565162951535, 
                0.0, 
                -0.02781152949374527
            ], 
            [
                -0.9510565162951535, 
                0.30901699437494745, 
                0.0, 
                0.08559508646656382
            ], 
            [
                0.0, 
                0.0, 
                1.0, 
                0.0
            ], 
            [
                0.0, 
                0.0, 
                0.0, 
                1.0
            ]
        ], 
        [
            [
                0.30901699437494745, 
                0.9510565162951535, 
                0.0, 
                0.04326237921249264
            ], 
            [
                -0.9510565162951535, 
                0.30901699437494745, 
                0.0, 
                -0.13314791228132147
            ], 
            [
                0.0, 
                0.0, 
                1.0, 
                0.0
            ], 
            [
                0.0, 
                0.0, 
                0.0, 
                1.0
            ]
        ], 
        [
            [
                0.30901699437494745, 
                0.9510565162951535, 
                0.0, 
                0.04326237921249264
            ], 
            [
                -0.9510565162951535, 
                0.30901699437494745, 
                0.0, 
                -0.13314791228132147
            ], 
            [
                0.0, 
                0.0, 
                1.0, 
                0.1
            ], 
            [
                0.0, 
                0.0, 
                0.0, 
                1.0
            ]
        ]
    ], 
    "goal_contact_area_index": [
        470, 
        518, 
        527, 
        533, 
        538, 
        654, 
        657, 
        660, 
        661, 
        665, 
        672, 
        674, 
        675, 
        676, 
        677, 
        678, 
        679, 
        680, 
        681, 
        682, 
        683, 
        684, 
        687, 
        688, 
        689, 
        692, 
        697, 
        700, 
        702, 
        703, 
        706, 
        829, 
        830, 
        832, 
        833, 
        834, 
        835, 
        836, 
        837, 
        839, 
        840, 
        841, 
        842, 
        843, 
        844, 
        845, 
        846, 
        847, 
        849, 
        850, 
        851, 
        853, 
        854, 
        855, 
        856, 
        857, 
        858, 
        859, 
        860, 
        861, 
        862, 
        1008, 
        1009, 
        1015, 
        1016, 
        1017, 
        1020, 
        1021, 
        1022, 
        1023, 
        1024, 
        1025, 
        1026, 
        1028, 
        1029, 
        1030, 
        1034, 
        1035, 
        1036, 
        1037, 
        1043, 
        1135, 
        1141, 
        1143, 
        1149, 
        1151, 
        1153, 
        1154, 
        1155, 
        1156, 
        1157, 
        1158, 
        1159, 
        1160, 
        1161, 
        1162, 
        1163, 
        1166, 
        1167, 
        1168, 
        1169, 
        1170, 
        1171, 
        1173, 
        1174, 
        1175, 
        1176, 
        1179, 
        1180, 
        1181, 
        1183, 
        1184, 
        1185, 
        1186, 
        1187, 
        1190, 
        1192, 
        1193, 
        1194, 
        1195, 
        1196, 
        1197, 
        1198, 
        1199, 
        1200, 
        1201, 
        1202, 
        1203, 
        1204, 
        1305, 
        1306, 
        1307, 
        1308, 
        1309, 
        1310, 
        1311, 
        1312, 
        1313, 
        1314, 
        1315, 
        1316, 
        1317, 
        1318, 
        1319, 
        1320, 
        1321, 
        1322, 
        1323, 
        1324, 
        1325, 
        1326, 
        1327, 
        1328, 
        1329, 
        1330, 
        1418, 
        1420, 
        1421, 
        1422, 
        1423, 
        1427, 
        1431, 
        1432, 
        1433, 
        1434, 
        1435, 
        1436, 
        1437, 
        1438, 
        1439, 
        1440, 
        1441, 
        1442, 
        1443, 
        1444, 
        1445, 
        1446, 
        1447, 
        1448, 
        1449, 
        1450, 
        1451, 
        1452, 
        1453, 
        1454, 
        1455, 
        1456, 
        1641, 
        1642, 
        1645, 
        1646, 
        1647, 
        1648, 
        1649, 
        1651, 
        1653, 
        1657, 
        1659, 
        1660, 
        1668, 
        1669, 
        1670, 
        1671, 
        1672, 
        1673, 
        1674, 
        1675, 
        1676, 
        1677, 
        1678, 
        1686, 
        2006, 
        2009, 
        2010, 
        2011, 
        2012
    ], 
    "changing_point": [
        1, 
        -2
    ], 
    "tool_trajectory_goal_frame": [
        [
            [
                0.3090169943749474, 
                0.9510565162951534, 
                0.0, 
                -0.027811529493745265
            ], 
            [
                -0.9510565162951534, 
                0.30901699437494745, 
                0.0, 
                0.0855950864665638
            ], 
            [
                0.0, 
                0.0, 
                1.0, 
                0.1
            ], 
            [
                0.0, 
                0.0, 
                0.0, 
                1.0
            ]
        ], 
        [
            [
                0.3090169943749474, 
                0.9510565162951534, 
                0.0, 
                -0.027811529493745265
            ], 
            [
                -0.9510565162951534, 
                0.30901699437494745, 
                0.0, 
                0.0855950864665638
            ], 
            [
                0.0, 
                0.0, 
                1.0, 
                0.0
            ], 
            [
                0.0, 
                0.0, 
                0.0, 
                1.0
            ]
        ], 
        [
            [
                0.3090169943749474, 
                0.9510565162951534, 
                0.0, 
                0.04326237921249263
            ], 
            [
                -0.9510565162951534, 
                0.30901699437494745, 
                0.0, 
                -0.13314791228132145
            ], 
            [
                0.0, 
                0.0, 
                1.0, 
                0.0
            ], 
            [
                0.0, 
                0.0, 
                0.0, 
                1.0
            ]
        ], 
        [
            [
                0.3090169943749474, 
                0.9510565162951534, 
                0.0, 
                0.04326237921249263
            ], 
            [
                -0.9510565162951534, 
                0.30901699437494745, 
                0.0, 
                -0.13314791228132145
            ], 
            [
                0.0, 
                0.0, 
                1.0, 
                0.1
            ], 
            [
                0.0, 
                0.0, 
                0.0, 
                1.0
            ]
        ]
    ], 
    "Teffectivestart_unhoveringstart": [
        [
            0.9999999999999997, 
            -3.041778397086746e-17, 
            0.0, 
            0.17999999999999997
        ], 
        [
            -3.041778397086746e-17, 
            0.9999999999999997, 
            0.0, 
            -1.1803973798408167e-17
        ], 
        [
            0.0, 
            0.0, 
            1.0, 
            0.0
        ], 
        [
            0.0, 
            0.0, 
            0.0, 
            1.0
        ]
    ], 
    "raw sample file path": "learned_samples/ur/simulator/pointcloud/push/meiying_T_push_tool/meiying_tool_target/raw/raw_sample_6.txt", 
    "trajectory_thetas": [
        0.17999999999999988
    ], 
    "tool": "meiying_T_push_tool", 
    "Tworld_goalend": [
        [
            0.9999999999999999, 
            9.214410955162547e-18, 
            0.0, 
            0.05562305898749054
        ], 
        [
            9.214410955162547e-18, 
            0.9999999999999999, 
            0.0, 
            -0.17119017293312763
        ], 
        [
            0.0, 
            0.0, 
            1.0, 
            0.0
        ], 
        [
            0.0, 
            0.0, 
            0.0, 
            1.0
        ]
    ], 
    "Tworld_toolend": [
        [
            0.30901699437494745, 
            0.9510565162951535, 
            0.0, 
            0.04326237921249264
        ], 
        [
            -0.9510565162951535, 
            0.30901699437494745, 
            0.0, 
            -0.13314791228132147
        ], 
        [
            0.0, 
            0.0, 
            1.0, 
            0.0
        ], 
        [
            0.0, 
            0.0, 
            0.0, 
            1.0
        ]
    ], 
    "hovering_start": [
        [
            0.3090169943749474, 
            0.9510565162951534, 
            0.0, 
            -0.027811529493745265
        ], 
        [
            -0.9510565162951534, 
            0.30901699437494745, 
            0.0, 
            0.0855950864665638
        ], 
        [
            0.0, 
            0.0, 
            1.0, 
            0.1
        ], 
        [
            0.0, 
            0.0, 
            0.0, 
            1.0
        ]
    ], 
    "v_start_tool_frame": [
        1.0, 
        -1.0260797129251141e-16, 
        0.0
    ], 
    "task": "push", 
    "unhovering_start": [
        [
            0.3090169943749474, 
            0.9510565162951534, 
            0.0, 
            0.04326237921249263
        ], 
        [
            -0.9510565162951534, 
            0.30901699437494745, 
            0.0, 
            -0.13314791228132145
        ], 
        [
            0.0, 
            0.0, 
            1.0, 
            0.0
        ], 
        [
            0.0, 
            0.0, 
            0.0, 
            1.0
        ]
    ], 
    "Teffectivestart_hoveringend": [
        [
            0.9999999999999997, 
            -3.041778397086746e-17, 
            0.0, 
            -0.04999999999999993
        ], 
        [
            -3.041778397086746e-17, 
            0.9999999999999997, 
            0.0, 
            -5.9909313704568955e-18
        ], 
        [
            0.0, 
            0.0, 
            1.0, 
            0.0
        ], 
        [
            0.0, 
            0.0, 
            0.0, 
            1.0
        ]
    ], 
    "Tworld_toolstart": [
        [
            0.30901699437494734, 
            0.9510565162951533, 
            0.0, 
            -0.012360679774997895
        ], 
        [
            -0.9510565162951533, 
            0.30901699437494745, 
            0.0, 
            0.038042260651806166
        ], 
        [
            0.0, 
            0.0, 
            1.0, 
            0.0
        ], 
        [
            0.0, 
            0.0, 
            0.0, 
            1.0
        ]
    ], 
    "unhovering_end": [
        [
            0.3090169943749474, 
            0.9510565162951534, 
            0.0, 
            0.04326237921249263
        ], 
        [
            -0.9510565162951534, 
            0.30901699437494745, 
            0.0, 
            -0.13314791228132145
        ], 
        [
            0.0, 
            0.0, 
            1.0, 
            0.1
        ], 
        [
            0.0, 
            0.0, 
            0.0, 
            1.0
        ]
    ], 
    "trajectory_screw_axes": [
        [
            -0.0, 
            -0.0, 
            -0.0, 
            -1.0, 
            1.0260797129251141e-16, 
            -0.0
        ]
    ]
}