{
    "Tworld_goalstart": [
        [
            1.0, 
            -5.9838275342127266e-18, 
            0.0, 
            0.0
        ], 
        [
            -5.9838275342127266e-18, 
            1.0, 
            0.0, 
            0.0
        ], 
        [
            0.0, 
            0.0, 
            1.0, 
            0.0
        ], 
        [
            0.0, 
            0.0, 
            0.0, 
            1.0
        ]
    ], 
    "Teffectivestart_hoveringstart": [
        [
            1.0, 
            5.9838275342127266e-18, 
            0.0, 
            -0.050000000000000086
        ], 
        [
            5.9838275342127266e-18, 
            1.0, 
            0.0, 
            -3.5097988603454835e-18
        ], 
        [
            0.0, 
            0.0, 
            1.0, 
            0.1
        ], 
        [
            0.0, 
            0.0, 
            0.0, 
            1.0
        ]
    ], 
    "hovering_end": [
        [
            -0.992114701314478, 
            -0.12533323356430343, 
            0.0, 
            0.08929032311830301
        ], 
        [
            0.12533323356430343, 
            -0.992114701314478, 
            0.0, 
            -0.011279991020787307
        ], 
        [
            0.0, 
            0.0, 
            1.0, 
            0.0
        ], 
        [
            0.0, 
            0.0, 
            0.0, 
            1.0
        ]
    ], 
    "sample file path": "learned_samples/ur/simulator/pointcloud/push/meiying_T_push_tool/meiying_tool_target/sample/sample_14.txt", 
    "v_start_goal_frame": [
        -0.992114701314478, 
        0.12533323356430343, 
        0.0
    ], 
    "Teffectiveend_unhoveringend": [
        [
            1.0, 
            5.9838275342127266e-18, 
            0.0, 
            0.0
        ], 
        [
            5.9838275342127266e-18, 
            1.0, 
            0.0, 
            -7.683158045224531e-19
        ], 
        [
            0.0, 
            0.0, 
            1.0, 
            0.1
        ], 
        [
            0.0, 
            0.0, 
            0.0, 
            1.0
        ]
    ], 
    "task_type": "pose_change", 
    "goal": "meiying_tool_target", 
    "trajectory": [
        [
            [
                1.0, 
                5.9838275342127266e-18, 
                0.0, 
                0.0
            ], 
            [
                5.9838275342127266e-18, 
                1.0, 
                0.0, 
                -5.817090378128619e-20
            ], 
            [
                0.0, 
                0.0, 
                1.0, 
                0.0
            ], 
            [
                0.0, 
                0.0, 
                0.0, 
                1.0
            ]
        ], 
        [
            [
                1.0, 
                5.9838275342127266e-18, 
                0.0, 
                0.42
            ], 
            [
                5.9838275342127266e-18, 
                1.0, 
                0.0, 
                -5.105124494464471e-18
            ], 
            [
                0.0, 
                0.0, 
                1.0, 
                0.0
            ], 
            [
                0.0, 
                0.0, 
                0.0, 
                1.0
            ]
        ]
    ], 
    "tool_contact_area_index": [
        163, 
        382, 
        386, 
        388, 
        389, 
        390, 
        391, 
        737, 
        748, 
        749, 
        755, 
        1281, 
        1282, 
        1286, 
        1298, 
        1303, 
        1305, 
        1309, 
        1506, 
        1527, 
        2512, 
        2597, 
        2598, 
        2599, 
        2923, 
        2924, 
        2925, 
        2926, 
        2927, 
        2928, 
        2929, 
        2930, 
        2931, 
        2932, 
        2933, 
        2934, 
        2935, 
        2936, 
        2938, 
        2941, 
        2942, 
        2943, 
        2944, 
        4285, 
        4288, 
        4289, 
        4290, 
        4298, 
        4299, 
        4539, 
        4540, 
        4541, 
        4542, 
        4543, 
        4544, 
        4545, 
        4546, 
        4547, 
        4548, 
        4549, 
        4551, 
        4553, 
        4554, 
        4560, 
        4563, 
        4564, 
        4565, 
        4769, 
        4771, 
        4779, 
        4780, 
        4781, 
        4782, 
        4795, 
        6059, 
        6064, 
        6070, 
        6071, 
        6297, 
        6298, 
        6299, 
        6300, 
        6301, 
        6302, 
        6480, 
        6481, 
        6487, 
        6512, 
        6513, 
        7716, 
        7723, 
        7724, 
        7725, 
        7726, 
        7736, 
        7737, 
        7738, 
        7739, 
        7740, 
        7741, 
        7742, 
        7743, 
        7744, 
        7745, 
        7746, 
        7747, 
        7748, 
        7749, 
        7750, 
        7751, 
        7752, 
        7753, 
        7754, 
        7755, 
        7756, 
        7757, 
        7758, 
        7759, 
        7760, 
        7761, 
        7762, 
        7763, 
        7764, 
        7765, 
        7766, 
        7767, 
        7768, 
        7769, 
        7883, 
        7884, 
        7885, 
        7886, 
        7887, 
        7917, 
        7918, 
        7919, 
        7920, 
        7922, 
        7928, 
        7929, 
        7930, 
        7931, 
        7932, 
        7933, 
        7934, 
        7935, 
        7936, 
        7937, 
        7938, 
        7939, 
        7940, 
        7941, 
        7943, 
        7944, 
        7945, 
        7946, 
        7947, 
        7948
    ], 
    "v_start_world_frame": [
        -0.992114701314478, 
        0.12533323356430343, 
        0.0
    ], 
    "Ttool_goal": [
        [
            -0.992114701314478, 
            0.12533323356430343, 
            0.0, 
            0.039999999999999925
        ], 
        [
            -0.12533323356430343, 
            -0.992114701314478, 
            0.0, 
            -4.159073633577485e-18
        ], 
        [
            0.0, 
            0.0, 
            1.0, 
            0.0
        ], 
        [
            0.0, 
            0.0, 
            0.0, 
            1.0
        ]
    ], 
    "tool_trajectory_world_frame": [
        [
            [
                -0.992114701314478, 
                -0.12533323356430343, 
                0.0, 
                0.08929032311830301
            ], 
            [
                0.12533323356430343, 
                -0.992114701314478, 
                0.0, 
                -0.011279991020787307
            ], 
            [
                0.0, 
                0.0, 
                1.0, 
                0.1
            ], 
            [
                0.0, 
                0.0, 
                0.0, 
                1.0
            ]
        ], 
        [
            [
                -0.992114701314478, 
                -0.12533323356430343, 
                0.0, 
                0.08929032311830301
            ], 
            [
                0.12533323356430343, 
                -0.992114701314478, 
                0.0, 
                -0.011279991020787307
            ], 
            [
                0.0, 
                0.0, 
                1.0, 
                0.0
            ], 
            [
                0.0, 
                0.0, 
                0.0, 
                1.0
            ]
        ], 
        [
            [
                -0.992114701314478, 
                -0.12533323356430343, 
                0.0, 
                -0.37700358649950166
            ], 
            [
                0.12533323356430343, 
                -0.992114701314478, 
                0.0, 
                0.0476266287544353
            ], 
            [
                0.0, 
                0.0, 
                1.0, 
                0.0
            ], 
            [
                0.0, 
                0.0, 
                0.0, 
                1.0
            ]
        ], 
        [
            [
                -0.992114701314478, 
                -0.12533323356430343, 
                0.0, 
                -0.37700358649950166
            ], 
            [
                0.12533323356430343, 
                -0.992114701314478, 
                0.0, 
                0.0476266287544353
            ], 
            [
                0.0, 
                0.0, 
                1.0, 
                0.1
            ], 
            [
                0.0, 
                0.0, 
                0.0, 
                1.0
            ]
        ]
    ], 
    "goal_contact_area_index": [
        1458, 
        1459, 
        1467, 
        1471, 
        1474, 
        1480, 
        1691, 
        1693, 
        1694, 
        1695, 
        1698, 
        1699, 
        1701, 
        1702, 
        1703, 
        1705, 
        1707, 
        1708, 
        1709, 
        1710, 
        1711, 
        1712, 
        1713, 
        1714, 
        1715, 
        1716, 
        1717, 
        1718, 
        1719, 
        1720, 
        1721, 
        1722, 
        1723, 
        1724, 
        1726, 
        1729, 
        1730, 
        1737, 
        1739, 
        1740, 
        1741, 
        2025, 
        2026, 
        2027, 
        2028, 
        2029, 
        2031, 
        2032, 
        2033, 
        2034, 
        2035, 
        2036, 
        2037, 
        2038, 
        2039, 
        2040, 
        2041, 
        2044, 
        2047, 
        2052, 
        2054, 
        2055, 
        2058, 
        2296, 
        2297, 
        2298, 
        2299, 
        2300, 
        2303, 
        2304, 
        2305, 
        2306, 
        2307, 
        2309, 
        2310, 
        2311, 
        2312, 
        2313, 
        2314, 
        2315, 
        2316, 
        2319, 
        2321, 
        2325, 
        2334, 
        2339, 
        2342, 
        2343, 
        2633, 
        2635, 
        2636, 
        2637, 
        2639, 
        2640, 
        2641, 
        2642, 
        2643, 
        2644, 
        2646, 
        2647, 
        2648, 
        2650, 
        2652, 
        2653, 
        2654, 
        2655, 
        2656, 
        2657, 
        2658, 
        2659, 
        2661, 
        2662, 
        2663, 
        2664, 
        2665, 
        2666, 
        2668, 
        2671, 
        2673, 
        2674, 
        2675, 
        2677, 
        2901, 
        2902, 
        2903, 
        2904, 
        2905, 
        2906, 
        2907, 
        2908, 
        2909, 
        2910, 
        2911, 
        2912, 
        2913, 
        2914, 
        2915, 
        2916, 
        2917, 
        2918, 
        2919, 
        2920, 
        2921, 
        2922, 
        2923, 
        2924, 
        2925, 
        2926, 
        2927, 
        2928, 
        2929, 
        3139, 
        3144, 
        3159, 
        3161, 
        3162, 
        3167, 
        3168, 
        3169, 
        3170, 
        3171, 
        3172, 
        3173, 
        3174, 
        3175, 
        3176, 
        3177, 
        3178, 
        3179, 
        3180, 
        3181, 
        3182, 
        3183, 
        3184, 
        3185, 
        3186, 
        3187, 
        3188, 
        3189, 
        3190, 
        3191, 
        3192, 
        3193, 
        3194, 
        3195, 
        3196, 
        3197, 
        3198, 
        3199, 
        3200, 
        3201, 
        3202, 
        3203, 
        3204, 
        3205, 
        3206, 
        3207, 
        3208, 
        3209, 
        3210, 
        3211, 
        3212, 
        3213, 
        3214, 
        3216, 
        3222, 
        3224, 
        3225, 
        3226, 
        3227, 
        3229, 
        3230, 
        3231, 
        3233, 
        3236, 
        3240, 
        3241, 
        3243, 
        3245, 
        3252, 
        3253, 
        3542
    ], 
    "changing_point": [
        1, 
        -2
    ], 
    "tool_trajectory_goal_frame": [
        [
            [
                -0.992114701314478, 
                -0.12533323356430343, 
                0.0, 
                0.08929032311830301
            ], 
            [
                0.12533323356430343, 
                -0.992114701314478, 
                0.0, 
                -0.011279991020787307
            ], 
            [
                0.0, 
                0.0, 
                1.0, 
                0.1
            ], 
            [
                0.0, 
                0.0, 
                0.0, 
                1.0
            ]
        ], 
        [
            [
                -0.992114701314478, 
                -0.12533323356430343, 
                0.0, 
                0.08929032311830301
            ], 
            [
                0.12533323356430343, 
                -0.992114701314478, 
                0.0, 
                -0.011279991020787307
            ], 
            [
                0.0, 
                0.0, 
                1.0, 
                0.0
            ], 
            [
                0.0, 
                0.0, 
                0.0, 
                1.0
            ]
        ], 
        [
            [
                -0.992114701314478, 
                -0.12533323356430343, 
                0.0, 
                -0.37700358649950166
            ], 
            [
                0.12533323356430343, 
                -0.992114701314478, 
                0.0, 
                0.0476266287544353
            ], 
            [
                0.0, 
                0.0, 
                1.0, 
                0.0
            ], 
            [
                0.0, 
                0.0, 
                0.0, 
                1.0
            ]
        ], 
        [
            [
                -0.992114701314478, 
                -0.12533323356430343, 
                0.0, 
                -0.37700358649950166
            ], 
            [
                0.12533323356430343, 
                -0.992114701314478, 
                0.0, 
                0.0476266287544353
            ], 
            [
                0.0, 
                0.0, 
                1.0, 
                0.1
            ], 
            [
                0.0, 
                0.0, 
                0.0, 
                1.0
            ]
        ]
    ], 
    "Teffectivestart_unhoveringstart": [
        [
            1.0, 
            5.9838275342127266e-18, 
            0.0, 
            0.42
        ], 
        [
            5.9838275342127266e-18, 
            1.0, 
            0.0, 
            -4.9273894380999385e-18
        ], 
        [
            0.0, 
            0.0, 
            1.0, 
            0.0
        ], 
        [
            0.0, 
            0.0, 
            0.0, 
            1.0
        ]
    ], 
    "raw sample file path": "learned_samples/ur/simulator/pointcloud/push/meiying_T_push_tool/meiying_tool_target/raw/raw_sample_14.txt", 
    "trajectory_thetas": [
        0.42
    ], 
    "tool": "meiying_T_push_tool", 
    "Tworld_goalend": [
        [
            1.0, 
            -5.9838275342127266e-18, 
            0.0, 
            -0.41668817455208074
        ], 
        [
            -5.9838275342127266e-18, 
            1.0, 
            0.0, 
            0.05263995809700744
        ], 
        [
            0.0, 
            0.0, 
            1.0, 
            0.0
        ], 
        [
            0.0, 
            0.0, 
            0.0, 
            1.0
        ]
    ], 
    "Tworld_toolend": [
        [
            -0.992114701314478, 
            -0.12533323356430343, 
            0.0, 
            -0.37700358649950166
        ], 
        [
            0.12533323356430343, 
            -0.992114701314478, 
            0.0, 
            0.0476266287544353
        ], 
        [
            0.0, 
            0.0, 
            1.0, 
            0.0
        ], 
        [
            0.0, 
            0.0, 
            0.0, 
            1.0
        ]
    ], 
    "hovering_start": [
        [
            -0.992114701314478, 
            -0.12533323356430343, 
            0.0, 
            0.08929032311830301
        ], 
        [
            0.12533323356430343, 
            -0.992114701314478, 
            0.0, 
            -0.011279991020787307
        ], 
        [
            0.0, 
            0.0, 
            1.0, 
            0.1
        ], 
        [
            0.0, 
            0.0, 
            0.0, 
            1.0
        ]
    ], 
    "v_start_tool_frame": [
        1.0, 
        -6.0327286340805705e-18, 
        0.0
    ], 
    "task": "push", 
    "unhovering_start": [
        [
            -0.992114701314478, 
            -0.12533323356430343, 
            0.0, 
            -0.37700358649950166
        ], 
        [
            0.12533323356430343, 
            -0.992114701314478, 
            0.0, 
            0.0476266287544353
        ], 
        [
            0.0, 
            0.0, 
            1.0, 
            0.0
        ], 
        [
            0.0, 
            0.0, 
            0.0, 
            1.0
        ]
    ], 
    "Teffectivestart_hoveringend": [
        [
            1.0, 
            5.9838275342127266e-18, 
            0.0, 
            -0.050000000000000086
        ], 
        [
            5.9838275342127266e-18, 
            1.0, 
            0.0, 
            -3.5097988603454835e-18
        ], 
        [
            0.0, 
            0.0, 
            1.0, 
            0.0
        ], 
        [
            0.0, 
            0.0, 
            0.0, 
            1.0
        ]
    ], 
    "Tworld_toolstart": [
        [
            -0.992114701314478, 
            -0.12533323356430343, 
            0.0, 
            0.039684588052579045
        ], 
        [
            0.12533323356430343, 
            -0.992114701314478, 
            0.0, 
            -0.005013329342572132
        ], 
        [
            0.0, 
            0.0, 
            1.0, 
            0.0
        ], 
        [
            0.0, 
            0.0, 
            0.0, 
            1.0
        ]
    ], 
    "unhovering_end": [
        [
            -0.992114701314478, 
            -0.12533323356430343, 
            0.0, 
            -0.37700358649950166
        ], 
        [
            0.12533323356430343, 
            -0.992114701314478, 
            0.0, 
            0.0476266287544353
        ], 
        [
            0.0, 
            0.0, 
            1.0, 
            0.1
        ], 
        [
            0.0, 
            0.0, 
            0.0, 
            1.0
        ]
    ], 
    "trajectory_screw_axes": [
        [
            -0.0, 
            -0.0, 
            -0.0, 
            -1.0, 
            6.0327286340805705e-18, 
            -0.0
        ]
    ]
}