{
    "Tworld_goalstart": [
        [
            1.0000000000000002, 
            4.209444989064144e-18, 
            0.0, 
            0.0
        ], 
        [
            4.209444989064144e-18, 
            1.0, 
            0.0, 
            0.0
        ], 
        [
            0.0, 
            0.0, 
            1.0, 
            0.0
        ], 
        [
            0.0, 
            0.0, 
            0.0, 
            1.0
        ]
    ], 
    "Teffectivestart_hoveringstart": [
        [
            1.0000000000000002, 
            1.6232400870470934e-16, 
            0.0, 
            -0.04999999999999999
        ], 
        [
            1.6232400870470934e-16, 
            1.0000000000000002, 
            0.0, 
            -1.6675875112085456e-17
        ], 
        [
            0.0, 
            0.0, 
            1.0, 
            0.1
        ], 
        [
            0.0, 
            0.0, 
            0.0, 
            1.0
        ]
    ], 
    "hovering_end": [
        [
            0.7289686274214117, 
            0.6845471059286888, 
            0.0, 
            -0.06560717646792705
        ], 
        [
            -0.6845471059286887, 
            0.7289686274214116, 
            0.0, 
            0.06160923953358198
        ], 
        [
            0.0, 
            0.0, 
            1.0, 
            0.0
        ], 
        [
            0.0, 
            0.0, 
            0.0, 
            1.0
        ]
    ], 
    "sample file path": "learned_samples/ur/simulator/pointcloud/push/meiying_T_push_tool/meiying_tool_target/sample/sample_4.txt", 
    "v_start_goal_frame": [
        0.7289686274214121, 
        -0.6845471059286885, 
        0.0
    ], 
    "Teffectiveend_unhoveringend": [
        [
            1.0000000000000002, 
            1.6232400870470934e-16, 
            0.0, 
            0.0
        ], 
        [
            1.6232400870470934e-16, 
            1.0000000000000002, 
            0.0, 
            -9.036554513287075e-20
        ], 
        [
            0.0, 
            0.0, 
            1.0, 
            0.1
        ], 
        [
            0.0, 
            0.0, 
            0.0, 
            1.0
        ]
    ], 
    "task_type": "pose_change", 
    "goal": "meiying_tool_target", 
    "trajectory": [
        [
            [
                1.0000000000000002, 
                1.6232400870470934e-16, 
                0.0, 
                0.0
            ], 
            [
                1.6232400870470934e-16, 
                1.0000000000000002, 
                0.0, 
                -5.385550793390415e-19
            ], 
            [
                0.0, 
                0.0, 
                1.0, 
                0.0
            ], 
            [
                0.0, 
                0.0, 
                0.0, 
                1.0
            ]
        ], 
        [
            [
                1.0000000000000002, 
                1.6232400870470934e-16, 
                0.0, 
                0.12000000000000006
            ], 
            [
                1.6232400870470934e-16, 
                1.0000000000000002, 
                0.0, 
                2.419576311854243e-17
            ], 
            [
                0.0, 
                0.0, 
                1.0, 
                0.0
            ], 
            [
                0.0, 
                0.0, 
                0.0, 
                1.0
            ]
        ]
    ], 
    "tool_contact_area_index": [
        161, 
        162, 
        164, 
        166, 
        167, 
        382, 
        388, 
        391, 
        409, 
        410, 
        419, 
        421, 
        735, 
        737, 
        749, 
        754, 
        755, 
        1281, 
        1282, 
        1295, 
        1297, 
        1299, 
        1301, 
        1303, 
        1304, 
        1306, 
        1309, 
        1315, 
        2598, 
        2599, 
        2924, 
        2926, 
        2928, 
        2930, 
        2934, 
        2938, 
        2939, 
        4281, 
        4287, 
        4288, 
        4290, 
        4299, 
        4466, 
        4476, 
        4539, 
        4540, 
        4541, 
        4542, 
        4543, 
        4544, 
        4545, 
        4546, 
        4547, 
        4548, 
        4549, 
        4550, 
        4551, 
        4552, 
        4553, 
        4554, 
        4563, 
        4564, 
        4565, 
        4770, 
        4781, 
        4782, 
        4795, 
        4796, 
        6055, 
        6066, 
        6070, 
        6071, 
        6076, 
        6079, 
        6081, 
        6297, 
        6298, 
        6299, 
        6300, 
        6301, 
        6302, 
        6480, 
        6481, 
        7718, 
        7723, 
        7724, 
        7725, 
        7726, 
        7736, 
        7737, 
        7738, 
        7739, 
        7740, 
        7741, 
        7742, 
        7743, 
        7744, 
        7745, 
        7746, 
        7747, 
        7748, 
        7749, 
        7750, 
        7751, 
        7752, 
        7753, 
        7754, 
        7755, 
        7756, 
        7757, 
        7758, 
        7759, 
        7760, 
        7761, 
        7762, 
        7763, 
        7764, 
        7767, 
        7768, 
        7769, 
        7883, 
        7884, 
        7885, 
        7886, 
        7887, 
        7917, 
        7918, 
        7919, 
        7920, 
        7922, 
        7926, 
        7928, 
        7929, 
        7930, 
        7931, 
        7932, 
        7933, 
        7934, 
        7935, 
        7936, 
        7937, 
        7938, 
        7939, 
        7940, 
        7941, 
        7942, 
        7944, 
        7945, 
        7946, 
        7947, 
        7948
    ], 
    "v_start_world_frame": [
        0.728968627421412, 
        -0.6845471059286885, 
        0.0
    ], 
    "Ttool_goal": [
        [
            0.7289686274214117, 
            -0.6845471059286887, 
            0.0, 
            0.040000000000000036
        ], 
        [
            0.6845471059286888, 
            0.7289686274214116, 
            0.0, 
            2.685438590730458e-18
        ], 
        [
            0.0, 
            0.0, 
            1.0, 
            0.0
        ], 
        [
            0.0, 
            0.0, 
            0.0, 
            1.0
        ]
    ], 
    "tool_trajectory_world_frame": [
        [
            [
                0.7289686274214116, 
                0.6845471059286887, 
                0.0, 
                -0.06560717646792703
            ], 
            [
                -0.6845471059286887, 
                0.7289686274214116, 
                0.0, 
                0.06160923953358198
            ], 
            [
                0.0, 
                0.0, 
                1.0, 
                0.1
            ], 
            [
                0.0, 
                0.0, 
                0.0, 
                1.0
            ]
        ], 
        [
            [
                0.7289686274214116, 
                0.6845471059286887, 
                0.0, 
                -0.06560717646792703
            ], 
            [
                -0.6845471059286887, 
                0.7289686274214116, 
                0.0, 
                0.06160923953358198
            ], 
            [
                0.0, 
                0.0, 
                1.0, 
                0.0
            ], 
            [
                0.0, 
                0.0, 
                0.0, 
                1.0
            ]
        ], 
        [
            [
                0.7289686274214116, 
                0.6845471059286887, 
                0.0, 
                0.05831749019371291
            ], 
            [
                -0.6845471059286887, 
                0.7289686274214116, 
                0.0, 
                -0.05476376847429509
            ], 
            [
                0.0, 
                0.0, 
                1.0, 
                0.0
            ], 
            [
                0.0, 
                0.0, 
                0.0, 
                1.0
            ]
        ], 
        [
            [
                0.7289686274214116, 
                0.6845471059286887, 
                0.0, 
                0.05831749019371291
            ], 
            [
                -0.6845471059286887, 
                0.7289686274214116, 
                0.0, 
                -0.05476376847429509
            ], 
            [
                0.0, 
                0.0, 
                1.0, 
                0.1
            ], 
            [
                0.0, 
                0.0, 
                0.0, 
                1.0
            ]
        ]
    ], 
    "goal_contact_area_index": [
        662, 
        834, 
        1008, 
        1010, 
        1013, 
        1014, 
        1134, 
        1135, 
        1136, 
        1137, 
        1138, 
        1139, 
        1140, 
        1141, 
        1142, 
        1143, 
        1144, 
        1145, 
        1148, 
        1149, 
        1150, 
        1152, 
        1153, 
        1154, 
        1155, 
        1157, 
        1279, 
        1280, 
        1281, 
        1282, 
        1283, 
        1284, 
        1285, 
        1286, 
        1287, 
        1288, 
        1289, 
        1290, 
        1291, 
        1292, 
        1293, 
        1294, 
        1295, 
        1296, 
        1297, 
        1298, 
        1299, 
        1300, 
        1301, 
        1302, 
        1303, 
        1304, 
        1310, 
        1374, 
        1376, 
        1377, 
        1380, 
        1381, 
        1382, 
        1383, 
        1385, 
        1386, 
        1387, 
        1388, 
        1389, 
        1390, 
        1391, 
        1392, 
        1393, 
        1394, 
        1395, 
        1396, 
        1397, 
        1398, 
        1399, 
        1400, 
        1401, 
        1402, 
        1403, 
        1404, 
        1405, 
        1406, 
        1407, 
        1408, 
        1409, 
        1410, 
        1411, 
        1412, 
        1413, 
        1414, 
        1415, 
        1416, 
        1417, 
        1418, 
        1419, 
        1421, 
        1423, 
        1424, 
        1425, 
        1426, 
        1427, 
        1428, 
        1429, 
        1430, 
        1549, 
        1551, 
        1552, 
        1553, 
        1555, 
        1557, 
        1567, 
        1568, 
        1571, 
        1572, 
        1573, 
        1574, 
        1575, 
        1576, 
        1577, 
        1578, 
        1579, 
        1580, 
        1582, 
        1584, 
        1585, 
        1586, 
        1587, 
        1589, 
        1590, 
        1591, 
        1592, 
        1593, 
        1594, 
        1596, 
        1597, 
        1599, 
        1600, 
        1601, 
        1602, 
        1603, 
        1604, 
        1605, 
        1606, 
        1607, 
        1608, 
        1609, 
        1610, 
        1611, 
        1612, 
        1613, 
        1614, 
        1615, 
        1616, 
        1617, 
        1618, 
        1619, 
        1620, 
        1621, 
        1622, 
        1623, 
        1624, 
        1627, 
        1628, 
        1630, 
        1632, 
        1634, 
        1635, 
        1636, 
        1637, 
        1640, 
        1647, 
        1651, 
        1654, 
        1655, 
        1656, 
        1657, 
        1659, 
        1664, 
        1665, 
        1667, 
        1931, 
        1932, 
        1933, 
        1934, 
        1935, 
        1936, 
        1937, 
        1938, 
        1939, 
        1940, 
        1942, 
        1943, 
        1944, 
        1945, 
        1946, 
        1947, 
        1950, 
        1963, 
        1964, 
        1965, 
        1966, 
        1972, 
        1975, 
        1976, 
        1981, 
        1984, 
        1986, 
        1989, 
        1994, 
        2234
    ], 
    "changing_point": [
        1, 
        -2
    ], 
    "tool_trajectory_goal_frame": [
        [
            [
                0.7289686274214117, 
                0.6845471059286888, 
                0.0, 
                -0.06560717646792705
            ], 
            [
                -0.6845471059286887, 
                0.7289686274214116, 
                0.0, 
                0.06160923953358198
            ], 
            [
                0.0, 
                0.0, 
                1.0, 
                0.1
            ], 
            [
                0.0, 
                0.0, 
                0.0, 
                1.0
            ]
        ], 
        [
            [
                0.7289686274214117, 
                0.6845471059286888, 
                0.0, 
                -0.06560717646792705
            ], 
            [
                -0.6845471059286887, 
                0.7289686274214116, 
                0.0, 
                0.06160923953358198
            ], 
            [
                0.0, 
                0.0, 
                1.0, 
                0.0
            ], 
            [
                0.0, 
                0.0, 
                0.0, 
                1.0
            ]
        ], 
        [
            [
                0.7289686274214117, 
                0.6845471059286888, 
                0.0, 
                0.05831749019371293
            ], 
            [
                -0.6845471059286887, 
                0.7289686274214116, 
                0.0, 
                -0.05476376847429509
            ], 
            [
                0.0, 
                0.0, 
                1.0, 
                0.0
            ], 
            [
                0.0, 
                0.0, 
                0.0, 
                1.0
            ]
        ], 
        [
            [
                0.7289686274214117, 
                0.6845471059286888, 
                0.0, 
                0.05831749019371293
            ], 
            [
                -0.6845471059286887, 
                0.7289686274214116, 
                0.0, 
                -0.05476376847429509
            ], 
            [
                0.0, 
                0.0, 
                1.0, 
                0.1
            ], 
            [
                0.0, 
                0.0, 
                0.0, 
                1.0
            ]
        ]
    ], 
    "Teffectivestart_unhoveringstart": [
        [
            1.0000000000000002, 
            1.6232400870470934e-16, 
            0.0, 
            0.12000000000000005
        ], 
        [
            1.6232400870470934e-16, 
            1.0000000000000002, 
            0.0, 
            1.6472860853412046e-17
        ], 
        [
            0.0, 
            0.0, 
            1.0, 
            0.0
        ], 
        [
            0.0, 
            0.0, 
            0.0, 
            1.0
        ]
    ], 
    "raw sample file path": "learned_samples/ur/simulator/pointcloud/push/meiying_T_push_tool/meiying_tool_target/raw/raw_sample_4.txt", 
    "trajectory_thetas": [
        0.12000000000000009
    ], 
    "tool": "meiying_T_push_tool", 
    "Tworld_goalend": [
        [
            1.0000000000000002, 
            4.209444989064144e-18, 
            0.0, 
            0.08747623529056939
        ], 
        [
            4.209444989064144e-18, 
            1.0, 
            0.0, 
            -0.08214565271144264
        ], 
        [
            0.0, 
            0.0, 
            1.0, 
            0.0
        ], 
        [
            0.0, 
            0.0, 
            0.0, 
            1.0
        ]
    ], 
    "Tworld_toolend": [
        [
            0.7289686274214116, 
            0.6845471059286887, 
            0.0, 
            0.05831749019371291
        ], 
        [
            -0.6845471059286887, 
            0.7289686274214116, 
            0.0, 
            -0.05476376847429509
        ], 
        [
            0.0, 
            0.0, 
            1.0, 
            0.0
        ], 
        [
            0.0, 
            0.0, 
            0.0, 
            1.0
        ]
    ], 
    "hovering_start": [
        [
            0.7289686274214117, 
            0.6845471059286888, 
            0.0, 
            -0.06560717646792705
        ], 
        [
            -0.6845471059286887, 
            0.7289686274214116, 
            0.0, 
            0.06160923953358198
        ], 
        [
            0.0, 
            0.0, 
            1.0, 
            0.1
        ], 
        [
            0.0, 
            0.0, 
            0.0, 
            1.0
        ]
    ], 
    "v_start_tool_frame": [
        1.0, 
        3.684433270203881e-16, 
        0.0
    ], 
    "task": "push", 
    "unhovering_start": [
        [
            0.7289686274214117, 
            0.6845471059286888, 
            0.0, 
            0.05831749019371293
        ], 
        [
            -0.6845471059286887, 
            0.7289686274214116, 
            0.0, 
            -0.05476376847429509
        ], 
        [
            0.0, 
            0.0, 
            1.0, 
            0.0
        ], 
        [
            0.0, 
            0.0, 
            0.0, 
            1.0
        ]
    ], 
    "Teffectivestart_hoveringend": [
        [
            1.0000000000000002, 
            1.6232400870470934e-16, 
            0.0, 
            -0.04999999999999999
        ], 
        [
            1.6232400870470934e-16, 
            1.0000000000000002, 
            0.0, 
            -1.6675875112085456e-17
        ], 
        [
            0.0, 
            0.0, 
            1.0, 
            0.0
        ], 
        [
            0.0, 
            0.0, 
            0.0, 
            1.0
        ]
    ], 
    "Tworld_toolstart": [
        [
            0.7289686274214118, 
            0.684547105928689, 
            0.0, 
            -0.029158745096856502
        ], 
        [
            -0.6845471059286887, 
            0.7289686274214116, 
            0.0, 
            0.02738188423714757
        ], 
        [
            0.0, 
            0.0, 
            1.0, 
            0.0
        ], 
        [
            0.0, 
            0.0, 
            0.0, 
            1.0
        ]
    ], 
    "unhovering_end": [
        [
            0.7289686274214117, 
            0.6845471059286888, 
            0.0, 
            0.05831749019371293
        ], 
        [
            -0.6845471059286887, 
            0.7289686274214116, 
            0.0, 
            -0.05476376847429509
        ], 
        [
            0.0, 
            0.0, 
            1.0, 
            0.1
        ], 
        [
            0.0, 
            0.0, 
            0.0, 
            1.0
        ]
    ], 
    "trajectory_screw_axes": [
        [
            -0.0, 
            -0.0, 
            -0.0, 
            -1.0, 
            -3.684433270203881e-16, 
            -0.0
        ]
    ]
}