{
    "Tworld_goalstart": [
        [
            1.0, 
            2.6868082853089192e-17, 
            0.0, 
            0.0
        ], 
        [
            2.6868082853089192e-17, 
            1.0, 
            0.0, 
            0.0
        ], 
        [
            0.0, 
            0.0, 
            1.0, 
            0.0
        ], 
        [
            0.0, 
            0.0, 
            0.0, 
            1.0
        ]
    ], 
    "Teffectivestart_hoveringstart": [
        [
            1.0, 
            -2.6868082853089192e-17, 
            0.0, 
            -0.05000000000000002
        ], 
        [
            -2.6868082853089192e-17, 
            1.0, 
            0.0, 
            -1.8905130954179647e-17
        ], 
        [
            0.0, 
            0.0, 
            1.0, 
            0.1
        ], 
        [
            0.0, 
            0.0, 
            0.0, 
            1.0
        ]
    ], 
    "hovering_end": [
        [
            -0.9297764858882518, 
            -0.3681245526846771, 
            0.0, 
            0.08367988372994266
        ], 
        [
            0.3681245526846771, 
            -0.9297764858882518, 
            0.0, 
            -0.03313120974162094
        ], 
        [
            0.0, 
            0.0, 
            1.0, 
            0.0
        ], 
        [
            0.0, 
            0.0, 
            0.0, 
            1.0
        ]
    ], 
    "sample file path": "learned_samples/ur/simulator/pointcloud/push/meiying_T_push_tool/meiying_tool_target/sample/sample_15.txt", 
    "v_start_goal_frame": [
        -0.9297764858882518, 
        0.3681245526846772, 
        0.0
    ], 
    "Teffectiveend_unhoveringend": [
        [
            1.0, 
            -2.6868082853089192e-17, 
            0.0, 
            0.0
        ], 
        [
            -2.6868082853089192e-17, 
            1.0, 
            0.0, 
            -9.925942472952066e-18
        ], 
        [
            0.0, 
            0.0, 
            1.0, 
            0.1
        ], 
        [
            0.0, 
            0.0, 
            0.0, 
            1.0
        ]
    ], 
    "task_type": "pose_change", 
    "goal": "meiying_tool_target", 
    "trajectory": [
        [
            [
                1.0, 
                -2.6868082853089192e-17, 
                0.0, 
                0.0
            ], 
            [
                -2.6868082853089192e-17, 
                1.0, 
                0.0, 
                -5.377717235276799e-19
            ], 
            [
                0.0, 
                0.0, 
                1.0, 
                0.0
            ], 
            [
                0.0, 
                0.0, 
                0.0, 
                1.0
            ]
        ], 
        [
            [
                1.0, 
                -2.6868082853089192e-17, 
                0.0, 
                0.44999999999999996
            ], 
            [
                -2.6868082853089192e-17, 
                1.0, 
                0.0, 
                -3.247734766065056e-17
            ], 
            [
                0.0, 
                0.0, 
                1.0, 
                0.0
            ], 
            [
                0.0, 
                0.0, 
                0.0, 
                1.0
            ]
        ]
    ], 
    "tool_contact_area_index": [
        155, 
        156, 
        157, 
        159, 
        166, 
        389, 
        391, 
        409, 
        423, 
        738, 
        747, 
        748, 
        749, 
        750, 
        754, 
        755, 
        756, 
        1282, 
        1296, 
        1297, 
        1298, 
        1303, 
        1304, 
        1305, 
        1306, 
        1309, 
        1313, 
        1506, 
        2512, 
        2597, 
        2598, 
        2599, 
        2919, 
        2921, 
        2922, 
        2923, 
        2924, 
        2925, 
        2926, 
        2927, 
        2928, 
        2929, 
        2930, 
        2932, 
        2933, 
        2934, 
        2937, 
        2942, 
        2943, 
        4281, 
        4285, 
        4286, 
        4288, 
        4289, 
        4290, 
        4299, 
        4539, 
        4540, 
        4541, 
        4542, 
        4543, 
        4544, 
        4545, 
        4546, 
        4547, 
        4548, 
        4549, 
        4550, 
        4551, 
        4552, 
        4553, 
        4554, 
        4563, 
        4564, 
        4565, 
        4576, 
        4580, 
        4775, 
        4776, 
        4778, 
        4779, 
        4780, 
        4781, 
        4782, 
        4789, 
        6059, 
        6065, 
        6066, 
        6069, 
        6076, 
        6297, 
        6298, 
        6299, 
        6300, 
        6301, 
        6302, 
        6480, 
        6481, 
        6513, 
        7716, 
        7717, 
        7719, 
        7723, 
        7724, 
        7725, 
        7726, 
        7736, 
        7737, 
        7738, 
        7739, 
        7740, 
        7741, 
        7742, 
        7743, 
        7744, 
        7745, 
        7746, 
        7747, 
        7748, 
        7749, 
        7750, 
        7751, 
        7752, 
        7753, 
        7754, 
        7755, 
        7756, 
        7757, 
        7758, 
        7759, 
        7760, 
        7761, 
        7762, 
        7763, 
        7764, 
        7765, 
        7766, 
        7767, 
        7768, 
        7769, 
        7883, 
        7884, 
        7885, 
        7886, 
        7887, 
        7917, 
        7918, 
        7919, 
        7920, 
        7921, 
        7922, 
        7926, 
        7927, 
        7928, 
        7929, 
        7930, 
        7931, 
        7932, 
        7933, 
        7934, 
        7935, 
        7936, 
        7937, 
        7938, 
        7939, 
        7940, 
        7941, 
        7942, 
        7943, 
        7944, 
        7945, 
        7946, 
        7947, 
        7948
    ], 
    "v_start_world_frame": [
        -0.9297764858882518, 
        0.3681245526846772, 
        0.0
    ], 
    "Ttool_goal": [
        [
            -0.9297764858882518, 
            0.3681245526846771, 
            0.0, 
            0.03999999999999998
        ], 
        [
            -0.3681245526846771, 
            -0.9297764858882518, 
            0.0, 
            -2.3387776935734083e-17
        ], 
        [
            0.0, 
            0.0, 
            1.0, 
            0.0
        ], 
        [
            0.0, 
            0.0, 
            0.0, 
            1.0
        ]
    ], 
    "tool_trajectory_world_frame": [
        [
            [
                -0.9297764858882518, 
                -0.3681245526846771, 
                0.0, 
                0.08367988372994266
            ], 
            [
                0.3681245526846771, 
                -0.9297764858882518, 
                0.0, 
                -0.03313120974162094
            ], 
            [
                0.0, 
                0.0, 
                1.0, 
                0.1
            ], 
            [
                0.0, 
                0.0, 
                0.0, 
                1.0
            ]
        ], 
        [
            [
                -0.9297764858882518, 
                -0.3681245526846771, 
                0.0, 
                0.08367988372994266
            ], 
            [
                0.3681245526846771, 
                -0.9297764858882518, 
                0.0, 
                -0.03313120974162094
            ], 
            [
                0.0, 
                0.0, 
                1.0, 
                0.0
            ], 
            [
                0.0, 
                0.0, 
                0.0, 
                1.0
            ]
        ], 
        [
            [
                -0.9297764858882518, 
                -0.3681245526846771, 
                0.0, 
                -0.38120835921418317
            ], 
            [
                0.3681245526846771, 
                -0.9297764858882518, 
                0.0, 
                0.1509310666007176
            ], 
            [
                0.0, 
                0.0, 
                1.0, 
                0.0
            ], 
            [
                0.0, 
                0.0, 
                0.0, 
                1.0
            ]
        ], 
        [
            [
                -0.9297764858882518, 
                -0.3681245526846771, 
                0.0, 
                -0.38120835921418317
            ], 
            [
                0.3681245526846771, 
                -0.9297764858882518, 
                0.0, 
                0.1509310666007176
            ], 
            [
                0.0, 
                0.0, 
                1.0, 
                0.1
            ], 
            [
                0.0, 
                0.0, 
                0.0, 
                1.0
            ]
        ]
    ], 
    "goal_contact_area_index": [
        1726, 
        1735, 
        1737, 
        2029, 
        2030, 
        2034, 
        2041, 
        2044, 
        2045, 
        2048, 
        2049, 
        2050, 
        2051, 
        2052, 
        2054, 
        2055, 
        2056, 
        2057, 
        2058, 
        2062, 
        2064, 
        2072, 
        2073, 
        2074, 
        2309, 
        2311, 
        2312, 
        2313, 
        2314, 
        2316, 
        2317, 
        2318, 
        2319, 
        2320, 
        2321, 
        2322, 
        2323, 
        2324, 
        2325, 
        2327, 
        2328, 
        2329, 
        2330, 
        2332, 
        2333, 
        2334, 
        2335, 
        2336, 
        2337, 
        2338, 
        2339, 
        2340, 
        2341, 
        2342, 
        2343, 
        2344, 
        2345, 
        2346, 
        2347, 
        2349, 
        2635, 
        2640, 
        2641, 
        2642, 
        2643, 
        2647, 
        2649, 
        2650, 
        2651, 
        2652, 
        2653, 
        2654, 
        2655, 
        2656, 
        2658, 
        2660, 
        2661, 
        2662, 
        2664, 
        2665, 
        2666, 
        2667, 
        2669, 
        2670, 
        2671, 
        2672, 
        2673, 
        2674, 
        2675, 
        2676, 
        2677, 
        2678, 
        2679, 
        2680, 
        2681, 
        2682, 
        2683, 
        2684, 
        2685, 
        2688, 
        2691, 
        2692, 
        2695, 
        2697, 
        2699, 
        2701, 
        2703, 
        2708, 
        2710, 
        2713, 
        2715, 
        2721, 
        2725, 
        2733, 
        2737, 
        2915, 
        2916, 
        2917, 
        2918, 
        2919, 
        2920, 
        2921, 
        2922, 
        2923, 
        2924, 
        2925, 
        2926, 
        2927, 
        2928, 
        2929, 
        2930, 
        2931, 
        2932, 
        3167, 
        3177, 
        3183, 
        3184, 
        3192, 
        3193, 
        3194, 
        3195, 
        3196, 
        3197, 
        3198, 
        3199, 
        3200, 
        3201, 
        3202, 
        3203, 
        3204, 
        3205, 
        3206, 
        3207, 
        3208, 
        3209, 
        3210, 
        3211, 
        3212, 
        3213, 
        3214, 
        3216, 
        3217, 
        3218, 
        3219, 
        3220, 
        3222, 
        3223, 
        3224, 
        3225, 
        3226, 
        3227, 
        3230, 
        3231, 
        3232, 
        3233, 
        3234, 
        3235, 
        3236, 
        3237, 
        3239, 
        3240, 
        3241, 
        3242, 
        3243, 
        3244, 
        3245, 
        3246, 
        3247, 
        3248, 
        3249, 
        3250, 
        3251, 
        3252, 
        3253, 
        3254, 
        3255, 
        3256, 
        3257, 
        3258, 
        3259, 
        3260, 
        3261, 
        3262, 
        3263, 
        3264, 
        3265, 
        3266, 
        3267, 
        3268, 
        3269, 
        3270, 
        3276, 
        3279, 
        3283, 
        3285, 
        3554, 
        3555, 
        3556, 
        3557, 
        3558, 
        3559, 
        3560, 
        3561, 
        3562, 
        3563, 
        3564, 
        3565, 
        3566, 
        3567, 
        3568, 
        3569, 
        3570, 
        3571, 
        3572, 
        3573, 
        3574, 
        3576, 
        3578, 
        3580, 
        3583, 
        3584, 
        3585
    ], 
    "changing_point": [
        1, 
        -2
    ], 
    "tool_trajectory_goal_frame": [
        [
            [
                -0.9297764858882518, 
                -0.3681245526846771, 
                0.0, 
                0.08367988372994266
            ], 
            [
                0.3681245526846771, 
                -0.9297764858882518, 
                0.0, 
                -0.03313120974162094
            ], 
            [
                0.0, 
                0.0, 
                1.0, 
                0.1
            ], 
            [
                0.0, 
                0.0, 
                0.0, 
                1.0
            ]
        ], 
        [
            [
                -0.9297764858882518, 
                -0.3681245526846771, 
                0.0, 
                0.08367988372994266
            ], 
            [
                0.3681245526846771, 
                -0.9297764858882518, 
                0.0, 
                -0.03313120974162094
            ], 
            [
                0.0, 
                0.0, 
                1.0, 
                0.0
            ], 
            [
                0.0, 
                0.0, 
                0.0, 
                1.0
            ]
        ], 
        [
            [
                -0.9297764858882518, 
                -0.3681245526846771, 
                0.0, 
                -0.38120835921418317
            ], 
            [
                0.3681245526846771, 
                -0.9297764858882518, 
                0.0, 
                0.1509310666007176
            ], 
            [
                0.0, 
                0.0, 
                1.0, 
                0.0
            ], 
            [
                0.0, 
                0.0, 
                0.0, 
                1.0
            ]
        ], 
        [
            [
                -0.9297764858882518, 
                -0.3681245526846771, 
                0.0, 
                -0.38120835921418317
            ], 
            [
                0.3681245526846771, 
                -0.9297764858882518, 
                0.0, 
                0.1509310666007176
            ], 
            [
                0.0, 
                0.0, 
                1.0, 
                0.1
            ], 
            [
                0.0, 
                0.0, 
                0.0, 
                1.0
            ]
        ]
    ], 
    "Teffectivestart_unhoveringstart": [
        [
            1.0, 
            -2.6868082853089192e-17, 
            0.0, 
            0.44999999999999996
        ], 
        [
            -2.6868082853089192e-17, 
            1.0, 
            0.0, 
            -3.331371940868615e-17
        ], 
        [
            0.0, 
            0.0, 
            1.0, 
            0.0
        ], 
        [
            0.0, 
            0.0, 
            0.0, 
            1.0
        ]
    ], 
    "raw sample file path": "learned_samples/ur/simulator/pointcloud/push/meiying_T_push_tool/meiying_tool_target/raw/raw_sample_15.txt", 
    "trajectory_thetas": [
        0.44999999999999996
    ], 
    "tool": "meiying_T_push_tool", 
    "Tworld_goalend": [
        [
            1.0, 
            2.6868082853089192e-17, 
            0.0, 
            -0.41839941864971325
        ], 
        [
            2.6868082853089192e-17, 
            1.0, 
            0.0, 
            0.1656560487081047
        ], 
        [
            0.0, 
            0.0, 
            1.0, 
            0.0
        ], 
        [
            0.0, 
            0.0, 
            0.0, 
            1.0
        ]
    ], 
    "Tworld_toolend": [
        [
            -0.9297764858882518, 
            -0.3681245526846771, 
            0.0, 
            -0.38120835921418317
        ], 
        [
            0.3681245526846771, 
            -0.9297764858882518, 
            0.0, 
            0.1509310666007176
        ], 
        [
            0.0, 
            0.0, 
            1.0, 
            0.0
        ], 
        [
            0.0, 
            0.0, 
            0.0, 
            1.0
        ]
    ], 
    "hovering_start": [
        [
            -0.9297764858882518, 
            -0.3681245526846771, 
            0.0, 
            0.08367988372994266
        ], 
        [
            0.3681245526846771, 
            -0.9297764858882518, 
            0.0, 
            -0.03313120974162094
        ], 
        [
            0.0, 
            0.0, 
            1.0, 
            0.1
        ], 
        [
            0.0, 
            0.0, 
            0.0, 
            1.0
        ]
    ], 
    "v_start_tool_frame": [
        1.0, 
        -9.784491826891782e-17, 
        0.0
    ], 
    "task": "push", 
    "unhovering_start": [
        [
            -0.9297764858882518, 
            -0.3681245526846771, 
            0.0, 
            -0.38120835921418317
        ], 
        [
            0.3681245526846771, 
            -0.9297764858882518, 
            0.0, 
            0.1509310666007176
        ], 
        [
            0.0, 
            0.0, 
            1.0, 
            0.0
        ], 
        [
            0.0, 
            0.0, 
            0.0, 
            1.0
        ]
    ], 
    "Teffectivestart_hoveringend": [
        [
            1.0, 
            -2.6868082853089192e-17, 
            0.0, 
            -0.05000000000000002
        ], 
        [
            -2.6868082853089192e-17, 
            1.0, 
            0.0, 
            -1.8905130954179647e-17
        ], 
        [
            0.0, 
            0.0, 
            1.0, 
            0.0
        ], 
        [
            0.0, 
            0.0, 
            0.0, 
            1.0
        ]
    ], 
    "Tworld_toolstart": [
        [
            -0.9297764858882518, 
            -0.3681245526846771, 
            0.0, 
            0.03719105943553005
        ], 
        [
            0.3681245526846771, 
            -0.9297764858882518, 
            0.0, 
            -0.014724982107387097
        ], 
        [
            0.0, 
            0.0, 
            1.0, 
            0.0
        ], 
        [
            0.0, 
            0.0, 
            0.0, 
            1.0
        ]
    ], 
    "unhovering_end": [
        [
            -0.9297764858882518, 
            -0.3681245526846771, 
            0.0, 
            -0.38120835921418317
        ], 
        [
            0.3681245526846771, 
            -0.9297764858882518, 
            0.0, 
            0.1509310666007176
        ], 
        [
            0.0, 
            0.0, 
            1.0, 
            0.1
        ], 
        [
            0.0, 
            0.0, 
            0.0, 
            1.0
        ]
    ], 
    "trajectory_screw_axes": [
        [
            -0.0, 
            -0.0, 
            -0.0, 
            -1.0, 
            9.784491826891782e-17, 
            -0.0
        ]
    ]
}