{
    "Tworld_goalstart": [
        [
            1.0, 
            -2.074003326461664e-18, 
            0.0, 
            0.0
        ], 
        [
            -2.074003326461664e-18, 
            1.0, 
            0.0, 
            0.0
        ], 
        [
            0.0, 
            0.0, 
            1.0, 
            0.0
        ], 
        [
            0.0, 
            0.0, 
            0.0, 
            1.0
        ]
    ], 
    "Teffectivestart_hoveringstart": [
        [
            1.0, 
            2.074003326461664e-18, 
            0.0, 
            -0.04999999999999985
        ], 
        [
            2.074003326461664e-18, 
            1.0, 
            0.0, 
            -2.3846245648404742e-17
        ], 
        [
            0.0, 
            0.0, 
            1.0, 
            0.1
        ], 
        [
            0.0, 
            0.0, 
            0.0, 
            1.0
        ]
    ], 
    "hovering_end": [
        [
            -0.18738131458572463, 
            -0.9822872507286887, 
            0.0, 
            0.016864318312715215
        ], 
        [
            0.9822872507286887, 
            -0.18738131458572463, 
            0.0, 
            -0.08840585256558198
        ], 
        [
            0.0, 
            0.0, 
            1.0, 
            0.0
        ], 
        [
            0.0, 
            0.0, 
            0.0, 
            1.0
        ]
    ], 
    "sample file path": "learned_samples/ur/simulator/pointcloud/push/meiying_T_push_tool/meiying_tool_target/sample/sample_19.txt", 
    "v_start_goal_frame": [
        -0.1873813145857246, 
        0.9822872507286887, 
        0.0
    ], 
    "Teffectiveend_unhoveringend": [
        [
            1.0, 
            2.074003326461664e-18, 
            0.0, 
            0.0
        ], 
        [
            2.074003326461664e-18, 
            1.0, 
            0.0, 
            -3.2879617027111394e-18
        ], 
        [
            0.0, 
            0.0, 
            1.0, 
            0.1
        ], 
        [
            0.0, 
            0.0, 
            0.0, 
            1.0
        ]
    ], 
    "task_type": "pose_change", 
    "goal": "meiying_tool_target", 
    "trajectory": [
        [
            [
                1.0, 
                2.074003326461664e-18, 
                0.0, 
                0.0
            ], 
            [
                2.074003326461664e-18, 
                1.0, 
                0.0, 
                -3.433464678841074e-19
            ], 
            [
                0.0, 
                0.0, 
                1.0, 
                0.0
            ], 
            [
                0.0, 
                0.0, 
                0.0, 
                1.0
            ]
        ], 
        [
            [
                1.0, 
                2.074003326461664e-18, 
                0.0, 
                0.5700000000000001
            ], 
            [
                2.074003326461664e-18, 
                1.0, 
                0.0, 
                -1.2828940820583578e-17
            ], 
            [
                0.0, 
                0.0, 
                1.0, 
                0.0
            ], 
            [
                0.0, 
                0.0, 
                0.0, 
                1.0
            ]
        ]
    ], 
    "tool_contact_area_index": [
        156, 
        159, 
        160, 
        161, 
        162, 
        164, 
        388, 
        389, 
        391, 
        410, 
        748, 
        749, 
        753, 
        1281, 
        1282, 
        1296, 
        1297, 
        1298, 
        1302, 
        1303, 
        1304, 
        1305, 
        1306, 
        1308, 
        1309, 
        1315, 
        2597, 
        2598, 
        2599, 
        2919, 
        2920, 
        2922, 
        2923, 
        2925, 
        2926, 
        2927, 
        2928, 
        2929, 
        2930, 
        2932, 
        2933, 
        2934, 
        2935, 
        2937, 
        2939, 
        4285, 
        4539, 
        4540, 
        4541, 
        4542, 
        4543, 
        4544, 
        4545, 
        4546, 
        4547, 
        4548, 
        4549, 
        4550, 
        4551, 
        4552, 
        4553, 
        4563, 
        4564, 
        4565, 
        4771, 
        4777, 
        4780, 
        4781, 
        4782, 
        4796, 
        6297, 
        6298, 
        6300, 
        6301, 
        6480, 
        6481, 
        6512, 
        6513, 
        7736, 
        7737, 
        7738, 
        7739, 
        7740, 
        7741, 
        7742, 
        7743, 
        7758, 
        7759, 
        7760, 
        7761, 
        7762, 
        7763, 
        7764, 
        7765, 
        7766, 
        7767, 
        7917, 
        7918, 
        7919, 
        7922, 
        7925, 
        7928, 
        7929, 
        7930, 
        7931, 
        7932, 
        7933, 
        7934, 
        7935, 
        7936, 
        7937, 
        7941, 
        7942, 
        7943, 
        7944, 
        7945, 
        7946, 
        7947, 
        8884
    ], 
    "v_start_world_frame": [
        -0.1873813145857246, 
        0.9822872507286887, 
        0.0
    ], 
    "Ttool_goal": [
        [
            -0.18738131458572463, 
            0.9822872507286887, 
            0.0, 
            0.04000000000000015
        ], 
        [
            -0.9822872507286887, 
            -0.18738131458572463, 
            0.0, 
            -2.2897229390550707e-17
        ], 
        [
            0.0, 
            0.0, 
            1.0, 
            0.0
        ], 
        [
            0.0, 
            0.0, 
            0.0, 
            1.0
        ]
    ], 
    "tool_trajectory_world_frame": [
        [
            [
                -0.18738131458572463, 
                -0.9822872507286887, 
                0.0, 
                0.016864318312715215
            ], 
            [
                0.9822872507286887, 
                -0.18738131458572463, 
                0.0, 
                -0.08840585256558198
            ], 
            [
                0.0, 
                0.0, 
                1.0, 
                0.1
            ], 
            [
                0.0, 
                0.0, 
                0.0, 
                1.0
            ]
        ], 
        [
            [
                -0.18738131458572463, 
                -0.9822872507286887, 
                0.0, 
                0.016864318312715215
            ], 
            [
                0.9822872507286887, 
                -0.18738131458572463, 
                0.0, 
                -0.08840585256558198
            ], 
            [
                0.0, 
                0.0, 
                1.0, 
                0.0
            ], 
            [
                0.0, 
                0.0, 
                0.0, 
                1.0
            ]
        ], 
        [
            [
                -0.18738131458572463, 
                -0.9822872507286887, 
                0.0, 
                -0.09931209673043404
            ], 
            [
                0.9822872507286887, 
                -0.18738131458572463, 
                0.0, 
                0.5206122428862049
            ], 
            [
                0.0, 
                0.0, 
                1.0, 
                0.0
            ], 
            [
                0.0, 
                0.0, 
                0.0, 
                1.0
            ]
        ], 
        [
            [
                -0.18738131458572463, 
                -0.9822872507286887, 
                0.0, 
                -0.09931209673043404
            ], 
            [
                0.9822872507286887, 
                -0.18738131458572463, 
                0.0, 
                0.5206122428862049
            ], 
            [
                0.0, 
                0.0, 
                1.0, 
                0.1
            ], 
            [
                0.0, 
                0.0, 
                0.0, 
                1.0
            ]
        ]
    ], 
    "goal_contact_area_index": [
        3354, 
        3359, 
        3376, 
        3621, 
        3635, 
        3637, 
        3639, 
        3643, 
        3644, 
        3645, 
        3646, 
        3647, 
        3648, 
        3649, 
        3650, 
        3651, 
        3652, 
        3653, 
        3654, 
        3655, 
        3657, 
        3659, 
        3661, 
        3662, 
        3664, 
        3665, 
        3666, 
        3667, 
        3668, 
        3669, 
        3670, 
        3671, 
        3672, 
        3673, 
        3674, 
        3677, 
        3678, 
        3679, 
        3680, 
        3681, 
        3683, 
        3688, 
        3691, 
        3870, 
        3874, 
        3901, 
        3902, 
        3904, 
        3907, 
        3908, 
        3910, 
        3911, 
        3912, 
        3913, 
        3914, 
        3915, 
        3916, 
        3917, 
        3918, 
        3919, 
        3920, 
        3921, 
        3922, 
        3923, 
        3924, 
        3925, 
        3926, 
        3928, 
        3929, 
        3930, 
        3931, 
        3932, 
        3933, 
        3934, 
        3935, 
        3936, 
        3937, 
        3939, 
        3940, 
        3941, 
        3942, 
        3943, 
        3945, 
        3946, 
        3947, 
        3948, 
        3949, 
        3951, 
        3952, 
        3953, 
        3954, 
        3955, 
        3960, 
        4091, 
        4102, 
        4104, 
        4105, 
        4106, 
        4107, 
        4108, 
        4109, 
        4111, 
        4112, 
        4113, 
        4114, 
        4115, 
        4116, 
        4117, 
        4118, 
        4119, 
        4120, 
        4121, 
        4122, 
        4124, 
        4125, 
        4126, 
        4127, 
        4128, 
        4129, 
        4130, 
        4131, 
        4132, 
        4133, 
        4135, 
        4136, 
        4137, 
        4138, 
        4139, 
        4140, 
        4309, 
        4310, 
        4312, 
        4314, 
        4316, 
        4318, 
        4319, 
        4320, 
        4321, 
        4322, 
        4323, 
        4324, 
        4325, 
        4327, 
        4328, 
        4448, 
        4475, 
        4477, 
        4478, 
        4480
    ], 
    "changing_point": [
        1, 
        -2
    ], 
    "tool_trajectory_goal_frame": [
        [
            [
                -0.18738131458572463, 
                -0.9822872507286887, 
                0.0, 
                0.016864318312715215
            ], 
            [
                0.9822872507286887, 
                -0.18738131458572463, 
                0.0, 
                -0.08840585256558198
            ], 
            [
                0.0, 
                0.0, 
                1.0, 
                0.1
            ], 
            [
                0.0, 
                0.0, 
                0.0, 
                1.0
            ]
        ], 
        [
            [
                -0.18738131458572463, 
                -0.9822872507286887, 
                0.0, 
                0.016864318312715215
            ], 
            [
                0.9822872507286887, 
                -0.18738131458572463, 
                0.0, 
                -0.08840585256558198
            ], 
            [
                0.0, 
                0.0, 
                1.0, 
                0.0
            ], 
            [
                0.0, 
                0.0, 
                0.0, 
                1.0
            ]
        ], 
        [
            [
                -0.18738131458572463, 
                -0.9822872507286887, 
                0.0, 
                -0.09931209673043404
            ], 
            [
                0.9822872507286887, 
                -0.18738131458572463, 
                0.0, 
                0.5206122428862049
            ], 
            [
                0.0, 
                0.0, 
                1.0, 
                0.0
            ], 
            [
                0.0, 
                0.0, 
                0.0, 
                1.0
            ]
        ], 
        [
            [
                -0.18738131458572463, 
                -0.9822872507286887, 
                0.0, 
                -0.09931209673043404
            ], 
            [
                0.9822872507286887, 
                -0.18738131458572463, 
                0.0, 
                0.5206122428862049
            ], 
            [
                0.0, 
                0.0, 
                1.0, 
                0.1
            ], 
            [
                0.0, 
                0.0, 
                0.0, 
                1.0
            ]
        ]
    ], 
    "Teffectivestart_unhoveringstart": [
        [
            1.0, 
            2.074003326461664e-18, 
            0.0, 
            0.5700000000000001
        ], 
        [
            2.074003326461664e-18, 
            1.0, 
            0.0, 
            -1.230740328544739e-17
        ], 
        [
            0.0, 
            0.0, 
            1.0, 
            0.0
        ], 
        [
            0.0, 
            0.0, 
            0.0, 
            1.0
        ]
    ], 
    "raw sample file path": "learned_samples/ur/simulator/pointcloud/push/meiying_T_push_tool/meiying_tool_target/raw/raw_sample_19.txt", 
    "trajectory_thetas": [
        0.5700000000000001
    ], 
    "tool": "meiying_T_push_tool", 
    "Tworld_goalend": [
        [
            1.0, 
            -2.074003326461664e-18, 
            0.0, 
            -0.10680734931386303
        ], 
        [
            -2.074003326461664e-18, 
            1.0, 
            0.0, 
            0.5599037329153526
        ], 
        [
            0.0, 
            0.0, 
            1.0, 
            0.0
        ], 
        [
            0.0, 
            0.0, 
            0.0, 
            1.0
        ]
    ], 
    "Tworld_toolend": [
        [
            -0.18738131458572463, 
            -0.9822872507286887, 
            0.0, 
            -0.09931209673043404
        ], 
        [
            0.9822872507286887, 
            -0.18738131458572463, 
            0.0, 
            0.5206122428862049
        ], 
        [
            0.0, 
            0.0, 
            1.0, 
            0.0
        ], 
        [
            0.0, 
            0.0, 
            0.0, 
            1.0
        ]
    ], 
    "hovering_start": [
        [
            -0.18738131458572463, 
            -0.9822872507286887, 
            0.0, 
            0.016864318312715215
        ], 
        [
            0.9822872507286887, 
            -0.18738131458572463, 
            0.0, 
            -0.08840585256558198
        ], 
        [
            0.0, 
            0.0, 
            1.0, 
            0.1
        ], 
        [
            0.0, 
            0.0, 
            0.0, 
            1.0
        ]
    ], 
    "v_start_tool_frame": [
        1.0, 
        -1.9830548169502318e-17, 
        0.0
    ], 
    "task": "push", 
    "unhovering_start": [
        [
            -0.18738131458572463, 
            -0.9822872507286887, 
            0.0, 
            -0.09931209673043404
        ], 
        [
            0.9822872507286887, 
            -0.18738131458572463, 
            0.0, 
            0.5206122428862049
        ], 
        [
            0.0, 
            0.0, 
            1.0, 
            0.0
        ], 
        [
            0.0, 
            0.0, 
            0.0, 
            1.0
        ]
    ], 
    "Teffectivestart_hoveringend": [
        [
            1.0, 
            2.074003326461664e-18, 
            0.0, 
            -0.04999999999999985
        ], 
        [
            2.074003326461664e-18, 
            1.0, 
            0.0, 
            -2.3846245648404742e-17
        ], 
        [
            0.0, 
            0.0, 
            1.0, 
            0.0
        ], 
        [
            0.0, 
            0.0, 
            0.0, 
            1.0
        ]
    ], 
    "Tworld_toolstart": [
        [
            -0.18738131458572463, 
            -0.9822872507286887, 
            0.0, 
            0.00749525258342899
        ], 
        [
            0.9822872507286887, 
            -0.18738131458572463, 
            0.0, 
            -0.039291490029147697
        ], 
        [
            0.0, 
            0.0, 
            1.0, 
            0.0
        ], 
        [
            0.0, 
            0.0, 
            0.0, 
            1.0
        ]
    ], 
    "unhovering_end": [
        [
            -0.18738131458572463, 
            -0.9822872507286887, 
            0.0, 
            -0.09931209673043404
        ], 
        [
            0.9822872507286887, 
            -0.18738131458572463, 
            0.0, 
            0.5206122428862049
        ], 
        [
            0.0, 
            0.0, 
            1.0, 
            0.1
        ], 
        [
            0.0, 
            0.0, 
            0.0, 
            1.0
        ]
    ], 
    "trajectory_screw_axes": [
        [
            -0.0, 
            -0.0, 
            -0.0, 
            -1.0, 
            1.9830548169502318e-17, 
            -0.0
        ]
    ]
}