{
    "Tworld_goalstart": [
        [
            1.0, 
            -1.4501744564460953e-17, 
            0.0, 
            0.0
        ], 
        [
            -1.4501744564460953e-17, 
            1.0, 
            0.0, 
            0.0
        ], 
        [
            0.0, 
            0.0, 
            1.0, 
            0.0
        ], 
        [
            0.0, 
            0.0, 
            0.0, 
            1.0
        ]
    ], 
    "Teffectivestart_hoveringstart": [
        [
            1.0, 
            1.4501744564460953e-17, 
            0.0, 
            -0.04999999999999996
        ], 
        [
            1.4501744564460953e-17, 
            1.0, 
            0.0, 
            -7.881920278282797e-17
        ], 
        [
            0.0, 
            0.0, 
            1.0, 
            0.1
        ], 
        [
            0.0, 
            0.0, 
            0.0, 
            1.0
        ]
    ], 
    "hovering_end": [
        [
            0.5358267949789975, 
            -0.8443279255020145, 
            0.0, 
            -0.048224411548109775
        ], 
        [
            0.8443279255020145, 
            0.5358267949789975, 
            0.0, 
            -0.0759895132951813
        ], 
        [
            0.0, 
            0.0, 
            1.0, 
            0.0
        ], 
        [
            0.0, 
            0.0, 
            0.0, 
            1.0
        ]
    ], 
    "sample file path": "learned_samples/ur/simulator/pointcloud/push/meiying_T_push_tool/meiying_tool_target/sample/sample_22.txt", 
    "v_start_goal_frame": [
        0.5358267949789975, 
        0.8443279255020145, 
        0.0
    ], 
    "Teffectiveend_unhoveringend": [
        [
            1.0, 
            1.4501744564460953e-17, 
            0.0, 
            0.0
        ], 
        [
            1.4501744564460953e-17, 
            1.0, 
            0.0, 
            -2.2185206996505013e-17
        ], 
        [
            0.0, 
            0.0, 
            1.0, 
            0.1
        ], 
        [
            0.0, 
            0.0, 
            0.0, 
            1.0
        ]
    ], 
    "task_type": "pose_change", 
    "goal": "meiying_tool_target", 
    "trajectory": [
        [
            [
                1.0, 
                1.4501744564460953e-17, 
                0.0, 
                0.0
            ], 
            [
                1.4501744564460953e-17, 
                1.0, 
                0.0, 
                -1.0276099036794182e-19
            ], 
            [
                0.0, 
                0.0, 
                1.0, 
                0.0
            ], 
            [
                0.0, 
                0.0, 
                0.0, 
                1.0
            ]
        ], 
        [
            [
                1.0, 
                1.4501744564460953e-17, 
                0.0, 
                0.6599999999999999
            ], 
            [
                1.4501744564460953e-17, 
                1.0, 
                0.0, 
                -4.647133566018031e-17
            ], 
            [
                0.0, 
                0.0, 
                1.0, 
                0.0
            ], 
            [
                0.0, 
                0.0, 
                0.0, 
                1.0
            ]
        ]
    ], 
    "tool_contact_area_index": [
        1281, 
        1282, 
        1288, 
        1295, 
        1296, 
        1297, 
        1298, 
        1301, 
        1303, 
        1305, 
        1306, 
        2597, 
        4282, 
        4285, 
        4289, 
        4299, 
        4539, 
        4540, 
        4541, 
        4542, 
        4543, 
        4544, 
        4548, 
        4550, 
        4552, 
        4565, 
        4776, 
        4778, 
        4780, 
        4781, 
        4782, 
        4795, 
        4796, 
        6065, 
        6075, 
        6302, 
        6480, 
        6481, 
        6512, 
        7723, 
        7724, 
        7725, 
        7726, 
        7736, 
        7737, 
        7738, 
        7739, 
        7740, 
        7741, 
        7742, 
        7743, 
        7744, 
        7745, 
        7746, 
        7747, 
        7748, 
        7749, 
        7750, 
        7751, 
        7752, 
        7753, 
        7754, 
        7755, 
        7756, 
        7757, 
        7758, 
        7759, 
        7760, 
        7761, 
        7762, 
        7763, 
        7764, 
        7765, 
        7766, 
        7767, 
        7768, 
        7769, 
        7883, 
        7884, 
        7885, 
        7886, 
        7887, 
        7917, 
        7918, 
        7919, 
        7922, 
        7927, 
        7928, 
        7929, 
        7930, 
        7931, 
        7932, 
        7933, 
        7934, 
        7935, 
        7936, 
        7937, 
        7938, 
        7939, 
        7940, 
        7941, 
        7943, 
        7946
    ], 
    "v_start_world_frame": [
        0.5358267949789975, 
        0.8443279255020145, 
        0.0
    ], 
    "Ttool_goal": [
        [
            0.5358267949789975, 
            0.8443279255020145, 
            0.0, 
            0.040000000000000036
        ], 
        [
            -0.8443279255020145, 
            0.5358267949789975, 
            0.0, 
            -7.75935972373949e-17
        ], 
        [
            0.0, 
            0.0, 
            1.0, 
            0.0
        ], 
        [
            0.0, 
            0.0, 
            0.0, 
            1.0
        ]
    ], 
    "tool_trajectory_world_frame": [
        [
            [
                0.5358267949789975, 
                -0.8443279255020145, 
                0.0, 
                -0.048224411548109775
            ], 
            [
                0.8443279255020145, 
                0.5358267949789975, 
                0.0, 
                -0.0759895132951813
            ], 
            [
                0.0, 
                0.0, 
                1.0, 
                0.1
            ], 
            [
                0.0, 
                0.0, 
                0.0, 
                1.0
            ]
        ], 
        [
            [
                0.5358267949789975, 
                -0.8443279255020145, 
                0.0, 
                -0.048224411548109775
            ], 
            [
                0.8443279255020145, 
                0.5358267949789975, 
                0.0, 
                -0.0759895132951813
            ], 
            [
                0.0, 
                0.0, 
                1.0, 
                0.0
            ], 
            [
                0.0, 
                0.0, 
                0.0, 
                1.0
            ]
        ], 
        [
            [
                0.5358267949789975, 
                -0.8443279255020145, 
                0.0, 
                0.3322126128869784
            ], 
            [
                0.8443279255020145, 
                0.5358267949789975, 
                0.0, 
                0.5234833138112489
            ], 
            [
                0.0, 
                0.0, 
                1.0, 
                0.0
            ], 
            [
                0.0, 
                0.0, 
                0.0, 
                1.0
            ]
        ], 
        [
            [
                0.5358267949789975, 
                -0.8443279255020145, 
                0.0, 
                0.3322126128869784
            ], 
            [
                0.8443279255020145, 
                0.5358267949789975, 
                0.0, 
                0.5234833138112489
            ], 
            [
                0.0, 
                0.0, 
                1.0, 
                0.1
            ], 
            [
                0.0, 
                0.0, 
                0.0, 
                1.0
            ]
        ]
    ], 
    "goal_contact_area_index": [
        4656, 
        4660, 
        4668, 
        4669, 
        4674, 
        4675, 
        4879, 
        4880, 
        4882, 
        4883, 
        4884, 
        4885, 
        4887, 
        4888, 
        4889, 
        5049, 
        5050, 
        5051, 
        5052, 
        5053, 
        5054, 
        5055, 
        5056, 
        5057, 
        5058, 
        5059, 
        5060, 
        5061, 
        5062, 
        5063, 
        5064, 
        5202, 
        5203, 
        5205, 
        5207, 
        5208, 
        5280, 
        5281, 
        5282, 
        5283, 
        5284, 
        5285, 
        5286, 
        5287, 
        5288, 
        5289, 
        5290, 
        5435, 
        5436, 
        5438, 
        5439, 
        5440, 
        5441, 
        5442, 
        5443, 
        5444, 
        5445, 
        5446, 
        5447, 
        5448, 
        5449, 
        5643, 
        5644, 
        5646, 
        5647, 
        5648, 
        5649, 
        5650, 
        5651, 
        5653, 
        5654, 
        5655, 
        5656, 
        5657, 
        5658, 
        5659, 
        5660, 
        5661, 
        5662, 
        5663, 
        5664, 
        5665, 
        5666, 
        5667, 
        5863, 
        5864, 
        5866, 
        5867, 
        5868, 
        5872, 
        5873, 
        5874, 
        5875, 
        5876, 
        5879, 
        5880, 
        5882, 
        5884, 
        5885, 
        5886, 
        5887, 
        5889, 
        5891, 
        5892, 
        5893, 
        5895, 
        5899, 
        5901, 
        5902, 
        5905, 
        5906, 
        5907, 
        6122, 
        6123, 
        6124, 
        6125, 
        6126, 
        6127, 
        6128, 
        6129, 
        6130, 
        6131, 
        6132, 
        6133, 
        6134, 
        6135, 
        6291, 
        6293, 
        6294, 
        6296, 
        6298, 
        6299, 
        6302, 
        6304, 
        6306, 
        6307, 
        6308, 
        6313, 
        6314
    ], 
    "changing_point": [
        1, 
        -2
    ], 
    "tool_trajectory_goal_frame": [
        [
            [
                0.5358267949789975, 
                -0.8443279255020145, 
                0.0, 
                -0.048224411548109775
            ], 
            [
                0.8443279255020145, 
                0.5358267949789975, 
                0.0, 
                -0.0759895132951813
            ], 
            [
                0.0, 
                0.0, 
                1.0, 
                0.1
            ], 
            [
                0.0, 
                0.0, 
                0.0, 
                1.0
            ]
        ], 
        [
            [
                0.5358267949789975, 
                -0.8443279255020145, 
                0.0, 
                -0.048224411548109775
            ], 
            [
                0.8443279255020145, 
                0.5358267949789975, 
                0.0, 
                -0.0759895132951813
            ], 
            [
                0.0, 
                0.0, 
                1.0, 
                0.0
            ], 
            [
                0.0, 
                0.0, 
                0.0, 
                1.0
            ]
        ], 
        [
            [
                0.5358267949789975, 
                -0.8443279255020145, 
                0.0, 
                0.3322126128869784
            ], 
            [
                0.8443279255020145, 
                0.5358267949789975, 
                0.0, 
                0.5234833138112489
            ], 
            [
                0.0, 
                0.0, 
                1.0, 
                0.0
            ], 
            [
                0.0, 
                0.0, 
                0.0, 
                1.0
            ]
        ], 
        [
            [
                0.5358267949789975, 
                -0.8443279255020145, 
                0.0, 
                0.3322126128869784
            ], 
            [
                0.8443279255020145, 
                0.5358267949789975, 
                0.0, 
                0.5234833138112489
            ], 
            [
                0.0, 
                0.0, 
                1.0, 
                0.1
            ], 
            [
                0.0, 
                0.0, 
                0.0, 
                1.0
            ]
        ]
    ], 
    "Teffectivestart_unhoveringstart": [
        [
            1.0, 
            1.4501744564460953e-17, 
            0.0, 
            0.6599999999999999
        ], 
        [
            1.4501744564460953e-17, 
            1.0, 
            0.0, 
            -4.4267653002642084e-17
        ], 
        [
            0.0, 
            0.0, 
            1.0, 
            0.0
        ], 
        [
            0.0, 
            0.0, 
            0.0, 
            1.0
        ]
    ], 
    "raw sample file path": "learned_samples/ur/simulator/pointcloud/push/meiying_T_push_tool/meiying_tool_target/raw/raw_sample_22.txt", 
    "trajectory_thetas": [
        0.6599999999999999
    ], 
    "tool": "meiying_T_push_tool", 
    "Tworld_goalend": [
        [
            1.0, 
            -1.4501744564460953e-17, 
            0.0, 
            0.35364568468613833
        ], 
        [
            -1.4501744564460953e-17, 
            1.0, 
            0.0, 
            0.5572564308313295
        ], 
        [
            0.0, 
            0.0, 
            1.0, 
            0.0
        ], 
        [
            0.0, 
            0.0, 
            0.0, 
            1.0
        ]
    ], 
    "Tworld_toolend": [
        [
            0.5358267949789975, 
            -0.8443279255020145, 
            0.0, 
            0.3322126128869784
        ], 
        [
            0.8443279255020145, 
            0.5358267949789975, 
            0.0, 
            0.5234833138112489
        ], 
        [
            0.0, 
            0.0, 
            1.0, 
            0.0
        ], 
        [
            0.0, 
            0.0, 
            0.0, 
            1.0
        ]
    ], 
    "hovering_start": [
        [
            0.5358267949789975, 
            -0.8443279255020145, 
            0.0, 
            -0.048224411548109775
        ], 
        [
            0.8443279255020145, 
            0.5358267949789975, 
            0.0, 
            -0.0759895132951813
        ], 
        [
            0.0, 
            0.0, 
            1.0, 
            0.1
        ], 
        [
            0.0, 
            0.0, 
            0.0, 
            1.0
        ]
    ], 
    "v_start_tool_frame": [
        1.0, 
        -5.575367160192144e-17, 
        0.0
    ], 
    "task": "push", 
    "unhovering_start": [
        [
            0.5358267949789975, 
            -0.8443279255020145, 
            0.0, 
            0.3322126128869784
        ], 
        [
            0.8443279255020145, 
            0.5358267949789975, 
            0.0, 
            0.5234833138112489
        ], 
        [
            0.0, 
            0.0, 
            1.0, 
            0.0
        ], 
        [
            0.0, 
            0.0, 
            0.0, 
            1.0
        ]
    ], 
    "Teffectivestart_hoveringend": [
        [
            1.0, 
            1.4501744564460953e-17, 
            0.0, 
            -0.04999999999999996
        ], 
        [
            1.4501744564460953e-17, 
            1.0, 
            0.0, 
            -7.881920278282797e-17
        ], 
        [
            0.0, 
            0.0, 
            1.0, 
            0.0
        ], 
        [
            0.0, 
            0.0, 
            0.0, 
            1.0
        ]
    ], 
    "Tworld_toolstart": [
        [
            0.5358267949789975, 
            -0.8443279255020145, 
            0.0, 
            -0.021433071799159986
        ], 
        [
            0.8443279255020145, 
            0.5358267949789975, 
            0.0, 
            -0.03377311702008057
        ], 
        [
            0.0, 
            0.0, 
            1.0, 
            0.0
        ], 
        [
            0.0, 
            0.0, 
            0.0, 
            1.0
        ]
    ], 
    "unhovering_end": [
        [
            0.5358267949789975, 
            -0.8443279255020145, 
            0.0, 
            0.3322126128869784
        ], 
        [
            0.8443279255020145, 
            0.5358267949789975, 
            0.0, 
            0.5234833138112489
        ], 
        [
            0.0, 
            0.0, 
            1.0, 
            0.1
        ], 
        [
            0.0, 
            0.0, 
            0.0, 
            1.0
        ]
    ], 
    "trajectory_screw_axes": [
        [
            -0.0, 
            -0.0, 
            -0.0, 
            -1.0, 
            5.575367160192144e-17, 
            -0.0
        ]
    ]
}