{
    "Tworld_goalstart": [
        [
            1.0, 
            4.436248660930358e-18, 
            0.0, 
            0.0
        ], 
        [
            4.436248660930358e-18, 
            1.0, 
            0.0, 
            0.0
        ], 
        [
            0.0, 
            0.0, 
            1.0, 
            0.0
        ], 
        [
            0.0, 
            0.0, 
            0.0, 
            1.0
        ]
    ], 
    "Teffectivestart_hoveringstart": [
        [
            1.0, 
            -4.436248660930358e-18, 
            0.0, 
            -0.04999999999999996
        ], 
        [
            -4.436248660930358e-18, 
            1.0, 
            0.0, 
            1.0813236927945852e-18
        ], 
        [
            0.0, 
            0.0, 
            1.0, 
            0.1
        ], 
        [
            0.0, 
            0.0, 
            0.0, 
            1.0
        ]
    ], 
    "hovering_end": [
        [
            -0.9921147013144778, 
            0.12533323356430498, 
            0.0, 
            0.089290323118303
        ], 
        [
            -0.12533323356430498, 
            -0.9921147013144778, 
            0.0, 
            0.011279991020787448
        ], 
        [
            0.0, 
            0.0, 
            1.0, 
            0.0
        ], 
        [
            0.0, 
            0.0, 
            0.0, 
            1.0
        ]
    ], 
    "sample file path": "learned_samples/ur/simulator/pointcloud/push/meiying_T_push_tool/meiying_tool_target/sample/sample_13.txt", 
    "v_start_goal_frame": [
        -0.9921147013144778, 
        -0.12533323356430498, 
        0.0
    ], 
    "Teffectiveend_unhoveringend": [
        [
            1.0, 
            -4.436248660930358e-18, 
            0.0, 
            0.0
        ], 
        [
            -4.436248660930358e-18, 
            1.0, 
            0.0, 
            -1.4302215015239635e-19
        ], 
        [
            0.0, 
            0.0, 
            1.0, 
            0.1
        ], 
        [
            0.0, 
            0.0, 
            0.0, 
            1.0
        ]
    ], 
    "task_type": "pose_change", 
    "goal": "meiying_tool_target", 
    "trajectory": [
        [
            [
                1.0, 
                -4.436248660930358e-18, 
                0.0, 
                0.0
            ], 
            [
                -4.436248660930358e-18, 
                1.0, 
                0.0, 
                1.7979702691715004e-20
            ], 
            [
                0.0, 
                0.0, 
                1.0, 
                0.0
            ], 
            [
                0.0, 
                0.0, 
                0.0, 
                1.0
            ]
        ], 
        [
            [
                1.0, 
                -4.436248660930358e-18, 
                0.0, 
                0.39
            ], 
            [
                -4.436248660930358e-18, 
                1.0, 
                0.0, 
                1.5917013258244107e-18
            ], 
            [
                0.0, 
                0.0, 
                1.0, 
                0.0
            ], 
            [
                0.0, 
                0.0, 
                0.0, 
                1.0
            ]
        ]
    ], 
    "tool_contact_area_index": [
        163, 
        164, 
        384, 
        388, 
        389, 
        390, 
        391, 
        735, 
        738, 
        747, 
        755, 
        756, 
        1296, 
        1298, 
        1299, 
        1301, 
        1303, 
        1304, 
        1305, 
        1306, 
        1309, 
        2597, 
        2598, 
        2599, 
        2919, 
        2923, 
        2924, 
        2925, 
        2926, 
        2927, 
        2928, 
        2929, 
        2930, 
        2931, 
        2932, 
        2933, 
        2934, 
        2943, 
        4281, 
        4282, 
        4285, 
        4286, 
        4288, 
        4289, 
        4290, 
        4299, 
        4541, 
        4542, 
        4544, 
        4545, 
        4547, 
        4548, 
        4550, 
        4551, 
        4552, 
        4553, 
        4554, 
        4563, 
        4564, 
        4565, 
        4767, 
        4778, 
        4779, 
        4780, 
        4781, 
        4782, 
        4795, 
        4796, 
        6067, 
        6068, 
        6070, 
        6297, 
        6298, 
        6299, 
        6301, 
        6302, 
        6480, 
        6481, 
        6512, 
        6513, 
        6514, 
        7716, 
        7723, 
        7724, 
        7725, 
        7726, 
        7736, 
        7737, 
        7738, 
        7739, 
        7740, 
        7741, 
        7742, 
        7743, 
        7744, 
        7745, 
        7746, 
        7747, 
        7748, 
        7749, 
        7750, 
        7751, 
        7752, 
        7753, 
        7754, 
        7755, 
        7756, 
        7757, 
        7758, 
        7759, 
        7760, 
        7761, 
        7762, 
        7763, 
        7764, 
        7765, 
        7766, 
        7767, 
        7768, 
        7769, 
        7883, 
        7884, 
        7885, 
        7886, 
        7887, 
        7917, 
        7918, 
        7919, 
        7922, 
        7923, 
        7924, 
        7928, 
        7929, 
        7930, 
        7931, 
        7932, 
        7933, 
        7934, 
        7935, 
        7936, 
        7937, 
        7938, 
        7939, 
        7940, 
        7941, 
        7942, 
        7944, 
        7945, 
        7946, 
        7947, 
        7948
    ], 
    "v_start_world_frame": [
        -0.9921147013144778, 
        -0.12533323356430498, 
        0.0
    ], 
    "Ttool_goal": [
        [
            -0.9921147013144778, 
            -0.12533323356430498, 
            0.0, 
            0.040000000000000036
        ], 
        [
            0.12533323356430498, 
            -0.9921147013144778, 
            0.0, 
            1.5874004358775602e-18
        ], 
        [
            0.0, 
            0.0, 
            1.0, 
            0.0
        ], 
        [
            0.0, 
            0.0, 
            0.0, 
            1.0
        ]
    ], 
    "tool_trajectory_world_frame": [
        [
            [
                -0.9921147013144778, 
                0.12533323356430498, 
                0.0, 
                0.089290323118303
            ], 
            [
                -0.12533323356430498, 
                -0.9921147013144778, 
                0.0, 
                0.011279991020787448
            ], 
            [
                0.0, 
                0.0, 
                1.0, 
                0.1
            ], 
            [
                0.0, 
                0.0, 
                0.0, 
                1.0
            ]
        ], 
        [
            [
                -0.9921147013144778, 
                0.12533323356430498, 
                0.0, 
                0.089290323118303
            ], 
            [
                -0.12533323356430498, 
                -0.9921147013144778, 
                0.0, 
                0.011279991020787448
            ], 
            [
                0.0, 
                0.0, 
                1.0, 
                0.0
            ], 
            [
                0.0, 
                0.0, 
                0.0, 
                1.0
            ]
        ], 
        [
            [
                -0.9921147013144778, 
                0.12533323356430498, 
                0.0, 
                -0.3472401454600672
            ], 
            [
                -0.12533323356430498, 
                -0.9921147013144778, 
                0.0, 
                -0.04386663174750674
            ], 
            [
                0.0, 
                0.0, 
                1.0, 
                0.0
            ], 
            [
                0.0, 
                0.0, 
                0.0, 
                1.0
            ]
        ], 
        [
            [
                -0.9921147013144778, 
                0.12533323356430498, 
                0.0, 
                -0.3472401454600672
            ], 
            [
                -0.12533323356430498, 
                -0.9921147013144778, 
                0.0, 
                -0.04386663174750674
            ], 
            [
                0.0, 
                0.0, 
                1.0, 
                0.1
            ], 
            [
                0.0, 
                0.0, 
                0.0, 
                1.0
            ]
        ]
    ], 
    "goal_contact_area_index": [
        1457, 
        1461, 
        1463, 
        1465, 
        1466, 
        1468, 
        1469, 
        1470, 
        1472, 
        1480, 
        1481, 
        1483, 
        1689, 
        1690, 
        1691, 
        1692, 
        1693, 
        1694, 
        1695, 
        1696, 
        1697, 
        1698, 
        1699, 
        1700, 
        1701, 
        1702, 
        1703, 
        1704, 
        1705, 
        1706, 
        1707, 
        1708, 
        1709, 
        1710, 
        1711, 
        1712, 
        1713, 
        1714, 
        1715, 
        1716, 
        1717, 
        1718, 
        1719, 
        1720, 
        1722, 
        1723, 
        1724, 
        1737, 
        2018, 
        2019, 
        2020, 
        2022, 
        2023, 
        2024, 
        2025, 
        2026, 
        2027, 
        2028, 
        2030, 
        2031, 
        2033, 
        2034, 
        2035, 
        2036, 
        2037, 
        2039, 
        2285, 
        2286, 
        2288, 
        2290, 
        2291, 
        2292, 
        2293, 
        2294, 
        2295, 
        2297, 
        2298, 
        2299, 
        2300, 
        2301, 
        2302, 
        2303, 
        2304, 
        2305, 
        2307, 
        2308, 
        2313, 
        2314, 
        2602, 
        2615, 
        2616, 
        2618, 
        2621, 
        2622, 
        2623, 
        2624, 
        2625, 
        2626, 
        2627, 
        2629, 
        2630, 
        2631, 
        2632, 
        2633, 
        2635, 
        2636, 
        2637, 
        2638, 
        2639, 
        2641, 
        2645, 
        2885, 
        2888, 
        2893, 
        2896, 
        2897, 
        2899, 
        2901, 
        2902, 
        2903, 
        2904, 
        2905, 
        2906, 
        2907, 
        2908, 
        2909, 
        2910, 
        2911, 
        2912, 
        3138, 
        3139, 
        3140, 
        3143, 
        3146, 
        3147, 
        3148, 
        3149, 
        3150, 
        3151, 
        3152, 
        3153, 
        3154, 
        3155, 
        3156, 
        3157, 
        3158, 
        3159, 
        3160, 
        3161, 
        3162, 
        3163, 
        3167, 
        3168, 
        3169, 
        3170, 
        3171, 
        3173, 
        3174, 
        3175, 
        3176, 
        3177, 
        3178, 
        3179, 
        3180, 
        3181, 
        3182, 
        3183, 
        3184, 
        3185, 
        3186, 
        3187, 
        3188, 
        3189, 
        3190, 
        3206, 
        3209, 
        3211, 
        3509, 
        3526, 
        3527, 
        3529, 
        3531
    ], 
    "changing_point": [
        1, 
        -2
    ], 
    "tool_trajectory_goal_frame": [
        [
            [
                -0.9921147013144778, 
                0.12533323356430498, 
                0.0, 
                0.089290323118303
            ], 
            [
                -0.12533323356430498, 
                -0.9921147013144778, 
                0.0, 
                0.011279991020787448
            ], 
            [
                0.0, 
                0.0, 
                1.0, 
                0.1
            ], 
            [
                0.0, 
                0.0, 
                0.0, 
                1.0
            ]
        ], 
        [
            [
                -0.9921147013144778, 
                0.12533323356430498, 
                0.0, 
                0.089290323118303
            ], 
            [
                -0.12533323356430498, 
                -0.9921147013144778, 
                0.0, 
                0.011279991020787448
            ], 
            [
                0.0, 
                0.0, 
                1.0, 
                0.0
            ], 
            [
                0.0, 
                0.0, 
                0.0, 
                1.0
            ]
        ], 
        [
            [
                -0.9921147013144778, 
                0.12533323356430498, 
                0.0, 
                -0.3472401454600672
            ], 
            [
                -0.12533323356430498, 
                -0.9921147013144778, 
                0.0, 
                -0.04386663174750674
            ], 
            [
                0.0, 
                0.0, 
                1.0, 
                0.0
            ], 
            [
                0.0, 
                0.0, 
                0.0, 
                1.0
            ]
        ], 
        [
            [
                -0.9921147013144778, 
                0.12533323356430498, 
                0.0, 
                -0.3472401454600672
            ], 
            [
                -0.12533323356430498, 
                -0.9921147013144778, 
                0.0, 
                -0.04386663174750674
            ], 
            [
                0.0, 
                0.0, 
                1.0, 
                0.1
            ], 
            [
                0.0, 
                0.0, 
                0.0, 
                1.0
            ]
        ]
    ], 
    "Teffectivestart_unhoveringstart": [
        [
            1.0, 
            -4.436248660930358e-18, 
            0.0, 
            0.39
        ], 
        [
            -4.436248660930358e-18, 
            1.0, 
            0.0, 
            1.4443782857251639e-18
        ], 
        [
            0.0, 
            0.0, 
            1.0, 
            0.0
        ], 
        [
            0.0, 
            0.0, 
            0.0, 
            1.0
        ]
    ], 
    "raw sample file path": "learned_samples/ur/simulator/pointcloud/push/meiying_T_push_tool/meiying_tool_target/raw/raw_sample_13.txt", 
    "trajectory_thetas": [
        0.39
    ], 
    "tool": "meiying_T_push_tool", 
    "Tworld_goalend": [
        [
            1.0, 
            4.436248660930358e-18, 
            0.0, 
            -0.38692473351264633
        ], 
        [
            4.436248660930358e-18, 
            1.0, 
            0.0, 
            -0.048879961090078944
        ], 
        [
            0.0, 
            0.0, 
            1.0, 
            0.0
        ], 
        [
            0.0, 
            0.0, 
            0.0, 
            1.0
        ]
    ], 
    "Tworld_toolend": [
        [
            -0.9921147013144778, 
            0.12533323356430498, 
            0.0, 
            -0.3472401454600672
        ], 
        [
            -0.12533323356430498, 
            -0.9921147013144778, 
            0.0, 
            -0.04386663174750674
        ], 
        [
            0.0, 
            0.0, 
            1.0, 
            0.0
        ], 
        [
            0.0, 
            0.0, 
            0.0, 
            1.0
        ]
    ], 
    "hovering_start": [
        [
            -0.9921147013144778, 
            0.12533323356430498, 
            0.0, 
            0.089290323118303
        ], 
        [
            -0.12533323356430498, 
            -0.9921147013144778, 
            0.0, 
            0.011279991020787448
        ], 
        [
            0.0, 
            0.0, 
            1.0, 
            0.1
        ], 
        [
            0.0, 
            0.0, 
            0.0, 
            1.0
        ]
    ], 
    "v_start_tool_frame": [
        1.0, 
        -4.0106501187216376e-19, 
        0.0
    ], 
    "task": "push", 
    "unhovering_start": [
        [
            -0.9921147013144778, 
            0.12533323356430498, 
            0.0, 
            -0.3472401454600672
        ], 
        [
            -0.12533323356430498, 
            -0.9921147013144778, 
            0.0, 
            -0.04386663174750674
        ], 
        [
            0.0, 
            0.0, 
            1.0, 
            0.0
        ], 
        [
            0.0, 
            0.0, 
            0.0, 
            1.0
        ]
    ], 
    "Teffectivestart_hoveringend": [
        [
            1.0, 
            -4.436248660930358e-18, 
            0.0, 
            -0.04999999999999996
        ], 
        [
            -4.436248660930358e-18, 
            1.0, 
            0.0, 
            1.0813236927945852e-18
        ], 
        [
            0.0, 
            0.0, 
            1.0, 
            0.0
        ], 
        [
            0.0, 
            0.0, 
            0.0, 
            1.0
        ]
    ], 
    "Tworld_toolstart": [
        [
            -0.9921147013144778, 
            0.12533323356430498, 
            0.0, 
            0.03968458805257915
        ], 
        [
            -0.12533323356430498, 
            -0.9921147013144778, 
            0.0, 
            0.005013329342572205
        ], 
        [
            0.0, 
            0.0, 
            1.0, 
            0.0
        ], 
        [
            0.0, 
            0.0, 
            0.0, 
            1.0
        ]
    ], 
    "unhovering_end": [
        [
            -0.9921147013144778, 
            0.12533323356430498, 
            0.0, 
            -0.3472401454600672
        ], 
        [
            -0.12533323356430498, 
            -0.9921147013144778, 
            0.0, 
            -0.04386663174750674
        ], 
        [
            0.0, 
            0.0, 
            1.0, 
            0.1
        ], 
        [
            0.0, 
            0.0, 
            0.0, 
            1.0
        ]
    ], 
    "trajectory_screw_axes": [
        [
            -0.0, 
            -0.0, 
            -0.0, 
            -1.0, 
            4.0106501187216376e-19, 
            -0.0
        ]
    ]
}