{
    "Tworld_goalstart": [
        [
            1.0, 
            4.72344151588652e-18, 
            0.0, 
            0.0
        ], 
        [
            4.72344151588652e-18, 
            1.0, 
            0.0, 
            0.0
        ], 
        [
            0.0, 
            0.0, 
            1.0, 
            0.0
        ], 
        [
            0.0, 
            0.0, 
            0.0, 
            1.0
        ]
    ], 
    "Teffectivestart_hoveringstart": [
        [
            1.0, 
            -4.72344151588652e-18, 
            0.0, 
            -0.05000000000000002
        ], 
        [
            -4.72344151588652e-18, 
            1.0, 
            0.0, 
            8.914836330610506e-19
        ], 
        [
            0.0, 
            0.0, 
            1.0, 
            0.1
        ], 
        [
            0.0, 
            0.0, 
            0.0, 
            1.0
        ]
    ], 
    "hovering_end": [
        [
            0.06279051952931353, 
            0.9980267284282716, 
            0.0, 
            -0.005651146757638217
        ], 
        [
            -0.9980267284282716, 
            0.06279051952931353, 
            0.0, 
            0.08982240555854444
        ], 
        [
            0.0, 
            0.0, 
            1.0, 
            0.0
        ], 
        [
            0.0, 
            0.0, 
            0.0, 
            1.0
        ]
    ], 
    "sample file path": "learned_samples/ur/simulator/pointcloud/push/meiying_T_push_tool/meiying_tool_target/sample/sample_7.txt", 
    "v_start_goal_frame": [
        0.06279051952931353, 
        -0.9980267284282716, 
        0.0
    ], 
    "Teffectiveend_unhoveringend": [
        [
            1.0, 
            -4.72344151588652e-18, 
            0.0, 
            -2.7755575615628914e-17
        ], 
        [
            -4.72344151588652e-18, 
            1.0, 
            0.0, 
            -3.7771479447630375e-20
        ], 
        [
            0.0, 
            0.0, 
            1.0, 
            0.1
        ], 
        [
            0.0, 
            0.0, 
            0.0, 
            1.0
        ]
    ], 
    "task_type": "pose_change", 
    "goal": "meiying_tool_target", 
    "trajectory": [
        [
            [
                1.0, 
                -4.72344151588652e-18, 
                0.0, 
                6.938893903907228e-18
            ], 
            [
                -4.72344151588652e-18, 
                1.0, 
                0.0, 
                1.3181592819503911e-19
            ], 
            [
                0.0, 
                0.0, 
                1.0, 
                0.0
            ], 
            [
                0.0, 
                0.0, 
                0.0, 
                1.0
            ]
        ], 
        [
            [
                1.0, 
                -4.72344151588652e-18, 
                0.0, 
                0.20999999999999996
            ], 
            [
                -4.72344151588652e-18, 
                1.0, 
                0.0, 
                3.959093895465714e-19
            ], 
            [
                0.0, 
                0.0, 
                1.0, 
                0.0
            ], 
            [
                0.0, 
                0.0, 
                0.0, 
                1.0
            ]
        ]
    ], 
    "tool_contact_area_index": [
        161, 
        166, 
        382, 
        388, 
        389, 
        390, 
        391, 
        420, 
        421, 
        737, 
        749, 
        753, 
        754, 
        755, 
        756, 
        1296, 
        1297, 
        1298, 
        1304, 
        1305, 
        1306, 
        1309, 
        1317, 
        2597, 
        2598, 
        2919, 
        2922, 
        2924, 
        2925, 
        2926, 
        2927, 
        2928, 
        2929, 
        2930, 
        2931, 
        2932, 
        2933, 
        2934, 
        2942, 
        2943, 
        4281, 
        4285, 
        4287, 
        4299, 
        4539, 
        4540, 
        4541, 
        4542, 
        4544, 
        4545, 
        4546, 
        4547, 
        4548, 
        4549, 
        4550, 
        4551, 
        4552, 
        4553, 
        4554, 
        4563, 
        4564, 
        4565, 
        4768, 
        4777, 
        4778, 
        4779, 
        4780, 
        4781, 
        4782, 
        4789, 
        4796, 
        6058, 
        6297, 
        6298, 
        6300, 
        6301, 
        6302, 
        6480, 
        6481, 
        6512, 
        6513, 
        6514, 
        7723, 
        7724, 
        7725, 
        7726, 
        7737, 
        7738, 
        7741, 
        7742, 
        7743, 
        7745, 
        7749, 
        7750, 
        7753, 
        7754, 
        7756, 
        7757, 
        7758, 
        7759, 
        7760, 
        7761, 
        7762, 
        7763, 
        7764, 
        7765, 
        7766, 
        7768, 
        7769, 
        7883, 
        7884, 
        7886, 
        7887, 
        7917, 
        7918, 
        7919, 
        7922, 
        7924, 
        7928, 
        7929, 
        7930, 
        7931, 
        7932, 
        7933, 
        7934, 
        7935, 
        7936, 
        7937, 
        7938, 
        7939, 
        7940, 
        7941, 
        7942, 
        7943, 
        7944, 
        7945, 
        7946, 
        7947, 
        7948
    ], 
    "v_start_world_frame": [
        0.06279051952931353, 
        -0.9980267284282716, 
        0.0
    ], 
    "Ttool_goal": [
        [
            0.06279051952931353, 
            -0.9980267284282716, 
            0.0, 
            0.03999999999999998
        ], 
        [
            0.9980267284282716, 
            0.06279051952931353, 
            0.0, 
            2.580458087787734e-19
        ], 
        [
            0.0, 
            0.0, 
            1.0, 
            0.0
        ], 
        [
            0.0, 
            0.0, 
            0.0, 
            1.0
        ]
    ], 
    "tool_trajectory_world_frame": [
        [
            [
                0.06279051952931353, 
                0.9980267284282716, 
                0.0, 
                -0.005651146757638217
            ], 
            [
                -0.9980267284282716, 
                0.06279051952931353, 
                0.0, 
                0.08982240555854444
            ], 
            [
                0.0, 
                0.0, 
                1.0, 
                0.1
            ], 
            [
                0.0, 
                0.0, 
                0.0, 
                1.0
            ]
        ], 
        [
            [
                0.06279051952931353, 
                0.9980267284282716, 
                0.0, 
                -0.005651146757638217
            ], 
            [
                -0.9980267284282716, 
                0.06279051952931353, 
                0.0, 
                0.08982240555854444
            ], 
            [
                0.0, 
                0.0, 
                1.0, 
                0.0
            ], 
            [
                0.0, 
                0.0, 
                0.0, 
                1.0
            ]
        ], 
        [
            [
                0.06279051952931353, 
                0.9980267284282716, 
                0.0, 
                0.010674388319983298
            ], 
            [
                -0.9980267284282716, 
                0.06279051952931353, 
                0.0, 
                -0.16966454383280616
            ], 
            [
                0.0, 
                0.0, 
                1.0, 
                0.0
            ], 
            [
                0.0, 
                0.0, 
                0.0, 
                1.0
            ]
        ], 
        [
            [
                0.06279051952931353, 
                0.9980267284282716, 
                0.0, 
                0.010674388319983298
            ], 
            [
                -0.9980267284282716, 
                0.06279051952931353, 
                0.0, 
                -0.16966454383280616
            ], 
            [
                0.0, 
                0.0, 
                1.0, 
                0.1
            ], 
            [
                0.0, 
                0.0, 
                0.0, 
                1.0
            ]
        ]
    ], 
    "goal_contact_area_index": [
        525, 
        526, 
        537, 
        539, 
        669, 
        683, 
        685, 
        690, 
        691, 
        695, 
        696, 
        697, 
        701, 
        702, 
        703, 
        704, 
        706, 
        707, 
        844, 
        845, 
        847, 
        848, 
        852, 
        853, 
        854, 
        855, 
        856, 
        858, 
        859, 
        860, 
        861, 
        862, 
        865, 
        866, 
        870, 
        871, 
        873, 
        874, 
        875, 
        877, 
        880, 
        883, 
        884, 
        885, 
        887, 
        889, 
        1017, 
        1020, 
        1021, 
        1022, 
        1025, 
        1026, 
        1027, 
        1029, 
        1032, 
        1033, 
        1034, 
        1037, 
        1038, 
        1039, 
        1040, 
        1041, 
        1042, 
        1043, 
        1044, 
        1164, 
        1169, 
        1172, 
        1177, 
        1178, 
        1179, 
        1181, 
        1188, 
        1189, 
        1190, 
        1191, 
        1192, 
        1193, 
        1194, 
        1196, 
        1197, 
        1198, 
        1199, 
        1200, 
        1201, 
        1203, 
        1204, 
        1325, 
        1327, 
        1329, 
        1330, 
        1435, 
        1436, 
        1437, 
        1439, 
        1440, 
        1441, 
        1442, 
        1443, 
        1445, 
        1446, 
        1447, 
        1448, 
        1449, 
        1450, 
        1451, 
        1453, 
        1454, 
        1455, 
        1456, 
        1670, 
        1674, 
        1675, 
        1676, 
        1679, 
        1680, 
        1681, 
        1682, 
        1683, 
        1684, 
        1685, 
        1686, 
        1687, 
        1688, 
        2014, 
        2015, 
        2016, 
        2017, 
        2268, 
        2269, 
        2270, 
        2272, 
        2273, 
        2275, 
        2276, 
        2277, 
        2280, 
        2281, 
        2282, 
        2283, 
        2284, 
        2569, 
        2577, 
        2578, 
        2579, 
        2581, 
        2582, 
        2583, 
        2584, 
        2585, 
        2586, 
        2587, 
        2588, 
        2864
    ], 
    "changing_point": [
        1, 
        -2
    ], 
    "tool_trajectory_goal_frame": [
        [
            [
                0.06279051952931353, 
                0.9980267284282716, 
                0.0, 
                -0.005651146757638217
            ], 
            [
                -0.9980267284282716, 
                0.06279051952931353, 
                0.0, 
                0.08982240555854444
            ], 
            [
                0.0, 
                0.0, 
                1.0, 
                0.1
            ], 
            [
                0.0, 
                0.0, 
                0.0, 
                1.0
            ]
        ], 
        [
            [
                0.06279051952931353, 
                0.9980267284282716, 
                0.0, 
                -0.005651146757638217
            ], 
            [
                -0.9980267284282716, 
                0.06279051952931353, 
                0.0, 
                0.08982240555854444
            ], 
            [
                0.0, 
                0.0, 
                1.0, 
                0.0
            ], 
            [
                0.0, 
                0.0, 
                0.0, 
                1.0
            ]
        ], 
        [
            [
                0.06279051952931353, 
                0.9980267284282716, 
                0.0, 
                0.010674388319983298
            ], 
            [
                -0.9980267284282716, 
                0.06279051952931353, 
                0.0, 
                -0.16966454383280616
            ], 
            [
                0.0, 
                0.0, 
                1.0, 
                0.0
            ], 
            [
                0.0, 
                0.0, 
                0.0, 
                1.0
            ]
        ], 
        [
            [
                0.06279051952931353, 
                0.9980267284282716, 
                0.0, 
                0.010674388319983298
            ], 
            [
                -0.9980267284282716, 
                0.06279051952931353, 
                0.0, 
                -0.16966454383280616
            ], 
            [
                0.0, 
                0.0, 
                1.0, 
                0.1
            ], 
            [
                0.0, 
                0.0, 
                0.0, 
                1.0
            ]
        ]
    ], 
    "Teffectivestart_unhoveringstart": [
        [
            1.0, 
            -4.72344151588652e-18, 
            0.0, 
            0.20999999999999996
        ], 
        [
            -4.72344151588652e-18, 
            1.0, 
            0.0, 
            2.2027432933114303e-19
        ], 
        [
            0.0, 
            0.0, 
            1.0, 
            0.0
        ], 
        [
            0.0, 
            0.0, 
            0.0, 
            1.0
        ]
    ], 
    "raw sample file path": "learned_samples/ur/simulator/pointcloud/push/meiying_T_push_tool/meiying_tool_target/raw/raw_sample_7.txt", 
    "trajectory_thetas": [
        0.20999999999999996
    ], 
    "tool": "meiying_T_push_tool", 
    "Tworld_goalend": [
        [
            1.0, 
            4.72344151588652e-18, 
            0.0, 
            0.013186009101155841
        ], 
        [
            4.72344151588652e-18, 
            1.0, 
            0.0, 
            -0.20958561296993702
        ], 
        [
            0.0, 
            0.0, 
            1.0, 
            0.0
        ], 
        [
            0.0, 
            0.0, 
            0.0, 
            1.0
        ]
    ], 
    "Tworld_toolend": [
        [
            0.06279051952931353, 
            0.9980267284282716, 
            0.0, 
            0.010674388319983298
        ], 
        [
            -0.9980267284282716, 
            0.06279051952931353, 
            0.0, 
            -0.16966454383280616
        ], 
        [
            0.0, 
            0.0, 
            1.0, 
            0.0
        ], 
        [
            0.0, 
            0.0, 
            0.0, 
            1.0
        ]
    ], 
    "hovering_start": [
        [
            0.06279051952931353, 
            0.9980267284282716, 
            0.0, 
            -0.005651146757638217
        ], 
        [
            -0.9980267284282716, 
            0.06279051952931353, 
            0.0, 
            0.08982240555854444
        ], 
        [
            0.0, 
            0.0, 
            1.0, 
            0.1
        ], 
        [
            0.0, 
            0.0, 
            0.0, 
            1.0
        ]
    ], 
    "v_start_tool_frame": [
        1.0, 
        -3.4658536046887467e-18, 
        0.0
    ], 
    "task": "push", 
    "unhovering_start": [
        [
            0.06279051952931353, 
            0.9980267284282716, 
            0.0, 
            0.010674388319983298
        ], 
        [
            -0.9980267284282716, 
            0.06279051952931353, 
            0.0, 
            -0.16966454383280616
        ], 
        [
            0.0, 
            0.0, 
            1.0, 
            0.0
        ], 
        [
            0.0, 
            0.0, 
            0.0, 
            1.0
        ]
    ], 
    "Teffectivestart_hoveringend": [
        [
            1.0, 
            -4.72344151588652e-18, 
            0.0, 
            -0.05000000000000002
        ], 
        [
            -4.72344151588652e-18, 
            1.0, 
            0.0, 
            8.914836330610506e-19
        ], 
        [
            0.0, 
            0.0, 
            1.0, 
            0.0
        ], 
        [
            0.0, 
            0.0, 
            0.0, 
            1.0
        ]
    ], 
    "Tworld_toolstart": [
        [
            0.06279051952931353, 
            0.9980267284282716, 
            0.0, 
            -0.0025116207811725403
        ], 
        [
            -0.9980267284282716, 
            0.06279051952931353, 
            0.0, 
            0.039921069137130845
        ], 
        [
            0.0, 
            0.0, 
            1.0, 
            0.0
        ], 
        [
            0.0, 
            0.0, 
            0.0, 
            1.0
        ]
    ], 
    "unhovering_end": [
        [
            0.06279051952931353, 
            0.9980267284282716, 
            0.0, 
            0.010674388319983298
        ], 
        [
            -0.9980267284282716, 
            0.06279051952931353, 
            0.0, 
            -0.16966454383280616
        ], 
        [
            0.0, 
            0.0, 
            1.0, 
            0.1
        ], 
        [
            0.0, 
            0.0, 
            0.0, 
            1.0
        ]
    ], 
    "trajectory_screw_axes": [
        [
            -0.0, 
            -0.0, 
            -0.0, 
            -1.0, 
            3.4658536046887467e-18, 
            -0.0
        ]
    ]
}