{
    "Tworld_goalstart": [
        [
            1.0, 
            -8.85750335758604e-19, 
            0.0, 
            0.0
        ], 
        [
            -8.85750335758604e-19, 
            0.9999999999999999, 
            0.0, 
            0.0
        ], 
        [
            0.0, 
            0.0, 
            1.0, 
            0.0
        ], 
        [
            0.0, 
            0.0, 
            0.0, 
            1.0
        ]
    ], 
    "Teffectivestart_hoveringstart": [
        [
            0.9999999999999999, 
            5.53794573766746e-17, 
            0.0, 
            -0.04999999999999999
        ], 
        [
            5.53794573766746e-17, 
            0.9999999999999997, 
            0.0, 
            -5.1151931685827115e-18
        ], 
        [
            0.0, 
            0.0, 
            1.0, 
            0.1
        ], 
        [
            0.0, 
            0.0, 
            0.0, 
            1.0
        ]
    ], 
    "hovering_end": [
        [
            0.9685831611286311, 
            0.2486898871648548, 
            0.0, 
            -0.08717248450157679
        ], 
        [
            -0.24868988716485477, 
            0.968583161128631, 
            0.0, 
            0.022382089844836927
        ], 
        [
            0.0, 
            0.0, 
            1.0, 
            0.0
        ], 
        [
            0.0, 
            0.0, 
            0.0, 
            1.0
        ]
    ], 
    "sample file path": "learned_samples/ur/simulator/pointcloud/push/meiying_T_push_tool/meiying_tool_target/sample/sample_2.txt", 
    "v_start_goal_frame": [
        0.9685831611286311, 
        -0.2486898871648546, 
        0.0
    ], 
    "Teffectiveend_unhoveringend": [
        [
            0.9999999999999999, 
            5.53794573766746e-17, 
            0.0, 
            0.0
        ], 
        [
            5.53794573766746e-17, 
            0.9999999999999997, 
            0.0, 
            -3.3269440841824877e-19
        ], 
        [
            0.0, 
            0.0, 
            1.0, 
            0.1
        ], 
        [
            0.0, 
            0.0, 
            0.0, 
            1.0
        ]
    ], 
    "task_type": "pose_change", 
    "goal": "meiying_tool_target", 
    "trajectory": [
        [
            [
                0.9999999999999999, 
                5.53794573766746e-17, 
                0.0, 
                0.0
            ], 
            [
                5.53794573766746e-17, 
                0.9999999999999997, 
                0.0, 
                5.563897609742084e-19
            ], 
            [
                0.0, 
                0.0, 
                1.0, 
                0.0
            ], 
            [
                0.0, 
                0.0, 
                0.0, 
                1.0
            ]
        ], 
        [
            [
                0.9999999999999999, 
                5.53794573766746e-17, 
                0.0, 
                0.05999999999999997
            ], 
            [
                5.53794573766746e-17, 
                0.9999999999999997, 
                0.0, 
                4.8714760195121725e-18
            ], 
            [
                0.0, 
                0.0, 
                1.0, 
                0.0
            ], 
            [
                0.0, 
                0.0, 
                0.0, 
                1.0
            ]
        ]
    ], 
    "tool_contact_area_index": [
        389, 
        390, 
        411, 
        418, 
        423, 
        1282, 
        1304, 
        1309, 
        1315, 
        1527, 
        2597, 
        2598, 
        2599, 
        2919, 
        2924, 
        2925, 
        2926, 
        2927, 
        2928, 
        2929, 
        2931, 
        2933, 
        2934, 
        2935, 
        2943, 
        4290, 
        4299, 
        4472, 
        4539, 
        4540, 
        4541, 
        4542, 
        4543, 
        4544, 
        4545, 
        4546, 
        4547, 
        4548, 
        4549, 
        4550, 
        4553, 
        4554, 
        4563, 
        4564, 
        4565, 
        4781, 
        6051, 
        6059, 
        6070, 
        6297, 
        6298, 
        6299, 
        6300, 
        6301, 
        6302, 
        6480, 
        6514, 
        7717, 
        7723, 
        7724, 
        7725, 
        7726, 
        7736, 
        7737, 
        7738, 
        7739, 
        7740, 
        7741, 
        7742, 
        7743, 
        7744, 
        7745, 
        7746, 
        7747, 
        7748, 
        7749, 
        7750, 
        7751, 
        7752, 
        7753, 
        7754, 
        7755, 
        7756, 
        7757, 
        7760, 
        7761, 
        7762, 
        7764, 
        7765, 
        7766, 
        7767, 
        7768, 
        7769, 
        7785, 
        7883, 
        7884, 
        7885, 
        7886, 
        7887, 
        7917, 
        7918, 
        7919, 
        7922, 
        7923, 
        7925, 
        7928, 
        7929, 
        7931, 
        7932, 
        7933, 
        7934, 
        7937, 
        7938, 
        7939, 
        7940, 
        7945
    ], 
    "v_start_world_frame": [
        0.9685831611286311, 
        -0.24868988716485463, 
        0.0
    ], 
    "Ttool_goal": [
        [
            0.9685831611286311, 
            -0.24868988716485477, 
            0.0, 
            0.039999999999999994
        ], 
        [
            0.2486898871648548, 
            0.968583161128631, 
            0.0, 
            2.1989219603506337e-19
        ], 
        [
            0.0, 
            0.0, 
            1.0, 
            0.0
        ], 
        [
            0.0, 
            0.0, 
            0.0, 
            1.0
        ]
    ], 
    "tool_trajectory_world_frame": [
        [
            [
                0.9685831611286311, 
                0.2486898871648548, 
                0.0, 
                -0.08717248450157679
            ], 
            [
                -0.2486898871648548, 
                0.9685831611286311, 
                0.0, 
                0.02238208984483693
            ], 
            [
                0.0, 
                0.0, 
                1.0, 
                0.1
            ], 
            [
                0.0, 
                0.0, 
                0.0, 
                1.0
            ]
        ], 
        [
            [
                0.9685831611286311, 
                0.2486898871648548, 
                0.0, 
                -0.08717248450157679
            ], 
            [
                -0.2486898871648548, 
                0.9685831611286311, 
                0.0, 
                0.02238208984483693
            ], 
            [
                0.0, 
                0.0, 
                1.0, 
                0.0
            ], 
            [
                0.0, 
                0.0, 
                0.0, 
                1.0
            ]
        ], 
        [
            [
                0.9685831611286311, 
                0.2486898871648548, 
                0.0, 
                0.01937166322257261
            ], 
            [
                -0.2486898871648548, 
                0.9685831611286311, 
                0.0, 
                -0.004973797743297093
            ], 
            [
                0.0, 
                0.0, 
                1.0, 
                0.0
            ], 
            [
                0.0, 
                0.0, 
                0.0, 
                1.0
            ]
        ], 
        [
            [
                0.9685831611286311, 
                0.2486898871648548, 
                0.0, 
                0.01937166322257261
            ], 
            [
                -0.2486898871648548, 
                0.9685831611286311, 
                0.0, 
                -0.004973797743297093
            ], 
            [
                0.0, 
                0.0, 
                1.0, 
                0.1
            ], 
            [
                0.0, 
                0.0, 
                0.0, 
                1.0
            ]
        ]
    ], 
    "goal_contact_area_index": [
        1377, 
        1383, 
        1387, 
        1547, 
        1550, 
        1552, 
        1553, 
        1554, 
        1555, 
        1556, 
        1557, 
        1558, 
        1559, 
        1560, 
        1561, 
        1562, 
        1564, 
        1565, 
        1570, 
        1571, 
        1573, 
        1580, 
        1582, 
        1583, 
        1589, 
        1595, 
        1884, 
        1885, 
        1886, 
        1887, 
        1888, 
        1889, 
        1890, 
        1891, 
        1892, 
        1893, 
        1894, 
        1895, 
        1897, 
        1898, 
        1899, 
        1900, 
        1901, 
        1902, 
        1903, 
        1904, 
        1905, 
        1906, 
        1907, 
        1908, 
        1909, 
        1910, 
        1911, 
        1912, 
        1913, 
        1914, 
        1915, 
        1916, 
        1917, 
        1918, 
        1919, 
        1920, 
        1921, 
        1922, 
        1923, 
        1924, 
        1925, 
        1926, 
        1928, 
        1929, 
        1930, 
        1953, 
        1954, 
        1965, 
        2196, 
        2197, 
        2198, 
        2199, 
        2200, 
        2201, 
        2202, 
        2203, 
        2204, 
        2205, 
        2206, 
        2207, 
        2208, 
        2209, 
        2210, 
        2211, 
        2212, 
        2213, 
        2214, 
        2215, 
        2217, 
        2218, 
        2219, 
        2220, 
        2221, 
        2222, 
        2223, 
        2224, 
        2225, 
        2226, 
        2227, 
        2228, 
        2229, 
        2230, 
        2231, 
        2232, 
        2233, 
        2234, 
        2235, 
        6640, 
        6681, 
        6688
    ], 
    "changing_point": [
        1, 
        -2
    ], 
    "tool_trajectory_goal_frame": [
        [
            [
                0.9685831611286311, 
                0.2486898871648548, 
                0.0, 
                -0.08717248450157679
            ], 
            [
                -0.24868988716485477, 
                0.968583161128631, 
                0.0, 
                0.022382089844836927
            ], 
            [
                0.0, 
                0.0, 
                1.0, 
                0.1
            ], 
            [
                0.0, 
                0.0, 
                0.0, 
                1.0
            ]
        ], 
        [
            [
                0.9685831611286311, 
                0.2486898871648548, 
                0.0, 
                -0.08717248450157679
            ], 
            [
                -0.24868988716485477, 
                0.968583161128631, 
                0.0, 
                0.022382089844836927
            ], 
            [
                0.0, 
                0.0, 
                1.0, 
                0.0
            ], 
            [
                0.0, 
                0.0, 
                0.0, 
                1.0
            ]
        ], 
        [
            [
                0.9685831611286311, 
                0.2486898871648548, 
                0.0, 
                0.01937166322257261
            ], 
            [
                -0.24868988716485477, 
                0.968583161128631, 
                0.0, 
                -0.0049737977432970926
            ], 
            [
                0.0, 
                0.0, 
                1.0, 
                0.0
            ], 
            [
                0.0, 
                0.0, 
                0.0, 
                1.0
            ]
        ], 
        [
            [
                0.9685831611286311, 
                0.2486898871648548, 
                0.0, 
                0.01937166322257261
            ], 
            [
                -0.24868988716485477, 
                0.968583161128631, 
                0.0, 
                -0.0049737977432970926
            ], 
            [
                0.0, 
                0.0, 
                1.0, 
                0.1
            ], 
            [
                0.0, 
                0.0, 
                0.0, 
                1.0
            ]
        ]
    ], 
    "Teffectivestart_unhoveringstart": [
        [
            0.9999999999999999, 
            5.53794573766746e-17, 
            0.0, 
            0.059999999999999984
        ], 
        [
            5.53794573766746e-17, 
            0.9999999999999997, 
            0.0, 
            1.6219212635936217e-18
        ], 
        [
            0.0, 
            0.0, 
            1.0, 
            0.0
        ], 
        [
            0.0, 
            0.0, 
            0.0, 
            1.0
        ]
    ], 
    "raw sample file path": "learned_samples/ur/simulator/pointcloud/push/meiying_T_push_tool/meiying_tool_target/raw/raw_sample_2.txt", 
    "trajectory_thetas": [
        0.05999999999999996
    ], 
    "tool": "meiying_T_push_tool", 
    "Tworld_goalend": [
        [
            1.0, 
            -8.85750335758604e-19, 
            0.0, 
            0.05811498966771786
        ], 
        [
            -8.85750335758604e-19, 
            0.9999999999999999, 
            0.0, 
            -0.014921393229891286
        ], 
        [
            0.0, 
            0.0, 
            1.0, 
            0.0
        ], 
        [
            0.0, 
            0.0, 
            0.0, 
            1.0
        ]
    ], 
    "Tworld_toolend": [
        [
            0.9685831611286311, 
            0.2486898871648548, 
            0.0, 
            0.01937166322257261
        ], 
        [
            -0.2486898871648548, 
            0.9685831611286311, 
            0.0, 
            -0.004973797743297093
        ], 
        [
            0.0, 
            0.0, 
            1.0, 
            0.0
        ], 
        [
            0.0, 
            0.0, 
            0.0, 
            1.0
        ]
    ], 
    "hovering_start": [
        [
            0.9685831611286311, 
            0.2486898871648548, 
            0.0, 
            -0.08717248450157679
        ], 
        [
            -0.24868988716485477, 
            0.968583161128631, 
            0.0, 
            0.022382089844836927
        ], 
        [
            0.0, 
            0.0, 
            1.0, 
            0.1
        ], 
        [
            0.0, 
            0.0, 
            0.0, 
            1.0
        ]
    ], 
    "v_start_tool_frame": [
        1.0, 
        1.2729756168564068e-16, 
        0.0
    ], 
    "task": "push", 
    "unhovering_start": [
        [
            0.9685831611286311, 
            0.2486898871648548, 
            0.0, 
            0.01937166322257261
        ], 
        [
            -0.24868988716485477, 
            0.968583161128631, 
            0.0, 
            -0.0049737977432970926
        ], 
        [
            0.0, 
            0.0, 
            1.0, 
            0.0
        ], 
        [
            0.0, 
            0.0, 
            0.0, 
            1.0
        ]
    ], 
    "Teffectivestart_hoveringend": [
        [
            0.9999999999999999, 
            5.53794573766746e-17, 
            0.0, 
            -0.04999999999999999
        ], 
        [
            5.53794573766746e-17, 
            0.9999999999999997, 
            0.0, 
            -5.1151931685827115e-18
        ], 
        [
            0.0, 
            0.0, 
            1.0, 
            0.0
        ], 
        [
            0.0, 
            0.0, 
            0.0, 
            1.0
        ]
    ], 
    "Tworld_toolstart": [
        [
            0.9685831611286311, 
            0.2486898871648548, 
            0.0, 
            -0.038743326445145235
        ], 
        [
            -0.24868988716485474, 
            0.9685831611286309, 
            0.0, 
            0.009947595486594187
        ], 
        [
            0.0, 
            0.0, 
            1.0, 
            0.0
        ], 
        [
            0.0, 
            0.0, 
            0.0, 
            1.0
        ]
    ], 
    "unhovering_end": [
        [
            0.9685831611286311, 
            0.2486898871648548, 
            0.0, 
            0.01937166322257261
        ], 
        [
            -0.24868988716485477, 
            0.968583161128631, 
            0.0, 
            -0.0049737977432970926
        ], 
        [
            0.0, 
            0.0, 
            1.0, 
            0.1
        ], 
        [
            0.0, 
            0.0, 
            0.0, 
            1.0
        ]
    ], 
    "trajectory_screw_axes": [
        [
            -0.0, 
            -0.0, 
            -0.0, 
            -1.0, 
            -1.2729756168564068e-16, 
            -0.0
        ]
    ]
}