{
    "Tworld_goalstart": [
        [
            0.9999999999999999, 
            2.3403806471734454e-17, 
            0.0, 
            0.0
        ], 
        [
            2.3403806471734454e-17, 
            0.9999999999999999, 
            0.0, 
            0.0
        ], 
        [
            0.0, 
            0.0, 
            1.0, 
            0.0
        ], 
        [
            0.0, 
            0.0, 
            0.0, 
            1.0
        ]
    ], 
    "Teffectivestart_hoveringstart": [
        [
            0.9999999999999997, 
            -7.493738443457159e-17, 
            0.0, 
            -0.04999999999999995
        ], 
        [
            -7.493738443457159e-17, 
            0.9999999999999997, 
            0.0, 
            -5.931977314436218e-19
        ], 
        [
            0.0, 
            0.0, 
            1.0, 
            0.1
        ], 
        [
            0.0, 
            0.0, 
            0.0, 
            1.0
        ]
    ], 
    "hovering_end": [
        [
            0.5358267949789964, 
            0.844327925502015, 
            0.0, 
            -0.04822441154810968
        ], 
        [
            -0.844327925502015, 
            0.5358267949789965, 
            0.0, 
            0.07598951329518135
        ], 
        [
            0.0, 
            0.0, 
            1.0, 
            0.0
        ], 
        [
            0.0, 
            0.0, 
            0.0, 
            1.0
        ]
    ], 
    "sample file path": "learned_samples/ur/simulator/pointcloud/push/meiying_T_push_tool/meiying_tool_target/sample/sample_5.txt", 
    "v_start_goal_frame": [
        0.5358267949789961, 
        -0.8443279255020149, 
        0.0
    ], 
    "Teffectiveend_unhoveringend": [
        [
            0.9999999999999997, 
            -7.493738443457159e-17, 
            0.0, 
            0.0
        ], 
        [
            -7.493738443457159e-17, 
            0.9999999999999997, 
            0.0, 
            -1.7235874766206786e-19
        ], 
        [
            0.0, 
            0.0, 
            1.0, 
            0.1
        ], 
        [
            0.0, 
            0.0, 
            0.0, 
            1.0
        ]
    ], 
    "task_type": "pose_change", 
    "goal": "meiying_tool_target", 
    "trajectory": [
        [
            [
                0.9999999999999997, 
                -7.493738443457159e-17, 
                0.0, 
                0.0
            ], 
            [
                -7.493738443457159e-17, 
                0.9999999999999997, 
                0.0, 
                -4.2955272398706587e-19
            ], 
            [
                0.0, 
                0.0, 
                1.0, 
                0.0
            ], 
            [
                0.0, 
                0.0, 
                0.0, 
                1.0
            ]
        ], 
        [
            [
                0.9999999999999997, 
                -7.493738443457159e-17, 
                0.0, 
                0.14999999999999997
            ], 
            [
                -7.493738443457159e-17, 
                0.9999999999999997, 
                0.0, 
                -1.751959350743014e-17
            ], 
            [
                0.0, 
                0.0, 
                1.0, 
                0.0
            ], 
            [
                0.0, 
                0.0, 
                0.0, 
                1.0
            ]
        ]
    ], 
    "tool_contact_area_index": [
        157, 
        159, 
        163, 
        382, 
        388, 
        389, 
        391, 
        411, 
        750, 
        755, 
        756, 
        1282, 
        1285, 
        1294, 
        1296, 
        1297, 
        1302, 
        1303, 
        1305, 
        1306, 
        1307, 
        1309, 
        1316, 
        2599, 
        2924, 
        2925, 
        2926, 
        2927, 
        2928, 
        2932, 
        2933, 
        2934, 
        2938, 
        2939, 
        4283, 
        4285, 
        4289, 
        4290, 
        4299, 
        4310, 
        4539, 
        4540, 
        4541, 
        4542, 
        4543, 
        4545, 
        4546, 
        4547, 
        4548, 
        4549, 
        4550, 
        4551, 
        4553, 
        4563, 
        4564, 
        4565, 
        4775, 
        4776, 
        4777, 
        4778, 
        4779, 
        4780, 
        4781, 
        4782, 
        4789, 
        4795, 
        4796, 
        4799, 
        6055, 
        6059, 
        6065, 
        6068, 
        6069, 
        6076, 
        6079, 
        6297, 
        6298, 
        6299, 
        6300, 
        6301, 
        6302, 
        6480, 
        6481, 
        6512, 
        7630, 
        7715, 
        7723, 
        7724, 
        7725, 
        7726, 
        7736, 
        7737, 
        7738, 
        7739, 
        7740, 
        7741, 
        7742, 
        7743, 
        7744, 
        7745, 
        7746, 
        7747, 
        7748, 
        7749, 
        7750, 
        7751, 
        7752, 
        7753, 
        7754, 
        7755, 
        7756, 
        7757, 
        7758, 
        7759, 
        7760, 
        7761, 
        7762, 
        7763, 
        7764, 
        7765, 
        7766, 
        7767, 
        7768, 
        7769, 
        7883, 
        7884, 
        7885, 
        7886, 
        7887, 
        7917, 
        7918, 
        7919, 
        7920, 
        7921, 
        7922, 
        7923, 
        7924, 
        7925, 
        7928, 
        7929, 
        7930, 
        7931, 
        7932, 
        7933, 
        7934, 
        7935, 
        7936, 
        7937, 
        7938, 
        7939, 
        7940, 
        7941, 
        7942, 
        7943, 
        7944, 
        7945, 
        7946, 
        7947, 
        7948
    ], 
    "v_start_world_frame": [
        0.5358267949789962, 
        -0.844327925502015, 
        0.0
    ], 
    "Ttool_goal": [
        [
            0.5358267949789964, 
            -0.844327925502015, 
            0.0, 
            0.04000000000000002
        ], 
        [
            0.844327925502015, 
            0.5358267949789965, 
            0.0, 
            -1.0648343538088431e-17
        ], 
        [
            0.0, 
            0.0, 
            1.0, 
            0.0
        ], 
        [
            0.0, 
            0.0, 
            0.0, 
            1.0
        ]
    ], 
    "tool_trajectory_world_frame": [
        [
            [
                0.5358267949789965, 
                0.8443279255020151, 
                0.0, 
                -0.048224411548109684
            ], 
            [
                -0.8443279255020151, 
                0.5358267949789965, 
                0.0, 
                0.07598951329518136
            ], 
            [
                0.0, 
                0.0, 
                1.0, 
                0.1
            ], 
            [
                0.0, 
                0.0, 
                0.0, 
                1.0
            ]
        ], 
        [
            [
                0.5358267949789965, 
                0.8443279255020151, 
                0.0, 
                -0.048224411548109684
            ], 
            [
                -0.8443279255020151, 
                0.5358267949789965, 
                0.0, 
                0.07598951329518136
            ], 
            [
                0.0, 
                0.0, 
                1.0, 
                0.0
            ], 
            [
                0.0, 
                0.0, 
                0.0, 
                1.0
            ]
        ], 
        [
            [
                0.5358267949789965, 
                0.8443279255020151, 
                0.0, 
                0.058940947447689615
            ], 
            [
                -0.8443279255020151, 
                0.5358267949789965, 
                0.0, 
                -0.09287607180522164
            ], 
            [
                0.0, 
                0.0, 
                1.0, 
                0.0
            ], 
            [
                0.0, 
                0.0, 
                0.0, 
                1.0
            ]
        ], 
        [
            [
                0.5358267949789965, 
                0.8443279255020151, 
                0.0, 
                0.058940947447689615
            ], 
            [
                -0.8443279255020151, 
                0.5358267949789965, 
                0.0, 
                -0.09287607180522164
            ], 
            [
                0.0, 
                0.0, 
                1.0, 
                0.1
            ], 
            [
                0.0, 
                0.0, 
                0.0, 
                1.0
            ]
        ]
    ], 
    "goal_contact_area_index": [
        473, 
        656, 
        657, 
        660, 
        661, 
        662, 
        664, 
        668, 
        669, 
        670, 
        671, 
        672, 
        673, 
        675, 
        676, 
        683, 
        829, 
        830, 
        831, 
        832, 
        834, 
        835, 
        837, 
        838, 
        840, 
        841, 
        842, 
        843, 
        844, 
        845, 
        846, 
        847, 
        849, 
        850, 
        1008, 
        1009, 
        1010, 
        1011, 
        1012, 
        1013, 
        1014, 
        1015, 
        1016, 
        1017, 
        1018, 
        1019, 
        1022, 
        1025, 
        1026, 
        1028, 
        1029, 
        1032, 
        1134, 
        1135, 
        1137, 
        1138, 
        1139, 
        1140, 
        1141, 
        1144, 
        1145, 
        1148, 
        1149, 
        1150, 
        1151, 
        1152, 
        1153, 
        1154, 
        1155, 
        1156, 
        1157, 
        1158, 
        1159, 
        1160, 
        1161, 
        1165, 
        1166, 
        1167, 
        1170, 
        1173, 
        1174, 
        1176, 
        1180, 
        1182, 
        1183, 
        1184, 
        1185, 
        1186, 
        1199, 
        1279, 
        1280, 
        1281, 
        1282, 
        1285, 
        1287, 
        1288, 
        1289, 
        1292, 
        1294, 
        1295, 
        1299, 
        1301, 
        1302, 
        1303, 
        1305, 
        1306, 
        1307, 
        1308, 
        1309, 
        1310, 
        1311, 
        1312, 
        1313, 
        1314, 
        1315, 
        1316, 
        1317, 
        1318, 
        1319, 
        1320, 
        1321, 
        1322, 
        1323, 
        1324, 
        1325, 
        1326, 
        1327, 
        1328, 
        1330, 
        1379, 
        1393, 
        1394, 
        1395, 
        1396, 
        1401, 
        1402, 
        1403, 
        1407, 
        1408, 
        1410, 
        1411, 
        1416, 
        1418, 
        1419, 
        1420, 
        1421, 
        1422, 
        1423, 
        1424, 
        1425, 
        1426, 
        1427, 
        1428, 
        1429, 
        1430, 
        1431, 
        1432, 
        1434, 
        1435, 
        1436, 
        1437, 
        1438, 
        1602, 
        1608, 
        1609, 
        1610, 
        1611, 
        1612, 
        1613, 
        1614, 
        1615, 
        1616, 
        1618, 
        1620, 
        1621, 
        1622, 
        1628, 
        1629, 
        1633, 
        1634, 
        1637, 
        1638, 
        1641, 
        1642, 
        1643, 
        1644, 
        1645, 
        1646, 
        1647, 
        1648, 
        1649, 
        1650, 
        1652, 
        1653, 
        1654, 
        1655, 
        1656, 
        1659, 
        1660, 
        1661, 
        1663, 
        1665, 
        1667, 
        1668, 
        1669, 
        1673, 
        1978, 
        1989, 
        1991
    ], 
    "changing_point": [
        1, 
        -2
    ], 
    "tool_trajectory_goal_frame": [
        [
            [
                0.5358267949789964, 
                0.844327925502015, 
                0.0, 
                -0.04822441154810968
            ], 
            [
                -0.844327925502015, 
                0.5358267949789965, 
                0.0, 
                0.07598951329518135
            ], 
            [
                0.0, 
                0.0, 
                1.0, 
                0.1
            ], 
            [
                0.0, 
                0.0, 
                0.0, 
                1.0
            ]
        ], 
        [
            [
                0.5358267949789964, 
                0.844327925502015, 
                0.0, 
                -0.04822441154810968
            ], 
            [
                -0.844327925502015, 
                0.5358267949789965, 
                0.0, 
                0.07598951329518135
            ], 
            [
                0.0, 
                0.0, 
                1.0, 
                0.0
            ], 
            [
                0.0, 
                0.0, 
                0.0, 
                1.0
            ]
        ], 
        [
            [
                0.5358267949789964, 
                0.844327925502015, 
                0.0, 
                0.05894094744768961
            ], 
            [
                -0.844327925502015, 
                0.5358267949789965, 
                0.0, 
                -0.09287607180522163
            ], 
            [
                0.0, 
                0.0, 
                1.0, 
                0.0
            ], 
            [
                0.0, 
                0.0, 
                0.0, 
                1.0
            ]
        ], 
        [
            [
                0.5358267949789964, 
                0.844327925502015, 
                0.0, 
                0.05894094744768961
            ], 
            [
                -0.844327925502015, 
                0.5358267949789965, 
                0.0, 
                -0.09287607180522163
            ], 
            [
                0.0, 
                0.0, 
                1.0, 
                0.1
            ], 
            [
                0.0, 
                0.0, 
                0.0, 
                1.0
            ]
        ]
    ], 
    "Teffectivestart_unhoveringstart": [
        [
            0.9999999999999997, 
            -7.493738443457159e-17, 
            0.0, 
            0.14999999999999997
        ], 
        [
            -7.493738443457159e-17, 
            0.9999999999999997, 
            0.0, 
            -1.0820702285750499e-17
        ], 
        [
            0.0, 
            0.0, 
            1.0, 
            0.0
        ], 
        [
            0.0, 
            0.0, 
            0.0, 
            1.0
        ]
    ], 
    "raw sample file path": "learned_samples/ur/simulator/pointcloud/push/meiying_T_push_tool/meiying_tool_target/raw/raw_sample_5.txt", 
    "trajectory_thetas": [
        0.1499999999999999
    ], 
    "tool": "meiying_T_push_tool", 
    "Tworld_goalend": [
        [
            0.9999999999999999, 
            2.3403806471734454e-17, 
            0.0, 
            0.08037401924684948
        ], 
        [
            2.3403806471734454e-17, 
            0.9999999999999999, 
            0.0, 
            -0.12664918882530227
        ], 
        [
            0.0, 
            0.0, 
            1.0, 
            0.0
        ], 
        [
            0.0, 
            0.0, 
            0.0, 
            1.0
        ]
    ], 
    "Tworld_toolend": [
        [
            0.5358267949789965, 
            0.8443279255020151, 
            0.0, 
            0.058940947447689615
        ], 
        [
            -0.8443279255020151, 
            0.5358267949789965, 
            0.0, 
            -0.09287607180522164
        ], 
        [
            0.0, 
            0.0, 
            1.0, 
            0.0
        ], 
        [
            0.0, 
            0.0, 
            0.0, 
            1.0
        ]
    ], 
    "hovering_start": [
        [
            0.5358267949789964, 
            0.844327925502015, 
            0.0, 
            -0.04822441154810968
        ], 
        [
            -0.844327925502015, 
            0.5358267949789965, 
            0.0, 
            0.07598951329518135
        ], 
        [
            0.0, 
            0.0, 
            1.0, 
            0.1
        ], 
        [
            0.0, 
            0.0, 
            0.0, 
            1.0
        ]
    ], 
    "v_start_tool_frame": [
        1.0, 
        -1.8887098965752547e-16, 
        0.0
    ], 
    "task": "push", 
    "unhovering_start": [
        [
            0.5358267949789964, 
            0.844327925502015, 
            0.0, 
            0.05894094744768961
        ], 
        [
            -0.844327925502015, 
            0.5358267949789965, 
            0.0, 
            -0.09287607180522163
        ], 
        [
            0.0, 
            0.0, 
            1.0, 
            0.0
        ], 
        [
            0.0, 
            0.0, 
            0.0, 
            1.0
        ]
    ], 
    "Teffectivestart_hoveringend": [
        [
            0.9999999999999997, 
            -7.493738443457159e-17, 
            0.0, 
            -0.04999999999999995
        ], 
        [
            -7.493738443457159e-17, 
            0.9999999999999997, 
            0.0, 
            -5.931977314436218e-19
        ], 
        [
            0.0, 
            0.0, 
            1.0, 
            0.0
        ], 
        [
            0.0, 
            0.0, 
            0.0, 
            1.0
        ]
    ], 
    "Tworld_toolstart": [
        [
            0.5358267949789963, 
            0.8443279255020149, 
            0.0, 
            -0.021433071799159854
        ], 
        [
            -0.8443279255020149, 
            0.5358267949789965, 
            0.0, 
            0.033773117020080616
        ], 
        [
            0.0, 
            0.0, 
            1.0, 
            0.0
        ], 
        [
            0.0, 
            0.0, 
            0.0, 
            1.0
        ]
    ], 
    "unhovering_end": [
        [
            0.5358267949789964, 
            0.844327925502015, 
            0.0, 
            0.05894094744768961
        ], 
        [
            -0.844327925502015, 
            0.5358267949789965, 
            0.0, 
            -0.09287607180522163
        ], 
        [
            0.0, 
            0.0, 
            1.0, 
            0.1
        ], 
        [
            0.0, 
            0.0, 
            0.0, 
            1.0
        ]
    ], 
    "trajectory_screw_axes": [
        [
            -0.0, 
            -0.0, 
            -0.0, 
            -1.0, 
            1.8887098965752547e-16, 
            -0.0
        ]
    ]
}