{
    "Tworld_goalstart": [
        [
            0.9999999999999999, 
            -6.531288339341493e-18, 
            0.0, 
            0.0
        ], 
        [
            -6.531288339341493e-18, 
            1.0, 
            0.0, 
            0.0
        ], 
        [
            0.0, 
            0.0, 
            1.0, 
            0.0
        ], 
        [
            0.0, 
            0.0, 
            0.0, 
            1.0
        ]
    ], 
    "Teffectivestart_hoveringstart": [
        [
            0.9999999999999998, 
            6.204243957059932e-17, 
            0.0, 
            -0.050000000000000044
        ], 
        [
            6.204243957059932e-17, 
            1.0, 
            0.0, 
            -1.7391759136464648e-17
        ], 
        [
            0.0, 
            0.0, 
            1.0, 
            0.1
        ], 
        [
            0.0, 
            0.0, 
            0.0, 
            1.0
        ]
    ], 
    "hovering_end": [
        [
            0.9685831611286315, 
            -0.24868988716485274, 
            0.0, 
            -0.08717248450157683
        ], 
        [
            0.24868988716485277, 
            0.9685831611286316, 
            0.0, 
            -0.02238208984483675
        ], 
        [
            0.0, 
            0.0, 
            1.0, 
            0.0
        ], 
        [
            0.0, 
            0.0, 
            0.0, 
            1.0
        ]
    ], 
    "sample file path": "learned_samples/ur/simulator/pointcloud/push/meiying_T_push_tool/meiying_tool_target/sample/sample_25.txt", 
    "v_start_goal_frame": [
        0.9685831611286313, 
        0.24868988716485285, 
        0.0
    ], 
    "Teffectiveend_unhoveringend": [
        [
            0.9999999999999998, 
            6.204243957059932e-17, 
            0.0, 
            0.0
        ], 
        [
            6.204243957059932e-17, 
            1.0, 
            0.0, 
            6.91573658776332e-18
        ], 
        [
            0.0, 
            0.0, 
            1.0, 
            0.1
        ], 
        [
            0.0, 
            0.0, 
            0.0, 
            1.0
        ]
    ], 
    "task_type": "pose_change", 
    "goal": "meiying_tool_target", 
    "trajectory": [
        [
            [
                0.9999999999999998, 
                6.204243957059932e-17, 
                0.0, 
                -6.938893903907228e-18
            ], 
            [
                6.204243957059932e-17, 
                1.0, 
                0.0, 
                -9.894983823760696e-20
            ], 
            [
                0.0, 
                0.0, 
                1.0, 
                0.0
            ], 
            [
                0.0, 
                0.0, 
                0.0, 
                1.0
            ]
        ], 
        [
            [
                0.9999999999999998, 
                6.204243957059932e-17, 
                0.0, 
                0.7499999999999998
            ], 
            [
                6.204243957059932e-17, 
                1.0, 
                0.0, 
                2.7732418299485005e-17
            ], 
            [
                0.0, 
                0.0, 
                1.0, 
                0.0
            ], 
            [
                0.0, 
                0.0, 
                0.0, 
                1.0
            ]
        ]
    ], 
    "tool_contact_area_index": [
        158, 
        160, 
        163, 
        164, 
        385, 
        388, 
        390, 
        391, 
        736, 
        747, 
        749, 
        754, 
        1282, 
        1300, 
        1302, 
        1506, 
        1527, 
        2920, 
        2921, 
        2924, 
        2926, 
        2928, 
        2929, 
        2931, 
        2932, 
        2933, 
        4285, 
        4287, 
        4289, 
        4299, 
        4457, 
        4466, 
        4472, 
        4542, 
        4553, 
        4554, 
        4776, 
        4777, 
        4780, 
        4781, 
        4782, 
        4789, 
        6055, 
        6075, 
        6079, 
        6298, 
        6299, 
        6480, 
        6481, 
        6484, 
        6513, 
        6515, 
        7633, 
        7724, 
        7725, 
        7750, 
        7752, 
        7756, 
        7757, 
        7758, 
        7759, 
        7760, 
        7763, 
        7764, 
        7765, 
        7766, 
        7767, 
        7768, 
        7769, 
        7883, 
        7884, 
        7885, 
        7928, 
        7929, 
        7930, 
        7932, 
        7933, 
        7934, 
        7943, 
        7945
    ], 
    "v_start_world_frame": [
        0.9685831611286314, 
        0.24868988716485285, 
        0.0
    ], 
    "Ttool_goal": [
        [
            0.9685831611286315, 
            0.24868988716485277, 
            0.0, 
            0.039999999999999925
        ], 
        [
            -0.24868988716485274, 
            0.9685831611286316, 
            0.0, 
            -9.197319665032911e-18
        ], 
        [
            0.0, 
            0.0, 
            1.0, 
            0.0
        ], 
        [
            0.0, 
            0.0, 
            0.0, 
            1.0
        ]
    ], 
    "tool_trajectory_world_frame": [
        [
            [
                0.9685831611286316, 
                -0.24868988716485277, 
                0.0, 
                -0.08717248450157684
            ], 
            [
                0.24868988716485277, 
                0.9685831611286316, 
                0.0, 
                -0.02238208984483675
            ], 
            [
                0.0, 
                0.0, 
                1.0, 
                0.1
            ], 
            [
                0.0, 
                0.0, 
                0.0, 
                1.0
            ]
        ], 
        [
            [
                0.9685831611286316, 
                -0.24868988716485277, 
                0.0, 
                -0.08717248450157684
            ], 
            [
                0.24868988716485277, 
                0.9685831611286316, 
                0.0, 
                -0.02238208984483675
            ], 
            [
                0.0, 
                0.0, 
                1.0, 
                0.0
            ], 
            [
                0.0, 
                0.0, 
                0.0, 
                1.0
            ]
        ], 
        [
            [
                0.9685831611286316, 
                -0.24868988716485277, 
                0.0, 
                0.6876940444013285
            ], 
            [
                0.24868988716485277, 
                0.9685831611286316, 
                0.0, 
                0.17656981988704548
            ], 
            [
                0.0, 
                0.0, 
                1.0, 
                0.0
            ], 
            [
                0.0, 
                0.0, 
                0.0, 
                1.0
            ]
        ], 
        [
            [
                0.9685831611286316, 
                -0.24868988716485277, 
                0.0, 
                0.6876940444013285
            ], 
            [
                0.24868988716485277, 
                0.9685831611286316, 
                0.0, 
                0.17656981988704548
            ], 
            [
                0.0, 
                0.0, 
                1.0, 
                0.1
            ], 
            [
                0.0, 
                0.0, 
                0.0, 
                1.0
            ]
        ]
    ], 
    "goal_contact_area_index": [
        6455, 
        6457, 
        6458, 
        6459, 
        6462, 
        6464, 
        6465, 
        6466, 
        6470, 
        6474, 
        6477, 
        6478, 
        6532, 
        6534, 
        6535, 
        6537, 
        6538, 
        6539, 
        6540, 
        6575, 
        6576, 
        6577, 
        6578, 
        6579, 
        6580, 
        6581, 
        6582, 
        6583, 
        6584, 
        6585, 
        6586, 
        6587, 
        6623, 
        6626, 
        6629, 
        6631, 
        6635, 
        6638, 
        6639, 
        6644, 
        6671, 
        6672, 
        6673, 
        6674, 
        6675, 
        6676, 
        6677, 
        6678, 
        6679, 
        6680, 
        6681, 
        6682, 
        6683, 
        6684, 
        6685, 
        6686, 
        6687, 
        6688, 
        6689, 
        6690, 
        6691, 
        6692, 
        6693, 
        6695, 
        6696, 
        6698
    ], 
    "changing_point": [
        1, 
        -2
    ], 
    "tool_trajectory_goal_frame": [
        [
            [
                0.9685831611286315, 
                -0.24868988716485274, 
                0.0, 
                -0.08717248450157683
            ], 
            [
                0.24868988716485277, 
                0.9685831611286316, 
                0.0, 
                -0.02238208984483675
            ], 
            [
                0.0, 
                0.0, 
                1.0, 
                0.1
            ], 
            [
                0.0, 
                0.0, 
                0.0, 
                1.0
            ]
        ], 
        [
            [
                0.9685831611286315, 
                -0.24868988716485274, 
                0.0, 
                -0.08717248450157683
            ], 
            [
                0.24868988716485277, 
                0.9685831611286316, 
                0.0, 
                -0.02238208984483675
            ], 
            [
                0.0, 
                0.0, 
                1.0, 
                0.0
            ], 
            [
                0.0, 
                0.0, 
                0.0, 
                1.0
            ]
        ], 
        [
            [
                0.9685831611286315, 
                -0.24868988716485274, 
                0.0, 
                0.6876940444013284
            ], 
            [
                0.24868988716485277, 
                0.9685831611286316, 
                0.0, 
                0.17656981988704548
            ], 
            [
                0.0, 
                0.0, 
                1.0, 
                0.0
            ], 
            [
                0.0, 
                0.0, 
                0.0, 
                1.0
            ]
        ], 
        [
            [
                0.9685831611286315, 
                -0.24868988716485274, 
                0.0, 
                0.6876940444013284
            ], 
            [
                0.24868988716485277, 
                0.9685831611286316, 
                0.0, 
                0.17656981988704548
            ], 
            [
                0.0, 
                0.0, 
                1.0, 
                0.1
            ], 
            [
                0.0, 
                0.0, 
                0.0, 
                1.0
            ]
        ]
    ], 
    "Teffectivestart_unhoveringstart": [
        [
            0.9999999999999998, 
            6.204243957059932e-17, 
            0.0, 
            0.7499999999999998
        ], 
        [
            6.204243957059932e-17, 
            1.0, 
            0.0, 
            2.5473992538359323e-17
        ], 
        [
            0.0, 
            0.0, 
            1.0, 
            0.0
        ], 
        [
            0.0, 
            0.0, 
            0.0, 
            1.0
        ]
    ], 
    "raw sample file path": "learned_samples/ur/simulator/pointcloud/push/meiying_T_push_tool/meiying_tool_target/raw/raw_sample_25.txt", 
    "trajectory_thetas": [
        0.7499999999999997
    ], 
    "tool": "meiying_T_push_tool", 
    "Tworld_goalend": [
        [
            0.9999999999999999, 
            -6.531288339341493e-18, 
            0.0, 
            0.7264373708464738
        ], 
        [
            -6.531288339341493e-18, 
            1.0, 
            0.0, 
            0.18651741537363958
        ], 
        [
            0.0, 
            0.0, 
            1.0, 
            0.0
        ], 
        [
            0.0, 
            0.0, 
            0.0, 
            1.0
        ]
    ], 
    "Tworld_toolend": [
        [
            0.9685831611286316, 
            -0.24868988716485277, 
            0.0, 
            0.6876940444013285
        ], 
        [
            0.24868988716485277, 
            0.9685831611286316, 
            0.0, 
            0.17656981988704548
        ], 
        [
            0.0, 
            0.0, 
            1.0, 
            0.0
        ], 
        [
            0.0, 
            0.0, 
            0.0, 
            1.0
        ]
    ], 
    "hovering_start": [
        [
            0.9685831611286315, 
            -0.24868988716485274, 
            0.0, 
            -0.08717248450157683
        ], 
        [
            0.24868988716485277, 
            0.9685831611286316, 
            0.0, 
            -0.02238208984483675
        ], 
        [
            0.0, 
            0.0, 
            1.0, 
            0.1
        ], 
        [
            0.0, 
            0.0, 
            0.0, 
            1.0
        ]
    ], 
    "v_start_tool_frame": [
        1.0, 
        9.915093042089617e-17, 
        0.0
    ], 
    "task": "push", 
    "unhovering_start": [
        [
            0.9685831611286315, 
            -0.24868988716485274, 
            0.0, 
            0.6876940444013284
        ], 
        [
            0.24868988716485277, 
            0.9685831611286316, 
            0.0, 
            0.17656981988704548
        ], 
        [
            0.0, 
            0.0, 
            1.0, 
            0.0
        ], 
        [
            0.0, 
            0.0, 
            0.0, 
            1.0
        ]
    ], 
    "Teffectivestart_hoveringend": [
        [
            0.9999999999999998, 
            6.204243957059932e-17, 
            0.0, 
            -0.050000000000000044
        ], 
        [
            6.204243957059932e-17, 
            1.0, 
            0.0, 
            -1.7391759136464648e-17
        ], 
        [
            0.0, 
            0.0, 
            1.0, 
            0.0
        ], 
        [
            0.0, 
            0.0, 
            0.0, 
            1.0
        ]
    ], 
    "Tworld_toolstart": [
        [
            0.9685831611286314, 
            -0.2486898871648527, 
            0.0, 
            -0.03874332644514518
        ], 
        [
            0.24868988716485277, 
            0.9685831611286316, 
            0.0, 
            -0.009947595486594083
        ], 
        [
            0.0, 
            0.0, 
            1.0, 
            0.0
        ], 
        [
            0.0, 
            0.0, 
            0.0, 
            1.0
        ]
    ], 
    "unhovering_end": [
        [
            0.9685831611286315, 
            -0.24868988716485274, 
            0.0, 
            0.6876940444013284
        ], 
        [
            0.24868988716485277, 
            0.9685831611286316, 
            0.0, 
            0.17656981988704548
        ], 
        [
            0.0, 
            0.0, 
            1.0, 
            0.1
        ], 
        [
            0.0, 
            0.0, 
            0.0, 
            1.0
        ]
    ], 
    "trajectory_screw_axes": [
        [
            -0.0, 
            -0.0, 
            -0.0, 
            -1.0, 
            -9.915093042089617e-17, 
            -0.0
        ]
    ]
}