{
    "Tworld_goalstart": [
        [
            0.9999999999999999, 
            -2.4936262275483086e-17, 
            0.0, 
            0.0
        ], 
        [
            -2.4936262275483086e-17, 
            0.9999999999999999, 
            0.0, 
            0.0
        ], 
        [
            0.0, 
            0.0, 
            1.0, 
            0.0
        ], 
        [
            0.0, 
            0.0, 
            0.0, 
            1.0
        ]
    ], 
    "Teffectivestart_hoveringstart": [
        [
            0.9999999999999996, 
            -2.0973206545520682e-17, 
            0.0, 
            -0.04999999999999992
        ], 
        [
            -2.0973206545520682e-17, 
            0.9999999999999996, 
            0.0, 
            -5.293069090681049e-17
        ], 
        [
            0.0, 
            0.0, 
            1.0, 
            0.1
        ], 
        [
            0.0, 
            0.0, 
            0.0, 
            1.0
        ]
    ], 
    "hovering_end": [
        [
            0.7289686274214123, 
            -0.6845471059286875, 
            0.0, 
            -0.0656071764679271
        ], 
        [
            0.6845471059286875, 
            0.7289686274214123, 
            0.0, 
            -0.061609239533581876
        ], 
        [
            0.0, 
            0.0, 
            1.0, 
            0.0
        ], 
        [
            0.0, 
            0.0, 
            0.0, 
            1.0
        ]
    ], 
    "sample file path": "learned_samples/ur/simulator/pointcloud/push/meiying_T_push_tool/meiying_tool_target/sample/sample_23.txt", 
    "v_start_goal_frame": [
        0.7289686274214122, 
        0.6845471059286872, 
        0.0
    ], 
    "Teffectiveend_unhoveringend": [
        [
            0.9999999999999996, 
            -2.0973206545520682e-17, 
            0.0, 
            0.0
        ], 
        [
            -2.0973206545520682e-17, 
            0.9999999999999996, 
            0.0, 
            2.23461085391397e-17
        ], 
        [
            0.0, 
            0.0, 
            1.0, 
            0.1
        ], 
        [
            0.0, 
            0.0, 
            0.0, 
            1.0
        ]
    ], 
    "task_type": "pose_change", 
    "goal": "meiying_tool_target", 
    "trajectory": [
        [
            [
                0.9999999999999996, 
                -2.0973206545520682e-17, 
                0.0, 
                0.0
            ], 
            [
                -2.0973206545520682e-17, 
                0.9999999999999996, 
                0.0, 
                2.0468233790622035e-19
            ], 
            [
                0.0, 
                0.0, 
                1.0, 
                0.0
            ], 
            [
                0.0, 
                0.0, 
                0.0, 
                1.0
            ]
        ], 
        [
            [
                0.9999999999999996, 
                -2.0973206545520682e-17, 
                0.0, 
                0.6899999999999997
            ], 
            [
                -2.0973206545520682e-17, 
                0.9999999999999996, 
                0.0, 
                -7.47984061155615e-17
            ], 
            [
                0.0, 
                0.0, 
                1.0, 
                0.0
            ], 
            [
                0.0, 
                0.0, 
                0.0, 
                1.0
            ]
        ]
    ], 
    "tool_contact_area_index": [
        162, 
        164, 
        166, 
        382, 
        386, 
        387, 
        389, 
        391, 
        411, 
        420, 
        421, 
        738, 
        747, 
        748, 
        753, 
        1296, 
        1297, 
        1299, 
        1301, 
        1304, 
        1305, 
        1306, 
        1309, 
        1527, 
        2597, 
        2598, 
        2599, 
        2919, 
        2924, 
        2925, 
        2926, 
        2927, 
        2928, 
        2930, 
        2932, 
        2933, 
        2935, 
        2944, 
        4281, 
        4282, 
        4287, 
        4288, 
        4290, 
        4299, 
        4539, 
        4540, 
        4541, 
        4550, 
        4552, 
        4565, 
        4776, 
        4778, 
        4779, 
        4780, 
        4781, 
        4782, 
        4795, 
        4799, 
        6301, 
        6480, 
        6481, 
        7723, 
        7726, 
        7736, 
        7737, 
        7738, 
        7739, 
        7740, 
        7741, 
        7742, 
        7743, 
        7748, 
        7749, 
        7750, 
        7753, 
        7754, 
        7758, 
        7759, 
        7760, 
        7761, 
        7762, 
        7763, 
        7764, 
        7765, 
        7766, 
        7767, 
        7768, 
        7887, 
        7917, 
        7918, 
        7919, 
        7922, 
        7925, 
        7928, 
        7929, 
        7930, 
        7931, 
        7932, 
        7933, 
        7934, 
        7935, 
        7936, 
        7937, 
        7938, 
        7939, 
        7940, 
        7941, 
        7942, 
        7943, 
        7944, 
        7945, 
        7946, 
        7947, 
        7948
    ], 
    "v_start_world_frame": [
        0.7289686274214123, 
        0.6845471059286873, 
        0.0
    ], 
    "Ttool_goal": [
        [
            0.7289686274214123, 
            0.6845471059286875, 
            0.0, 
            0.040000000000000036
        ], 
        [
            -0.6845471059286875, 
            0.7289686274214123, 
            0.0, 
            -4.477439547079904e-17
        ], 
        [
            0.0, 
            0.0, 
            1.0, 
            0.0
        ], 
        [
            0.0, 
            0.0, 
            0.0, 
            1.0
        ]
    ], 
    "tool_trajectory_world_frame": [
        [
            [
                0.7289686274214124, 
                -0.6845471059286876, 
                0.0, 
                -0.06560717646792712
            ], 
            [
                0.6845471059286876, 
                0.7289686274214124, 
                0.0, 
                -0.06160923953358188
            ], 
            [
                0.0, 
                0.0, 
                1.0, 
                0.1
            ], 
            [
                0.0, 
                0.0, 
                0.0, 
                1.0
            ]
        ], 
        [
            [
                0.7289686274214124, 
                -0.6845471059286876, 
                0.0, 
                -0.06560717646792712
            ], 
            [
                0.6845471059286876, 
                0.7289686274214124, 
                0.0, 
                -0.06160923953358188
            ], 
            [
                0.0, 
                0.0, 
                1.0, 
                0.0
            ], 
            [
                0.0, 
                0.0, 
                0.0, 
                1.0
            ]
        ], 
        [
            [
                0.7289686274214124, 
                -0.6845471059286876, 
                0.0, 
                0.47382960782391803
            ], 
            [
                0.6845471059286876, 
                0.7289686274214124, 
                0.0, 
                0.4449556188536469
            ], 
            [
                0.0, 
                0.0, 
                1.0, 
                0.0
            ], 
            [
                0.0, 
                0.0, 
                0.0, 
                1.0
            ]
        ], 
        [
            [
                0.7289686274214124, 
                -0.6845471059286876, 
                0.0, 
                0.47382960782391803
            ], 
            [
                0.6845471059286876, 
                0.7289686274214124, 
                0.0, 
                0.4449556188536469
            ], 
            [
                0.0, 
                0.0, 
                1.0, 
                0.1
            ], 
            [
                0.0, 
                0.0, 
                0.0, 
                1.0
            ]
        ]
    ], 
    "goal_contact_area_index": [
        5206, 
        5283, 
        5435, 
        5439, 
        5441, 
        5443, 
        5444, 
        5446, 
        5447, 
        5448, 
        5449, 
        5643, 
        5644, 
        5645, 
        5646, 
        5647, 
        5648, 
        5649, 
        5650, 
        5651, 
        5652, 
        5653, 
        5656, 
        5658, 
        5659, 
        5660, 
        5661, 
        5663, 
        5664, 
        5665, 
        5862, 
        5863, 
        5864, 
        5865, 
        5866, 
        5867, 
        5868, 
        5869, 
        5870, 
        5871, 
        5872, 
        5873, 
        5874, 
        5875, 
        5876, 
        5877, 
        5878, 
        5879, 
        5880, 
        5881, 
        5882, 
        5883, 
        5885, 
        5886, 
        5887, 
        5889, 
        5890, 
        5891, 
        5892, 
        5893, 
        5894, 
        5895, 
        5896, 
        5897, 
        5900, 
        5901, 
        5902, 
        5904, 
        5905, 
        5906, 
        5908, 
        5911, 
        5912, 
        6119, 
        6120, 
        6121, 
        6123, 
        6124, 
        6125, 
        6126, 
        6127, 
        6128, 
        6129, 
        6131, 
        6134, 
        6135, 
        6281, 
        6282, 
        6283, 
        6284, 
        6285, 
        6286, 
        6287, 
        6288, 
        6289, 
        6291, 
        6292, 
        6293, 
        6295, 
        6296, 
        6297, 
        6298, 
        6299, 
        6307, 
        6454, 
        6456, 
        6459, 
        6460, 
        6463, 
        6464, 
        6465, 
        6466, 
        6469, 
        6474, 
        6476, 
        6479, 
        6480, 
        6481, 
        6482, 
        6484, 
        6489, 
        9523
    ], 
    "changing_point": [
        1, 
        -2
    ], 
    "tool_trajectory_goal_frame": [
        [
            [
                0.7289686274214123, 
                -0.6845471059286875, 
                0.0, 
                -0.0656071764679271
            ], 
            [
                0.6845471059286875, 
                0.7289686274214123, 
                0.0, 
                -0.061609239533581876
            ], 
            [
                0.0, 
                0.0, 
                1.0, 
                0.1
            ], 
            [
                0.0, 
                0.0, 
                0.0, 
                1.0
            ]
        ], 
        [
            [
                0.7289686274214123, 
                -0.6845471059286875, 
                0.0, 
                -0.0656071764679271
            ], 
            [
                0.6845471059286875, 
                0.7289686274214123, 
                0.0, 
                -0.061609239533581876
            ], 
            [
                0.0, 
                0.0, 
                1.0, 
                0.0
            ], 
            [
                0.0, 
                0.0, 
                0.0, 
                1.0
            ]
        ], 
        [
            [
                0.7289686274214123, 
                -0.6845471059286875, 
                0.0, 
                0.473829607823918
            ], 
            [
                0.6845471059286875, 
                0.7289686274214123, 
                0.0, 
                0.4449556188536468
            ], 
            [
                0.0, 
                0.0, 
                1.0, 
                0.0
            ], 
            [
                0.0, 
                0.0, 
                0.0, 
                1.0
            ]
        ], 
        [
            [
                0.7289686274214123, 
                -0.6845471059286875, 
                0.0, 
                0.473829607823918
            ], 
            [
                0.6845471059286875, 
                0.7289686274214123, 
                0.0, 
                0.4449556188536468
            ], 
            [
                0.0, 
                0.0, 
                1.0, 
                0.1
            ], 
            [
                0.0, 
                0.0, 
                0.0, 
                1.0
            ]
        ]
    ], 
    "Teffectivestart_unhoveringstart": [
        [
            0.9999999999999996, 
            -2.0973206545520682e-17, 
            0.0, 
            0.6899999999999997
        ], 
        [
            -2.0973206545520682e-17, 
            0.9999999999999996, 
            0.0, 
            -7.793943816291716e-17
        ], 
        [
            0.0, 
            0.0, 
            1.0, 
            0.0
        ], 
        [
            0.0, 
            0.0, 
            0.0, 
            1.0
        ]
    ], 
    "raw sample file path": "learned_samples/ur/simulator/pointcloud/push/meiying_T_push_tool/meiying_tool_target/raw/raw_sample_23.txt", 
    "trajectory_thetas": [
        0.6899999999999994
    ], 
    "tool": "meiying_T_push_tool", 
    "Tworld_goalend": [
        [
            0.9999999999999999, 
            -2.4936262275483086e-17, 
            0.0, 
            0.5029883529207746
        ], 
        [
            -2.4936262275483086e-17, 
            0.9999999999999999, 
            0.0, 
            0.4723375030907944
        ], 
        [
            0.0, 
            0.0, 
            1.0, 
            0.0
        ], 
        [
            0.0, 
            0.0, 
            0.0, 
            1.0
        ]
    ], 
    "Tworld_toolend": [
        [
            0.7289686274214124, 
            -0.6845471059286876, 
            0.0, 
            0.47382960782391803
        ], 
        [
            0.6845471059286876, 
            0.7289686274214124, 
            0.0, 
            0.4449556188536469
        ], 
        [
            0.0, 
            0.0, 
            1.0, 
            0.0
        ], 
        [
            0.0, 
            0.0, 
            0.0, 
            1.0
        ]
    ], 
    "hovering_start": [
        [
            0.7289686274214123, 
            -0.6845471059286875, 
            0.0, 
            -0.0656071764679271
        ], 
        [
            0.6845471059286875, 
            0.7289686274214123, 
            0.0, 
            -0.061609239533581876
        ], 
        [
            0.0, 
            0.0, 
            1.0, 
            0.1
        ], 
        [
            0.0, 
            0.0, 
            0.0, 
            1.0
        ]
    ], 
    "v_start_tool_frame": [
        1.0, 
        -1.2967333473895223e-16, 
        0.0
    ], 
    "task": "push", 
    "unhovering_start": [
        [
            0.7289686274214123, 
            -0.6845471059286875, 
            0.0, 
            0.473829607823918
        ], 
        [
            0.6845471059286875, 
            0.7289686274214123, 
            0.0, 
            0.4449556188536468
        ], 
        [
            0.0, 
            0.0, 
            1.0, 
            0.0
        ], 
        [
            0.0, 
            0.0, 
            0.0, 
            1.0
        ]
    ], 
    "Teffectivestart_hoveringend": [
        [
            0.9999999999999996, 
            -2.0973206545520682e-17, 
            0.0, 
            -0.04999999999999992
        ], 
        [
            -2.0973206545520682e-17, 
            0.9999999999999996, 
            0.0, 
            -5.293069090681049e-17
        ], 
        [
            0.0, 
            0.0, 
            1.0, 
            0.0
        ], 
        [
            0.0, 
            0.0, 
            0.0, 
            1.0
        ]
    ], 
    "Tworld_toolstart": [
        [
            0.7289686274214122, 
            -0.6845471059286874, 
            0.0, 
            -0.029158745096856547
        ], 
        [
            0.6845471059286874, 
            0.7289686274214122, 
            0.0, 
            -0.02738188423714749
        ], 
        [
            0.0, 
            0.0, 
            1.0, 
            0.0
        ], 
        [
            0.0, 
            0.0, 
            0.0, 
            1.0
        ]
    ], 
    "unhovering_end": [
        [
            0.7289686274214123, 
            -0.6845471059286875, 
            0.0, 
            0.473829607823918
        ], 
        [
            0.6845471059286875, 
            0.7289686274214123, 
            0.0, 
            0.4449556188536468
        ], 
        [
            0.0, 
            0.0, 
            1.0, 
            0.1
        ], 
        [
            0.0, 
            0.0, 
            0.0, 
            1.0
        ]
    ], 
    "trajectory_screw_axes": [
        [
            -0.0, 
            -0.0, 
            -0.0, 
            -1.0, 
            1.2967333473895223e-16, 
            -0.0
        ]
    ]
}